"pitch_type","game_date","release_speed","release_pos_x","release_pos_z","player_name","batter","pitcher","events","description","spin_dir","spin_rate_deprecated","break_angle_deprecated","break_length_deprecated","zone","des","game_type","stand","p_throws","home_team","away_team","type","hit_location","bb_type","balls","strikes","game_year","pfx_x","pfx_z","plate_x","plate_z","on_3b","on_2b","on_1b","outs_when_up","inning","inning_topbot","hc_x","hc_y","tfs_deprecated","tfs_zulu_deprecated","pos2_person_id","umpire","sv_id","vx0","vy0","vz0","ax","ay","az","sz_top","sz_bot","hit_distance_sc","launch_speed","launch_angle","effective_speed","release_spin_rate","release_extension","game_pk","pos1_person_id","pos2_person_id","pos3_person_id","pos4_person_id","pos5_person_id","pos6_person_id","pos7_person_id","pos8_person_id","pos9_person_id","release_pos_y","estimated_ba_using_speedangle","estimated_woba_using_speedangle","woba_value","woba_denom","babip_value","iso_value","launch_speed_angle","at_bat_number","pitch_number"
"SL","2012-10-02","83.7","null","null","Joe Kelly",408252,523260,"field_out","hit_into_play",,,,,"4","Brandon Phillips flies out to center fielder Jon Jay.","R","R","R","STL","CIN","X","8","fly_ball",2,2,2012,"0.92070833333333333333","0.16130000000000000000","-0.7520","2.5740","null","null","null",2,9,"Top","143.57","65.26",,,"null",,"null",,,,,,,"3.1500","1.5100","null","null","null","null","null","null",320139,"null","null","null","null","null","null","null","null","null","null","null","null","0.00",1,0,0,"null",68,"5"
"CH","2012-10-02","86.5","null","null","Joe Kelly",408252,523260,"null","foul",,,,,"13","null","R","R","R","STL","CIN","S","null","null",2,1,2012,"-1.7596416666666667","0.29030000000000000000","-0.8880","1.7650","null","null","null",2,9,"Top","null","null",,,"null",,"null",,,,,,,"3.1500","1.5100","null","null","null","null","null","null",320139,"null","null","null","null","null","null","null","null","null","null","null","null","null","null","null","null","null",68,"4"
"SL","2012-10-02","83.0","null","null","Joe Kelly",408252,523260,"null","called_strike",,,,,"4","null","R","R","R","STL","CIN","S","null","null",2,0,2012,"0.53800000000000000000","-0.01500000000000000000","-0.4530","2.0770","null","null","null",2,9,"Top","null","null",,,"null",,"null",,,,,,,"2.9900","1.4400","null","null","null","null","null","null",320139,"null","null","null","null","null","null","null","null","null","null","null","null","null","null","null","null","null",68,"3"
"SL","2012-10-02","83.4","null","null","Joe Kelly",408252,523260,"null","ball",,,,,"14","null","R","R","R","STL","CIN","B","null","null",1,0,2012,"0.40300833333333333333","-0.30310000000000000000","0.9970","1.7720","null","null","null",2,9,"Top","null","null",,,"null",,"null",,,,,,,"3.0700","1.4400","null","null","null","null","null","null",320139,"null","null","null","null","null","null","null","null","null","null","null","null","null","null","null","null","null",68,"2"
"SL","2012-10-02","84.1","null","null","Joe Kelly",408252,523260,"null","ball",,,,,"14","null","R","R","R","STL","CIN","B","null","null",0,0,2012,"0.37656666666666666667","0.11256666666666666667","1.5750","0.0690","null","null","null",2,9,"Top","null","null",,,"null",,"null",,,,,,,"3.0700","1.4700","null","null","null","null","null","null",320139,"null","null","null","null","null","null","null","null","null","null","null","null","null","null","null","null","null",68,"1"
"CH","2012-10-02","88.0","null","null","Joe Kelly",449082,523260,"field_out","hit_into_play",,,,,"13","Xavier Paul flies out to right fielder Carlos Beltran.","R","L","R","STL","CIN","X","9","fly_ball",0,0,2012,"-1.8139166666666667","0.46946666666666666667","-0.9580","2.3360","null","null","null",1,9,"Top","147.59","83.33",,,"null",,"null",,,,,,,"3.3200","1.6100","null","null","null","null","null","null",320139,"null","null","null","null","null","null","null","null","null","null","null","null","0.00",1,0,0,"null",67,"1"
"SI","2012-10-02","94.9","null","null","Joe Kelly",453211,523260,"field_out","hit_into_play",,,,,"11","Drew Stubbs grounds out softly, second baseman Daniel Descalso to first baseman Allen Craig.","R","R","R","STL","CIN","X","4","ground_ball",3,2,2012,"-1.5662000000000000","0.60706666666666666667","-1.4730","3.1640","null","null","null",0,9,"Top","137.55","155.62",,,"null",,"null",,,,,,,"3.5700","1.6500","null","null","null","null","null","null",320139,"null","null","null","null","null","null","null","null","null","null","null","null","0.00",1,0,0,"null",66,"6"
"SI","2012-10-02","96.3","null","null","Joe Kelly",453211,523260,"null","foul",,,,,"4","null","R","R","R","STL","CIN","S","null","null",3,1,2012,"-1.4840916666666667","0.71170000000000000000","-0.3410","2.8780","null","null","null",0,9,"Top","null","null",,,"null",,"null",,,,,,,"3.5700","1.6500","null","null","null","null","null","null",320139,"null","null","null","null","null","null","null","null","null","null","null","null","null","null","null","null","null",66,"5"
"SI","2012-10-02","94.4","null","null","Joe Kelly",453211,523260,"null","ball",,,,,"13","null","R","R","R","STL","CIN","B","null","null",2,1,2012,"-1.7415500000000000","0.64433333333333333333","-0.2650","0.4580","null","null","null",0,9,"Top","null","null",,,"null",,"null",,,,,,,"3.5200","1.5700","null","null","null","null","null","null",320139,"null","null","null","null","null","null","null","null","null","null","null","null","null","null","null","null","null",66,"4"
"SI","2012-10-02","94.8","null","null","Joe Kelly",453211,523260,"null","ball",,,,,"11","null","R","R","R","STL","CIN","B","null","null",1,1,2012,"-1.6552666666666667","0.69163333333333333333","-2.3420","2.9340","null","null","null",0,9,"Top","null","null",,,"null",,"null",,,,,,,"3.5600","1.5700","null","null","null","null","null","null",320139,"null","null","null","null","null","null","null","null","null","null","null","null","null","null","null","null","null",66,"3"
"SI","2012-10-02","94.6","null","null","Joe Kelly",453211,523260,"null","ball",,,,,"14","null","R","R","R","STL","CIN","B","null","null",0,1,2012,"-1.4506916666666667","0.93386666666666666667","0.3590","1.4750","null","null","null",0,9,"Top","null","null",,,"null",,"null",,,,,,,"3.5500","1.6000","null","null","null","null","null","null",320139,"null","null","null","null","null","null","null","null","null","null","null","null","null","null","null","null","null",66,"2"
"SL","2012-10-02","80.8","null","null","Joe Kelly",453211,523260,"null","foul",,,,,"5","null","R","R","R","STL","CIN","S","null","null",0,0,2012,"0.67577500000000000000","0.06956666666666666667","0.2440","2.4540","null","null","null",0,9,"Top","null","null",,,"null",,"null",,,,,,,"3.5700","1.6500","null","null","null","null","null","null",320139,"null","null","null","null","null","null","null","null","null","null","null","null","null","null","null","null","null",66,"1"
"SI","2012-10-02","96.1","null","null","Joe Kelly",425900,523260,"field_out","hit_into_play",,,,,"7","Dioner Navarro lines out to center fielder Jon Jay.","R","L","R","STL","CIN","X","8","line_drive",3,2,2012,"-1.7345916666666667","0.63716666666666666667","-0.5740","2.0050","null","null","121409.00",2,8,"Top","120.48","85.34",,,"null",,"null",,,,,,,"3.2400","1.5800","null","null","null","null","null","null",320139,"null","null","null","null","null","null","null","null","null","null","null","null","0.00",1,0,0,"null",62,"8"
"SI","2012-10-02","96.5","null","null","Joe Kelly",425900,523260,"null","foul",,,,,"11","null","R","L","R","STL","CIN","S","null","null",3,2,2012,"-1.6302166666666667","0.59990000000000000000","-1.0010","2.9650","null","null","121409.00",2,8,"Top","null","null",,,"null",,"null",,,,,,,"3.2400","1.5800","null","null","null","null","null","null",320139,"null","null","null","null","null","null","null","null","null","null","null","null","null","null","null","null","null",62,"7"
"CH","2012-10-02","86.2","null","null","Joe Kelly",425900,523260,"null","ball",,,,,"13","null","R","L","R","STL","CIN","B","null","null",2,2,2012,"-1.6302166666666667","0.31036666666666666667","-1.8640","1.0850","null","null","121409.00",2,8,"Top","null","null",,,"null",,"null",,,,,,,"3.1900","1.6300","null","null","null","null","null","null",320139,"null","null","null","null","null","null","null","null","null","null","null","null","null","null","null","null","null",62,"6"
"CH","2012-10-02","88.2","null","null","Joe Kelly",425900,523260,"null","ball",,,,,"14","null","R","L","R","STL","CIN","B","null","null",1,2,2012,"-1.8584500000000000","0.28170000000000000000","0.5020","0.9060","null","null","121409.00",2,8,"Top","null","null",,,"null",,"null",,,,,,,"3.1500","1.5500","null","null","null","null","null","null",320139,"null","null","null","null","null","null","null","null","null","null","null","null","null","null","null","null","null",62,"5"
"SI","2012-10-02","96.3","null","null","Joe Kelly",425900,523260,"null","foul",,,,,"1","null","R","L","R","STL","CIN","S","null","null",1,2,2012,"-1.6817083333333333","0.78050000000000000000","-0.3470","2.8680","null","null","121409.00",2,8,"Top","null","null",,,"null",,"null",,,,,,,"3.2400","1.5800","null","null","null","null","null","null",320139,"null","null","null","null","null","null","null","null","null","null","null","null","null","null","null","null","null",62,"4"
"SI","2012-10-02","95.6","null","null","Joe Kelly",425900,523260,"null","ball",,,,,"11","null","R","L","R","STL","CIN","B","null","null",0,2,2012,"-1.20575833333333333333","0.78623333333333333333","-1.8620","3.0880","null","null","121409.00",2,8,"Top","null","null",,,"null",,"null",,,,,,,"3.2400","1.5800","null","null","null","null","null","null",320139,"null","null","null","null","null","null","null","null","null","null","null","null","null","null","null","null","null",62,"3"
"SI","2012-10-02","96.5","null","null","Joe Kelly",425900,523260,"null","foul",,,,,"8","null","R","L","R","STL","CIN","S","null","null",0,1,2012,"-1.8584500000000000","0.85216666666666666667","-0.2010","1.9400","null","null","121409.00",2,8,"Top","null","null",,,"null",,"null",,,,,,,"3.2400","1.5800","null","null","null","null","null","null",320139,"null","null","null","null","null","null","null","null","null","null","null","null","null","null","null","null","null",62,"2"
"SI","2012-10-02","96.0","null","null","Joe Kelly",425900,523260,"null","called_strike",,,,,"5","null","R","L","R","STL","CIN","S","null","null",0,0,2012,"-1.7485083333333333","1.02560000000000000000","0.1850","2.3720","null","null","121409.00",2,8,"Top","null","null",,,"null",,"null",,,,,,,"3.3400","1.6300","null","null","null","null","null","null",320139,"null","null","null","null","null","null","null","null","null","null","null","null","null","null","null","null","null",62,"1"
"SI","2012-10-02","95.3","null","null","Joe Kelly",121409,523260,"single","hit_into_play_no_out",,,,,"8","Scott Rolen singles on a ground ball to right fielder Carlos Beltran.","R","R","R","STL","CIN","X","null","ground_ball",3,1,2012,"-1.5049666666666667","0.73320000000000000000","0.0520","2.0660","null","null","null",2,8,"Top","165.66","99.40",,,"null",,"null",,,,,,,"3.4600","1.6600","null","null","null","null","null","null",320139,"null","null","null","null","null","null","null","null","null","null","null","null","0.90",1,1,0,"null",61,"5"
"SI","2012-10-02","95.8","null","null","Joe Kelly",121409,523260,"null","called_strike",,,,,"7","null","R","R","R","STL","CIN","S","null","null",3,0,2012,"-1.7206750000000000","1.05570000000000000000","-0.7970","2.0790","null","null","null",2,8,"Top","null","null",,,"null",,"null",,,,,,,"3.2700","1.6600","null","null","null","null","null","null",320139,"null","null","null","null","null","null","null","null","null","null","null","null","null","null","null","null","null",61,"4"
"SI","2012-10-02","96.7","null","null","Joe Kelly",121409,523260,"null","ball",,,,,"11","null","R","R","R","STL","CIN","B","null","null",2,0,2012,"-1.7846916666666667","0.97400000000000000000","-1.4730","4.1200","null","null","null",2,8,"Top","null","null",,,"null",,"null",,,,,,,"3.3500","1.6600","null","null","null","null","null","null",320139,"null","null","null","null","null","null","null","null","null","null","null","null","null","null","null","null","null",61,"3"
"SI","2012-10-02","96.0","null","null","Joe Kelly",121409,523260,"null","ball",,,,,"11","null","R","R","R","STL","CIN","B","null","null",1,0,2012,"-1.6761416666666667","0.90950000000000000000","-1.9210","2.5830","null","null","null",2,8,"Top","null","null",,,"null",,"null",,,,,,,"3.3900","1.6600","null","null","null","null","null","null",320139,"null","null","null","null","null","null","null","null","null","null","null","null","null","null","null","null","null",61,"2"
"SI","2012-10-02","97.7","null","null","Joe Kelly",121409,523260,"null","ball",,,,,"11","null","R","R","R","STL","CIN","B","null","null",0,0,2012,"-1.2614250000000000","1.2850333333333333","-0.0550","3.6380","null","null","null",2,8,"Top","null","null",,,"null",,"null",,,,,,,"3.3100","1.7600","null","null","null","null","null","null",320139,"null","null","null","null","null","null","null","null","null","null","null","null","null","null","null","null","null",61,"1"
"SI","2012-10-02","96.8","null","null","Joe Kelly",457803,523260,"field_out","hit_into_play",,,,,"9","Jay Bruce grounds out, second baseman Daniel Descalso to first baseman Allen Craig.","R","L","R","STL","CIN","X","4","ground_ball",1,1,2012,"-1.4882666666666667","1.26783333333333333333","0.6490","1.8340","null","null","null",1,8,"Top","137.55","153.61",,,"null",,"null",,,,,,,"3.7400","1.7600","null","null","null","null","null","null",320139,"null","null","null","null","null","null","null","null","null","null","null","null","0.00",1,0,0,"null",60,"3"
"SI","2012-10-02","95.1","null","null","Joe Kelly",457803,523260,"null","foul",,,,,"4","null","R","L","R","STL","CIN","S","null","null",1,0,2012,"-1.4534750000000000","0.70166666666666666667","-0.4470","2.6210","null","null","null",1,8,"Top","null","null",,,"null",,"null",,,,,,,"3.7400","1.7600","null","null","null","null","null","null",320139,"null","null","null","null","null","null","null","null","null","null","null","null","null","null","null","null","null",60,"2"
"SI","2012-10-02","96.2","null","null","Joe Kelly",457803,523260,"null","ball",,,,,"13","null","R","L","R","STL","CIN","B","null","null",0,0,2012,"-1.8347916666666667","0.61710000000000000000","-0.2760","1.1550","null","null","null",1,8,"Top","null","null",,,"null",,"null",,,,,,,"3.7100","1.7600","null","null","null","null","null","null",320139,"null","null","null","null","null","null","null","null","null","null","null","null","null","null","null","null","null",60,"1"
"SI","2012-10-02","95.0","null","null","Joe Kelly",407886,523260,"field_out","hit_into_play",,,,,"11","Ryan Ludwick pops out to second baseman Daniel Descalso.","R","R","R","STL","CIN","X","4","popup",0,1,2012,"-1.4214666666666667","0.68446666666666666667","-1.3160","3.0090","null","null","null",0,8,"Top","138.55","154.62",,,"null",,"null",,,,,,,"3.5700","1.7200","null","null","null","null","null","null",320139,"null","null","null","null","null","null","null","null","null","null","null","null","0.00",1,0,0,"null",59,"2"
"SI","2012-10-02","94.7","null","null","Joe Kelly",407886,523260,"null","foul",,,,,"7","null","R","R","R","STL","CIN","S","null","null",0,0,2012,"-1.5007916666666667","1.11876666666666666667","-0.4680","2.0040","null","null","null",0,8,"Top","null","null",,,"null",,"null",,,,,,,"3.5700","1.7200","null","null","null","null","null","null",320139,"null","null","null","null","null","null","null","null","null","null","null","null","null","null","null","null","null",59,"1"
"SI","2012-09-30","95.8","null","null","Joe Kelly",429710,523260,"field_out","hit_into_play",,,,,"13","Chad Tracy grounds out, shortstop Pete Kozma to first baseman Allen Craig.","R","L","R","STL","WSH","X","6","ground_ball",2,1,2012,"-1.6093416666666667","0.83496666666666666667","-1.2230","1.3230","null","null","null",2,9,"Top","113.45","147.59",,,"null",,"null",,,,,,,"3.3900","1.5900","null","null","null","null","null","null",320118,"null","null","null","null","null","null","null","null","null","null","null","null","0.00",1,0,0,"null",78,"4"
"SI","2012-09-30","89.2","null","null","Joe Kelly",429710,523260,"null","ball",,,,,"13","null","R","L","R","STL","WSH","B","null","null",1,1,2012,"-1.6691833333333333","0.42503333333333333333","-1.3940","2.1040","null","null","null",2,9,"Top","null","null",,,"null",,"null",,,,,,,"3.7400","1.8800","null","null","null","null","null","null",320118,"null","null","null","null","null","null","null","null","null","null","null","null","null","null","null","null","null",78,"3"
"CH","2012-09-30","88.0","null","null","Joe Kelly",429710,523260,"null","ball",,,,,"13","null","R","L","R","STL","WSH","B","null","null",0,1,2012,"-1.8083500000000000","0.65436666666666666667","-0.1220","0.9090","null","null","null",2,9,"Top","null","null",,,"null",,"null",,,,,,,"3.7000","1.7500","null","null","null","null","null","null",320118,"null","null","null","null","null","null","null","null","null","null","null","null","null","null","null","null","null",78,"2"
"SI","2012-09-30","97.4","null","null","Joe Kelly",429710,523260,"null","called_strike",,,,,"5","null","R","L","R","STL","WSH","S","null","null",0,0,2012,"-1.4576500000000000","1.08150000000000000000","-0.0780","2.6320","null","null","null",2,9,"Top","null","null",,,"null",,"null",,,,,,,"3.8600","1.9100","null","null","null","null","null","null",320118,"null","null","null","null","null","null","null","null","null","null","null","null","null","null","null","null","null",78,"1"
"SI","2012-09-30","98.1","null","null","Joe Kelly",435559,523260,"field_out","hit_into_play",,,,,"9","Kurt Suzuki grounds out softly, catcher Yadier Molina to first baseman Allen Craig.","R","R","R","STL","WSH","X","2","ground_ball",2,2,2012,"-1.7220666666666667","1.11590000000000000000","0.5050","1.5500","null","null","null",1,9,"Top","124.50","190.76",,,"null",,"null",,,,,,,"3.3400","1.5100","null","null","null","null","null","null",320118,"null","null","null","null","null","null","null","null","null","null","null","null","0.00",1,0,0,"null",77,"5"
"SL","2012-09-30","83.4","null","null","Joe Kelly",435559,523260,"null","ball",,,,,"11","null","R","R","R","STL","WSH","B","null","null",1,2,2012,"0.56165833333333333333","0.30750000000000000000","-1.3860","4.6530","null","null","null",1,9,"Top","null","null",,,"null",,"null",,,,,,,"3.8000","1.6500","null","null","null","null","null","null",320118,"null","null","null","null","null","null","null","null","null","null","null","null","null","null","null","null","null",77,"4"
"SI","2012-09-30","98.4","null","null","Joe Kelly",435559,523260,"null","ball",,,,,"13","null","R","R","R","STL","WSH","B","null","null",0,2,2012,"-1.4437333333333333","1.4613333333333333","-0.0430","1.3880","null","null","null",1,9,"Top","null","null",,,"null",,"null",,,,,,,"3.7700","1.6500","null","null","null","null","null","null",320118,"null","null","null","null","null","null","null","null","null","null","null","null","null","null","null","null","null",77,"3"
"SI","2012-09-30","98.7","null","null","Joe Kelly",435559,523260,"null","foul",,,,,"1","null","R","R","R","STL","WSH","S","null","null",0,1,2012,"-1.7526833333333333","0.91236666666666666667","-0.5340","3.1570","null","null","null",1,9,"Top","null","null",,,"null",,"null",,,,,,,"3.3400","1.5100","null","null","null","null","null","null",320118,"null","null","null","null","null","null","null","null","null","null","null","null","null","null","null","null","null",77,"2"
"SI","2012-09-30","97.4","null","null","Joe Kelly",435559,523260,"null","called_strike",,,,,"5","null","R","R","R","STL","WSH","S","null","null",0,0,2012,"-1.3504916666666667","1.20763333333333333333","-0.1130","2.4630","null","null","null",1,9,"Top","null","null",,,"null",,"null",,,,,,,"3.7700","1.6100","null","null","null","null","null","null",320118,"null","null","null","null","null","null","null","null","null","null","null","null","null","null","null","null","null",77,"1"
"SI","2012-09-30","98.6","null","null","Joe Kelly",457787,523260,"field_out","hit_into_play",,,,,"6","Danny Espinosa lines out to center fielder Jon Jay.","R","L","R","STL","WSH","X","8","line_drive",0,2,2012,"-1.10973333333333333333","0.94963333333333333333","0.2970","2.3130","null","null","null",0,9,"Top","120.48","90.36",,,"null",,"null",,,,,,,"3.5800","1.6800","null","null","null","null","null","null",320118,"null","null","null","null","null","null","null","null","null","null","null","null","0.00",1,0,0,"null",76,"4"
"SL","2012-09-30","82.7","null","null","Joe Kelly",457787,523260,"null","foul",,,,,"7","null","R","L","R","STL","WSH","S","null","null",0,2,2012,"0.84834166666666666667","-0.82053333333333333333","-0.7300","1.8220","null","null","null",0,9,"Top","null","null",,,"null",,"null",,,,,,,"3.5800","1.6800","null","null","null","null","null","null",320118,"null","null","null","null","null","null","null","null","null","null","null","null","null","null","null","null","null",76,"3"
"SL","2012-09-30","81.6","null","null","Joe Kelly",457787,523260,"null","foul",,,,,"9","null","R","L","R","STL","WSH","S","null","null",0,1,2012,"0.29306666666666666667","-0.69296666666666666667","0.4950","2.0300","null","null","null",0,9,"Top","null","null",,,"null",,"null",,,,,,,"3.5800","1.6800","null","null","null","null","null","null",320118,"null","null","null","null","null","null","null","null","null","null","null","null","null","null","null","null","null",76,"2"
"SI","2012-09-30","96.5","null","null","Joe Kelly",457787,523260,"null","foul",,,,,"1","null","R","L","R","STL","WSH","S","null","null",0,0,2012,"-1.8083500000000000","0.76616666666666666667","-0.5440","3.0910","null","null","null",0,9,"Top","null","null",,,"null",,"null",,,,,,,"3.5800","1.6800","null","null","null","null","null","null",320118,"null","null","null","null","null","null","null","null","null","null","null","null","null","null","null","null","null",76,"1"
"SI","2012-09-28","96.8","null","null","Joe Kelly",136660,523260,"strikeout","foul_tip",,,,,"2","Mark DeRosa strikes out on a foul tip.","R","R","R","STL","WSH","S","null","null",2,2,2012,"-1.6107333333333333","0.74323333333333333333","0.1790","3.0550","null","null","446395.00",2,7,"Top","null","null",,,"null",,"null",,,,,,,"3.6500","1.6700","null","null","null","null","null","null",320088,"null","null","null","null","null","null","null","null","null","null","null","null","0.00",1,0,0,"null",61,"5"
"SI","2012-09-28","95.9","null","null","Joe Kelly",136660,523260,"null","swinging_strike",,,,,"13","null","R","R","R","STL","WSH","S","null","null",2,1,2012,"-1.6831000000000000","0.67300000000000000000","-1.3180","2.4240","null","null","446395.00",2,7,"Top","null","null",,,"null",,"null",,,,,,,"3.6500","1.6700","null","null","null","null","null","null",320088,"null","null","null","null","null","null","null","null","null","null","null","null","null","null","null","null","null",61,"4"
"CH","2012-09-28","88.0","null","null","Joe Kelly",136660,523260,"null","ball",,,,,"6","null","R","R","R","STL","WSH","B","null","null",1,1,2012,"-1.8125250000000000","0.52680000000000000000","0.6520","3.0740","null","null","446395.00",2,7,"Top","null","null",,,"null",,"null",,,,,,,"3.7500","1.8000","null","null","null","null","null","null",320088,"null","null","null","null","null","null","null","null","null","null","null","null","null","null","null","null","null",61,"3"
"SI","2012-09-28","95.4","null","null","Joe Kelly",136660,523260,"null","ball",,,,,"11","null","R","R","R","STL","WSH","B","null","null",0,1,2012,"-1.5049666666666667","0.81203333333333333333","-2.0230","2.8350","null","null","446395.00",2,7,"Top","null","null",,,"null",,"null",,,,,,,"3.6500","1.6700","null","null","null","null","null","null",320088,"null","null","null","null","null","null","null","null","null","null","null","null","null","null","null","null","null",61,"2"
"SI","2012-09-28","94.7","null","null","Joe Kelly",136660,523260,"null","called_strike",,,,,"5","null","R","R","R","STL","WSH","S","null","null",0,0,2012,"-1.2238500000000000","0.74323333333333333333","-0.0120","2.8630","null","null","446395.00",2,7,"Top","null","null",,,"null",,"null",,,,,,,"3.6500","1.6700","null","null","null","null","null","null",320088,"null","null","null","null","null","null","null","null","null","null","null","null","null","null","null","null","null",61,"1"
"SI","2012-09-28","97.3","null","null","Joe Kelly",446395,523260,"walk","ball",,,,,"11","Corey Brown walks.","R","L","R","STL","WSH","B","null","null",3,2,2012,"-1.4576500000000000","0.62713333333333333333","-1.6670","3.1760","null","null","null",2,7,"Top","null","null",,,"null",,"null",,,,,,,"3.3300","1.6800","null","null","null","null","null","null",320088,"null","null","null","null","null","null","null","null","null","null","null","null","0.70",1,0,0,"null",60,"7"
"CH","2012-09-28","87.4","null","null","Joe Kelly",446395,523260,"null","ball",,,,,"11","null","R","L","R","STL","WSH","B","null","null",2,2,2012,"-1.6483083333333333","0.29030000000000000000","-1.6530","2.9490","null","null","null",2,7,"Top","null","null",,,"null",,"null",,,,,,,"3.3300","1.6800","null","null","null","null","null","null",320088,"null","null","null","null","null","null","null","null","null","null","null","null","null","null","null","null","null",60,"6"
"CH","2012-09-28","87.8","null","null","Joe Kelly",446395,523260,"null","foul",,,,,"13","null","R","L","R","STL","WSH","S","null","null",2,2,2012,"-1.8111333333333333","0.06240000000000000000","-1.4040","1.5330","null","null","null",2,7,"Top","null","null",,,"null",,"null",,,,,,,"3.3300","1.6800","null","null","null","null","null","null",320088,"null","null","null","null","null","null","null","null","null","null","null","null","null","null","null","null","null",60,"5"
"SI","2012-09-28","95.6","null","null","Joe Kelly",446395,523260,"null","called_strike",,,,,"11","null","R","L","R","STL","WSH","S","null","null",2,1,2012,"-1.4966166666666667","0.30893333333333333333","-1.2570","2.7990","null","null","null",2,7,"Top","null","null",,,"null",,"null",,,,,,,"3.3400","1.6300","null","null","null","null","null","null",320088,"null","null","null","null","null","null","null","null","null","null","null","null","null","null","null","null","null",60,"4"
"SI","2012-09-28","98.1","null","null","Joe Kelly",446395,523260,"null","foul",,,,,"13","null","R","L","R","STL","WSH","S","null","null",2,0,2012,"-1.8417500000000000","0.71313333333333333333","-1.0660","1.7190","null","null","null",2,7,"Top","null","null",,,"null",,"null",,,,,,,"3.3300","1.6800","null","null","null","null","null","null",320088,"null","null","null","null","null","null","null","null","null","null","null","null","null","null","null","null","null",60,"3"
"CH","2012-09-28","86.9","null","null","Joe Kelly",446395,523260,"null","ball",,,,,"11","null","R","L","R","STL","WSH","B","null","null",1,0,2012,"-1.7568583333333333","0.15270000000000000000","-1.4650","3.4530","null","null","null",2,7,"Top","null","null",,,"null",,"null",,,,,,,"3.3300","1.6800","null","null","null","null","null","null",320088,"null","null","null","null","null","null","null","null","null","null","null","null","null","null","null","null","null",60,"2"
"SI","2012-09-28","98.6","null","null","Joe Kelly",446395,523260,"null","ball",,,,,"13","null","R","L","R","STL","WSH","B","null","null",0,0,2012,"-1.8236583333333333","0.96970000000000000000","-1.2560","1.8170","null","null","null",2,7,"Top","null","null",,,"null",,"null",,,,,,,"3.3300","1.6800","null","null","null","null","null","null",320088,"null","null","null","null","null","null","null","null","null","null","null","null","null","null","null","null","null",60,"1"
"SI","2012-09-28","97.5","null","null","Joe Kelly",465668,523260,"home_run","hit_into_play_score",,,,,"4","Roger Bernadina homers (5) on a line drive to center field.","R","L","R","STL","WSH","X","null","line_drive",1,1,2012,"-1.7137166666666667","0.61853333333333333333","-0.3910","2.1540","null","null","null",2,7,"Top","149.60","24.10",,,"null",,"null",,,,,,,"3.2800","1.4700","null","null","null","null","null","null",320088,"null","null","null","null","null","null","null","null","null","null","null","null","2.00",1,0,3,"null",59,"3"
"SI","2012-09-28","97.1","null","null","Joe Kelly",465668,523260,"null","foul",,,,,"11","null","R","L","R","STL","WSH","S","null","null",1,0,2012,"-1.6121250000000000","0.70310000000000000000","-1.3660","2.5640","null","null","null",2,7,"Top","null","null",,,"null",,"null",,,,,,,"3.2800","1.4700","null","null","null","null","null","null",320088,"null","null","null","null","null","null","null","null","null","null","null","null","null","null","null","null","null",59,"2"
"SI","2012-09-28","97.4","null","null","Joe Kelly",465668,523260,"null","ball",,,,,"11","null","R","L","R","STL","WSH","B","null","null",0,0,2012,"-1.7443333333333333","0.55690000000000000000","-1.2400","3.2500","null","null","null",2,7,"Top","null","null",,,"null",,"null",,,,,,,"3.2800","1.4700","null","null","null","null","null","null",320088,"null","null","null","null","null","null","null","null","null","null","null","null","null","null","null","null","null",59,"1"
"SI","2012-09-28","96.5","null","null","Joe Kelly",435520,523260,"strikeout","called_strike",,,,,"11","Jesus Flores called out on strikes.","R","R","R","STL","WSH","S","null","null",3,2,2012,"-1.6928416666666667","0.65436666666666666667","-1.0240","2.9160","null","null","null",1,7,"Top","null","null",,,"null",,"null",,,,,,,"3.3000","1.5400","null","null","null","null","null","null",320088,"null","null","null","null","null","null","null","null","null","null","null","null","0.00",1,0,0,"null",58,"6"
"SI","2012-09-28","98.1","null","null","Joe Kelly",435520,523260,"null","ball",,,,,"14","null","R","R","R","STL","WSH","B","null","null",2,2,2012,"-1.7916500000000000","0.93100000000000000000","0.4290","0.5390","null","null","null",1,7,"Top","null","null",,,"null",,"null",,,,,,,"3.3000","1.5400","null","null","null","null","null","null",320088,"null","null","null","null","null","null","null","null","null","null","null","null","null","null","null","null","null",58,"5"
"SI","2012-09-28","96.9","null","null","Joe Kelly",435520,523260,"null","ball",,,,,"12","null","R","R","R","STL","WSH","B","null","null",1,2,2012,"-1.4159000000000000","0.69450000000000000000","1.9470","2.8820","null","null","null",1,7,"Top","null","null",,,"null",,"null",,,,,,,"3.3000","1.5400","null","null","null","null","null","null",320088,"null","null","null","null","null","null","null","null","null","null","null","null","null","null","null","null","null",58,"4"
"SI","2012-09-28","96.9","null","null","Joe Kelly",435520,523260,"null","swinging_strike",,,,,"14","null","R","R","R","STL","WSH","S","null","null",1,1,2012,"-1.7415500000000000","0.92670000000000000000","0.5400","1.1600","null","null","null",1,7,"Top","null","null",,,"null",,"null",,,,,,,"3.3000","1.5400","null","null","null","null","null","null",320088,"null","null","null","null","null","null","null","null","null","null","null","null","null","null","null","null","null",58,"3"
"SI","2012-09-28","96.2","null","null","Joe Kelly",435520,523260,"null","called_strike",,,,,"6","null","R","R","R","STL","WSH","S","null","null",1,0,2012,"-1.9029833333333333","1.05570000000000000000","0.4610","2.1060","null","null","null",1,7,"Top","null","null",,,"null",,"null",,,,,,,"3.3000","1.5400","null","null","null","null","null","null",320088,"null","null","null","null","null","null","null","null","null","null","null","null","null","null","null","null","null",58,"2"
"SI","2012-09-28","97.4","null","null","Joe Kelly",435520,523260,"null","ball",,,,,"14","null","R","R","R","STL","WSH","B","null","null",0,0,2012,"-1.7693833333333333","1.00410000000000000000","1.6040","1.1730","null","null","null",1,7,"Top","null","null",,,"null",,"null",,,,,,,"3.3000","1.5400","null","null","null","null","null","null",320088,"null","null","null","null","null","null","null","null","null","null","null","null","null","null","null","null","null",58,"1"
"SI","2012-09-28","96.1","null","null","Joe Kelly",457787,523260,"field_out","hit_into_play",,,,,"5","Danny Espinosa grounds out sharply, second baseman Daniel Descalso to first baseman Allen Craig.","R","L","R","STL","WSH","X","4","ground_ball",0,0,2012,"-1.6079500000000000","0.67873333333333333333","-0.0630","2.8960","null","null","null",0,7,"Top","140.56","148.59",,,"null",,"null",,,,,,,"3.5700","1.6700","null","null","null","null","null","null",320088,"null","null","null","null","null","null","null","null","null","null","null","null","0.00",1,0,0,"null",57,"1"
"SI","2012-09-25","100.1","null","null","Joe Kelly",453303,523260,"strikeout","called_strike",,,,,"6","Matt Downs called out on strikes.","R","R","R","HOU","STL","S","null","null",2,2,2012,"-0.96500000000000000000","0.94246666666666666667","0.3450","2.4700","null","null","null",2,9,"Bot","null","null",,,"null",,"null",,,,,,,"3.5600","1.7700","null","null","null","null","null","null",320043,"null","null","null","null","null","null","null","null","null","null","null","null","0.00",1,0,0,"null",73,"5"
"SI","2012-09-25","98.8","null","null","Joe Kelly",453303,523260,"null","foul",,,,,"7","null","R","R","R","HOU","STL","S","null","null",2,1,2012,"-0.95525833333333333333","0.69736666666666666667","-0.5360","1.8950","null","null","null",2,9,"Bot","null","null",,,"null",,"null",,,,,,,"3.4100","1.6100","null","null","null","null","null","null",320043,"null","null","null","null","null","null","null","null","null","null","null","null","null","null","null","null","null",73,"4"
"SI","2012-09-25","97.9","null","null","Joe Kelly",453303,523260,"null","foul",,,,,"5","null","R","R","R","HOU","STL","S","null","null",2,0,2012,"-0.96917500000000000000","0.84070000000000000000","-0.2540","2.6640","null","null","null",2,9,"Bot","null","null",,,"null",,"null",,,,,,,"3.4100","1.6100","null","null","null","null","null","null",320043,"null","null","null","null","null","null","null","null","null","null","null","null","null","null","null","null","null",73,"3"
"SL","2012-09-25","85.1","null","null","Joe Kelly",453303,523260,"null","ball",,,,,"14","null","R","R","R","HOU","STL","B","null","null",1,0,2012,"1.1461583333333333","-0.33750000000000000000","1.1510","-0.4430","null","null","null",2,9,"Bot","null","null",,,"null",,"null",,,,,,,"3.5700","1.7400","null","null","null","null","null","null",320043,"null","null","null","null","null","null","null","null","null","null","null","null","null","null","null","null","null",73,"2"
"SI","2012-09-25","99.3","null","null","Joe Kelly",453303,523260,"null","ball",,,,,"14","null","R","R","R","HOU","STL","B","null","null",0,0,2012,"-0.90933333333333333333","1.02703333333333333333","0.6840","1.1380","null","null","null",2,9,"Bot","null","null",,,"null",,"null",,,,,,,"3.6400","1.7700","null","null","null","null","null","null",320043,"null","null","null","null","null","null","null","null","null","null","null","null","null","null","null","null","null",73,"1"
"SI","2012-09-25","98.8","null","null","Joe Kelly",452239,523260,"field_out","hit_into_play",,,,,"8","Justin Maxwell grounds out, third baseman Matt Carpenter to first baseman Allen Craig.","R","R","R","HOU","STL","X","5","ground_ball",1,1,2012,"-1.12365000000000000000","0.97113333333333333333","-0.0560","1.9570","null","null","null",1,9,"Bot","100.40","167.67",,,"null",,"null",,,,,,,"3.5800","1.7100","null","null","null","null","null","null",320043,"null","null","null","null","null","null","null","null","null","null","null","null","0.00",1,0,0,"null",72,"3"
"FF","2012-09-25","99.5","null","null","Joe Kelly",452239,523260,"null","ball",,,,,"9","null","R","R","R","HOU","STL","B","null","null",0,1,2012,"-1.04989166666666666667","1.3036666666666667","0.4550","2.0460","null","null","null",1,9,"Bot","null","null",,,"null",,"null",,,,,,,"3.7700","1.7900","null","null","null","null","null","null",320043,"null","null","null","null","null","null","null","null","null","null","null","null","null","null","null","null","null",72,"2"
"SI","2012-09-25","98.3","null","null","Joe Kelly",452239,523260,"null","called_strike",,,,,"8","null","R","R","R","HOU","STL","S","null","null",0,0,2012,"-0.97056666666666666667","0.88513333333333333333","0.1010","2.0240","null","null","null",1,9,"Bot","null","null",,,"null",,"null",,,,,,,"3.7000","1.8000","null","null","null","null","null","null",320043,"null","null","null","null","null","null","null","null","null","null","null","null","null","null","null","null","null",72,"1"
"SI","2012-09-25","97.3","null","null","Joe Kelly",476704,523260,"field_out","hit_into_play",,,,,"14","Jed Lowrie flies out to left fielder Matt Holliday.","R","L","R","HOU","STL","X","7","fly_ball",0,1,2012,"-0.97056666666666666667","1.05140000000000000000","0.0580","1.3930","null","null","null",0,9,"Bot","78.31","111.45",,,"null",,"null",,,,,,,"3.3600","1.5900","null","null","null","null","null","null",320043,"null","null","null","null","null","null","null","null","null","null","null","null","0.00",1,0,0,"null",71,"2"
"SI","2012-09-25","97.2","null","null","Joe Kelly",476704,523260,"null","called_strike",,,,,"9","null","R","L","R","HOU","STL","S","null","null",0,0,2012,"-1.10416666666666666667","1.23773333333333333333","0.4480","2.2000","null","null","null",0,9,"Bot","null","null",,,"null",,"null",,,,,,,"3.5500","1.7300","null","null","null","null","null","null",320043,"null","null","null","null","null","null","null","null","null","null","null","null","null","null","null","null","null",71,"1"
"CH","2012-09-21","86.5","null","null","Joe Kelly",430203,523260,"single","hit_into_play_score",,,,,"7","David DeJesus singles on a ground ball to right fielder Carlos Beltran.   Brett Jackson scores.","R","L","R","CHC","STL","X","null","ground_ball",0,2,2012,"-1.4548666666666667","0.49240000000000000000","-0.5370","1.8810","571804.00","null","null",2,11,"Bot","177.71","124.50",,,"null",,"null",,,,,,,"3.2200","1.6800","null","null","null","null","null","null",319991,"null","null","null","null","null","null","null","null","null","null","null","null","0.90",1,1,0,"null",94,"3"
"SI","2012-09-21","97.3","null","null","Joe Kelly",430203,523260,"null","foul",,,,,"4","null","R","L","R","CHC","STL","S","null","null",0,1,2012,"-1.5842916666666667","1.17180000000000000000","-0.8110","2.6530","571804.00","null","null",2,11,"Bot","null","null",,,"null",,"null",,,,,,,"3.2200","1.6800","null","null","null","null","null","null",319991,"null","null","null","null","null","null","null","null","null","null","null","null","null","null","null","null","null",94,"2"
"CH","2012-09-21","86.2","null","null","Joe Kelly",430203,523260,"null","called_strike",,,,,"11","null","R","L","R","CHC","STL","S","null","null",0,0,2012,"-1.7499000000000000","1.04280000000000000000","-0.8540","2.9210","571804.00","null","null",2,11,"Bot","null","null",,,"null",,"null",,,,,,,"3.1300","1.5700","null","null","null","null","null","null",319991,"null","null","null","null","null","null","null","null","null","null","null","null","null","null","null","null","null",94,"1"
"CH","2012-09-21","85.8","null","null","Joe Kelly",502182,523260,"field_out","hit_into_play",,,,,"4","Steve Clevenger flies out to right fielder Carlos Beltran.   Brett Jackson to 3rd.","R","L","R","CHC","STL","X","9","fly_ball",1,1,2012,"-1.5787250000000000","0.93960000000000000000","-0.3690","2.3110","null","571804.00","null",1,11,"Bot","187.75","113.45",,,"null",,"null",,,,,,,"3.2900","1.5600","null","null","null","null","null","null",319991,"null","null","null","null","null","null","null","null","null","null","null","null","0.00",1,0,0,"null",93,"3"
"SI","2012-09-21","96.3","null","null","Joe Kelly",502182,523260,"null","ball",,,,,"11","null","R","L","R","CHC","STL","B","null","null",0,1,2012,"-1.7220666666666667","0.95106666666666666667","-2.0600","3.4240","null","571804.00","null",1,11,"Bot","null","null",,,"null",,"null",,,,,,,"3.1800","1.5100","null","null","null","null","null","null",319991,"null","null","null","null","null","null","null","null","null","null","null","null","null","null","null","null","null",93,"2"
"SI","2012-09-21","96.0","null","null","Joe Kelly",502182,523260,"null","foul",,,,,"13","null","R","L","R","CHC","STL","S","null","null",0,0,2012,"-1.4186833333333333","0.73893333333333333333","-1.2550","2.2300","null","571804.00","null",1,11,"Bot","null","null",,,"null",,"null",,,,,,,"3.2900","1.5600","null","null","null","null","null","null",319991,"null","null","null","null","null","null","null","null","null","null","null","null","null","null","null","null","null",93,"1"
"SI","2012-09-21","95.4","null","null","Joe Kelly",543743,523260,"sac_bunt","hit_into_play",,,,,"1","Dave Sappelt out on a sacrifice bunt, pitcher Joe Kelly to second baseman Daniel Descalso.   Brett Jackson to 2nd.","R","R","R","CHC","STL","X","1","ground_ball",0,1,2012,"-1.3087416666666667","0.85503333333333333333","-0.7650","3.2840","null","null","571804.00",0,11,"Bot","127.51","186.75",,,"null",,"null",,,,,,,"3.2100","1.5800","null","null","null","null","null","null",319991,"null","null","null","null","null","null","null","null","null","null","null","null","0.00",1,0,0,"null",92,"2"
"SI","2012-09-21","94.5","null","null","Joe Kelly",543743,523260,"null","foul_bunt",,,,,"3","null","R","R","R","CHC","STL","S","null","null",0,0,2012,"-1.2308083333333333","0.87796666666666666667","0.2810","3.1570","null","null","571804.00",0,11,"Bot","null","null",,,"null",,"null",,,,,,,"3.2100","1.5800","null","null","null","null","null","null",319991,"null","null","null","null","null","null","null","null","null","null","null","null","null","null","null","null","null",92,"1"
"SI","2012-09-21","96.9","null","null","Joe Kelly",456078,523260,"single","hit_into_play_no_out",,,,,"4","Welington Castillo singles on a line drive to right fielder Carlos Beltran.","R","R","R","CHC","STL","X","null","line_drive",0,1,2012,"-1.6998000000000000","0.72030000000000000000","-0.5300","2.5560","null","null","null",0,11,"Bot","173.69","132.53",,,"null",,"null",,,,,,,"3.3900","1.6400","null","null","null","null","null","null",319991,"null","null","null","null","null","null","null","null","null","null","null","null","0.90",1,1,0,"null",91,"2"
"SI","2012-09-21","95.2","null","null","Joe Kelly",456078,523260,"null","called_strike",,,,,"2","null","R","R","R","CHC","STL","S","null","null",0,0,2012,"-1.6023833333333333","0.74180000000000000000","-0.0410","3.3760","null","null","null",0,11,"Bot","null","null",,,"null",,"null",,,,,,,"3.3900","1.6200","null","null","null","null","null","null",319991,"null","null","null","null","null","null","null","null","null","null","null","null","null","null","null","null","null",91,"1"
"SI","2012-09-21","98.0","null","null","Joe Kelly",472528,523260,"strikeout","called_strike",,,,,"11","Luis Valbuena called out on strikes.","R","L","R","CHC","STL","S","null","null",1,2,2012,"-1.3616250000000000","0.46373333333333333333","-1.1050","2.8140","null","null","null",2,10,"Bot","null","null",,,"null",,"null",,,,,,,"3.0700","1.6000","null","null","null","null","null","null",319991,"null","null","null","null","null","null","null","null","null","null","null","null","0.00",1,0,0,"null",87,"6"
"CH","2012-09-21","88.1","null","null","Joe Kelly",472528,523260,"null","foul",,,,,"13","null","R","L","R","CHC","STL","S","null","null",1,2,2012,"-1.8055666666666667","0.56693333333333333333","-1.3360","1.8200","null","null","null",2,10,"Bot","null","null",,,"null",,"null",,,,,,,"3.2400","1.6000","null","null","null","null","null","null",319991,"null","null","null","null","null","null","null","null","null","null","null","null","null","null","null","null","null",87,"5"
"SI","2012-09-21","99.8","null","null","Joe Kelly",472528,523260,"null","foul",,,,,"13","null","R","L","R","CHC","STL","S","null","null",1,2,2012,"-1.5244500000000000","1.09010000000000000000","-0.9660","2.2550","null","null","null",2,10,"Bot","null","null",,,"null",,"null",,,,,,,"3.2400","1.6000","null","null","null","null","null","null",319991,"null","null","null","null","null","null","null","null","null","null","null","null","null","null","null","null","null",87,"4"
"SI","2012-09-21","97.9","null","null","Joe Kelly",472528,523260,"null","swinging_strike",,,,,"2","null","R","L","R","CHC","STL","S","null","null",1,1,2012,"-1.6719666666666667","1.16463333333333333333","0.0080","2.9970","null","null","null",2,10,"Bot","null","null",,,"null",,"null",,,,,,,"3.2400","1.6000","null","null","null","null","null","null",319991,"null","null","null","null","null","null","null","null","null","null","null","null","null","null","null","null","null",87,"3"
"SI","2012-09-21","97.2","null","null","Joe Kelly",472528,523260,"null","called_strike",,,,,"9","null","R","L","R","CHC","STL","S","null","null",1,0,2012,"-1.4131166666666667","1.18470000000000000000","0.4370","2.0410","null","null","null",2,10,"Bot","null","null",,,"null",,"null",,,,,,,"3.1800","1.6300","null","null","null","null","null","null",319991,"null","null","null","null","null","null","null","null","null","null","null","null","null","null","null","null","null",87,"2"
"SI","2012-09-21","98.8","null","null","Joe Kelly",472528,523260,"null","ball",,,,,"12","null","R","L","R","CHC","STL","B","null","null",0,0,2012,"-1.4437333333333333","0.75613333333333333333","1.0850","2.4490","null","null","null",2,10,"Bot","null","null",,,"null",,"null",,,,,,,"3.2400","1.6300","null","null","null","null","null","null",319991,"null","null","null","null","null","null","null","null","null","null","null","null","null","null","null","null","null",87,"1"
"SI","2012-09-21","99.4","null","null","Joe Kelly",516770,523260,"strikeout","called_strike",,,,,"9","Starlin Castro called out on strikes.","R","R","R","CHC","STL","S","null","null",1,2,2012,"-1.6636166666666667","0.87366666666666666667","0.5490","1.7740","null","null","null",1,10,"Bot","null","null",,,"null",,"null",,,,,,,"3.3200","1.5900","null","null","null","null","null","null",319991,"null","null","null","null","null","null","null","null","null","null","null","null","0.00",1,0,0,"null",86,"4"
"SL","2012-09-21","83.1","null","null","Joe Kelly",516770,523260,"null","swinging_strike",,,,,"13","null","R","R","R","CHC","STL","S","null","null",1,1,2012,"0.62428333333333333333","-0.07950000000000000000","-0.1550","1.2020","null","null","null",1,10,"Bot","null","null",,,"null",,"null",,,,,,,"3.4700","1.6100","null","null","null","null","null","null",319991,"null","null","null","null","null","null","null","null","null","null","null","null","null","null","null","null","null",86,"3"
"SI","2012-09-21","98.1","null","null","Joe Kelly",516770,523260,"null","ball",,,,,"12","null","R","R","R","CHC","STL","B","null","null",0,1,2012,"-1.5216666666666667","1.04853333333333333333","2.1300","2.6520","null","null","null",1,10,"Bot","null","null",,,"null",,"null",,,,,,,"3.3400","1.6800","null","null","null","null","null","null",319991,"null","null","null","null","null","null","null","null","null","null","null","null","null","null","null","null","null",86,"2"
"SI","2012-09-21","97.0","null","null","Joe Kelly",516770,523260,"null","foul",,,,,"1","null","R","R","R","CHC","STL","S","null","null",0,0,2012,"-1.5467166666666667","0.58413333333333333333","-0.4640","2.9090","null","null","null",1,10,"Bot","null","null",,,"null",,"null",,,,,,,"3.4700","1.6100","null","null","null","null","null","null",319991,"null","null","null","null","null","null","null","null","null","null","null","null","null","null","null","null","null",86,"1"
"SI","2012-09-21","95.9","null","null","Joe Kelly",150093,523260,"field_out","hit_into_play",,,,,"5","Alfonso Soriano grounds out, second baseman Daniel Descalso to first baseman Allen Craig.","R","R","R","CHC","STL","X","4","ground_ball",2,2,2012,"-1.4326000000000000","0.60706666666666666667","-0.1570","2.2000","null","null","null",0,10,"Bot","141.57","159.64",,,"null",,"null",,,,,,,"3.4200","1.6200","null","null","null","null","null","null",319991,"null","null","null","null","null","null","null","null","null","null","null","null","0.00",1,0,0,"null",85,"5"
"SI","2012-09-21","97.1","null","null","Joe Kelly",150093,523260,"null","ball",,,,,"14","null","R","R","R","CHC","STL","B","null","null",1,2,2012,"-1.3644083333333333","1.5889000000000000","2.3360","2.1960","null","null","null",0,10,"Bot","null","null",,,"null",,"null",,,,,,,"3.4200","1.6800","null","null","null","null","null","null",319991,"null","null","null","null","null","null","null","null","null","null","null","null","null","null","null","null","null",85,"4"
"SL","2012-09-21","83.9","null","null","Joe Kelly",150093,523260,"null","swinging_strike",,,,,"14","null","R","R","R","CHC","STL","S","null","null",1,1,2012,"0.30559166666666666667","0.20716666666666666667","0.8260","0.7980","null","null","null",0,10,"Bot","null","null",,,"null",,"null",,,,,,,"3.4200","1.6200","null","null","null","null","null","null",319991,"null","null","null","null","null","null","null","null","null","null","null","null","null","null","null","null","null",85,"3"
"SI","2012-09-21","94.4","null","null","Joe Kelly",150093,523260,"null","called_strike",,,,,"9","null","R","R","R","CHC","STL","S","null","null",1,0,2012,"-1.5759416666666667","0.83640000000000000000","0.6990","1.6160","null","null","null",0,10,"Bot","null","null",,,"null",,"null",,,,,,,"3.4300","1.6800","null","null","null","null","null","null",319991,"null","null","null","null","null","null","null","null","null","null","null","null","null","null","null","null","null",85,"2"
"SI","2012-09-21","96.0","null","null","Joe Kelly",150093,523260,"null","ball",,,,,"11","null","R","R","R","CHC","STL","B","null","null",0,0,2012,"-1.6246500000000000","0.71456666666666666667","-0.3010","3.6840","null","null","null",0,10,"Bot","null","null",,,"null",,"null",,,,,,,"3.4200","1.7100","null","null","null","null","null","null",319991,"null","null","null","null","null","null","null","null","null","null","null","null","null","null","null","null","null",85,"1"
"SL","2012-09-19","82.3","null","null","Joe Kelly",477186,523260,"single","hit_into_play_no_out",,,,,"7","Brandon Laird singles on a fly ball to center fielder Jon Jay.   Brett Wallace to 3rd.    Jed Lowrie to 2nd.","R","R","R","STL","HOU","X","null","fly_ball",1,2,2012,"0.92627500000000000000","0.05953333333333333333","-0.5610","1.4970","null","477165.00","476704.00",1,9,"Top","108.43","109.44",,,"null",,"null",,,,,,,"3.4000","1.5400","null","null","null","null","null","null",319958,"null","null","null","null","null","null","null","null","null","null","null","null","0.90",1,1,0,"null",68,"4"
"SL","2012-09-19","83.7","null","null","Joe Kelly",477186,523260,"null","blocked_ball",,,,,"14","null","R","R","R","STL","HOU","B","null","null",0,2,2012,"0.64376666666666666667","0.01940000000000000000","1.7110","0.3480","null","477165.00","476704.00",1,9,"Top","null","null",,,"null",,"null",,,,,,,"3.3500","1.6400","null","null","null","null","null","null",319958,"null","null","null","null","null","null","null","null","null","null","null","null","null","null","null","null","null",68,"3"
"SI","2012-09-19","96.0","null","null","Joe Kelly",477186,523260,"null","swinging_strike",,,,,"13","null","R","R","R","STL","HOU","S","null","null",0,1,2012,"-1.6232583333333333","1.09010000000000000000","-0.9660","1.1610","null","477165.00","476704.00",1,9,"Top","null","null",,,"null",,"null",,,,,,,"3.4000","1.5400","null","null","null","null","null","null",319958,"null","null","null","null","null","null","null","null","null","null","null","null","null","null","null","null","null",68,"2"
"SI","2012-09-19","97.0","null","null","Joe Kelly",477186,523260,"null","called_strike",,,,,"13","null","R","R","R","STL","HOU","S","null","null",0,0,2012,"-1.6900583333333333","1.02846666666666666667","-0.9030","1.6260","null","477165.00","476704.00",1,9,"Top","null","null",,,"null",,"null",,,,,,,"3.3100","1.5600","null","null","null","null","null","null",319958,"null","null","null","null","null","null","null","null","null","null","null","null","null","null","null","null","null",68,"1"
"SI","2012-09-19","97.8","null","null","Joe Kelly",476704,523260,"field_error","hit_into_play_no_out",,,,,"13","Jed Lowrie reaches on a force attempt, fielding error by third baseman David Freese.   Brett Wallace to 2nd.","R","L","R","STL","HOU","X","5","ground_ball",0,1,2012,"-1.4673916666666667","0.82493333333333333333","-1.0960","2.0840","null","null","477165.00",1,9,"Top","103.41","170.68",,,"null",,"null",,,,,,,"3.3800","1.6000","null","null","null","null","null","null",319958,"null","null","null","null","null","null","null","null","null","null","null","null","0.00",1,0,0,"null",67,"2"
"SI","2012-09-19","97.0","null","null","Joe Kelly",476704,523260,"null","called_strike",,,,,"4","null","R","L","R","STL","HOU","S","null","null",0,0,2012,"-1.6371750000000000","1.02416666666666666667","-0.7540","2.1780","null","null","477165.00",1,9,"Top","null","null",,,"null",,"null",,,,,,,"3.4200","1.6000","null","null","null","null","null","null",319958,"null","null","null","null","null","null","null","null","null","null","null","null","null","null","null","null","null",67,"1"
"SI","2012-09-19","98.3","null","null","Joe Kelly",452239,523260,"strikeout","called_strike",,,,,"9","Justin Maxwell called out on strikes.","R","R","R","STL","HOU","S","null","null",1,2,2012,"-1.5773333333333333","1.03850000000000000000","0.7080","2.0320","null","null","477165.00",0,9,"Top","null","null",,,"null",,"null",,,,,,,"3.5800","1.7300","null","null","null","null","null","null",319958,"null","null","null","null","null","null","null","null","null","null","null","null","0.00",1,0,0,"null",66,"6"
"SL","2012-09-19","81.9","null","null","Joe Kelly",452239,523260,"null","ball",,,,,"14","null","R","R","R","STL","HOU","B","null","null",0,2,2012,"0.43640833333333333333","-0.16980000000000000000","0.2940","1.0720","null","null","477165.00",0,9,"Top","null","null",,,"null",,"null",,,,,,,"3.5000","1.6700","null","null","null","null","null","null",319958,"null","null","null","null","null","null","null","null","null","null","null","null","null","null","null","null","null",66,"5"
"SL","2012-09-19","83.1","null","null","Joe Kelly",452239,523260,"null","foul",,,,,"8","null","R","R","R","STL","HOU","S","null","null",0,2,2012,"0.42110000000000000000","-0.02216666666666666667","0.2300","1.6840","null","null","477165.00",0,9,"Top","null","null",,,"null",,"null",,,,,,,"3.6000","1.7300","null","null","null","null","null","null",319958,"null","null","null","null","null","null","null","null","null","null","null","null","null","null","null","null","null",66,"4"
"SI","2012-09-19","96.3","null","null","Joe Kelly",452239,523260,"null","foul",,,,,"7","null","R","R","R","STL","HOU","S","null","null",0,2,2012,"-1.3588416666666667","0.90663333333333333333","-0.6740","2.3030","null","null","477165.00",0,9,"Top","null","null",,,"null",,"null",,,,,,,"3.6000","1.7300","null","null","null","null","null","null",319958,"null","null","null","null","null","null","null","null","null","null","null","null","null","null","null","null","null",66,"3"
"SI","2012-09-19","95.3","null","null","Joe Kelly",452239,523260,"null","foul",,,,,"7","null","R","R","R","STL","HOU","S","null","null",0,1,2012,"-1.6316083333333333","0.69880000000000000000","-0.3240","2.2930","null","null","477165.00",0,9,"Top","null","null",,,"null",,"null",,,,,,,"3.6000","1.7300","null","null","null","null","null","null",319958,"null","null","null","null","null","null","null","null","null","null","null","null","null","null","null","null","null",66,"2"
"SI","2012-09-19","95.9","null","null","Joe Kelly",452239,523260,"null","swinging_strike",,,,,"13","null","R","R","R","STL","HOU","S","null","null",0,0,2012,"-1.7178916666666667","0.64146666666666666667","-1.2270","1.8060","null","null","477165.00",0,9,"Top","null","null",,,"null",,"null",,,,,,,"3.6000","1.7300","null","null","null","null","null","null",319958,"null","null","null","null","null","null","null","null","null","null","null","null","null","null","null","null","null",66,"1"
"SI","2012-09-19","94.3","null","null","Joe Kelly",477165,523260,"single","hit_into_play_no_out",,,,,"4","Brett Wallace singles on a ground ball to center fielder Jon Jay.","R","L","R","STL","HOU","X","null","ground_ball",1,0,2012,"-1.5077500000000000","1.06286666666666666667","-0.5970","2.3780","null","null","null",0,9,"Top","125.50","99.40",,,"null",,"null",,,,,,,"3.6900","1.7200","null","null","null","null","null","null",319958,"null","null","null","null","null","null","null","null","null","null","null","null","0.90",1,1,0,"null",65,"2"
"SI","2012-09-19","96.0","null","null","Joe Kelly",477165,523260,"null","ball",,,,,"9","null","R","L","R","STL","HOU","B","null","null",0,0,2012,"-1.7833000000000000","1.10586666666666666667","0.7540","2.2680","null","null","null",0,9,"Top","null","null",,,"null",,"null",,,,,,,"3.7800","1.8700","null","null","null","null","null","null",319958,"null","null","null","null","null","null","null","null","null","null","null","null","null","null","null","null","null",65,"1"
"SI","2012-09-14","94.0","null","null","Joe Kelly",425664,523260,"field_out","hit_into_play",,,,,"13","Shane Victorino lines out to left fielder Matt Holliday.","R","L","R","LAD","STL","X","7","line_drive",3,1,2012,"-1.2363750000000000","1.18326666666666666667","-0.8750","2.1230","null","null","110029.00",2,5,"Bot","82.33","90.36",,,"null",,"null",,,,,,,"3.4100","1.6300","null","null","null","null","null","null",319898,"null","null","null","null","null","null","null","null","null","null","null","null","0.00",1,0,0,"null",41,"5"
"SI","2012-09-14","95.3","null","null","Joe Kelly",425664,523260,"null","called_strike",,,,,"7","null","R","L","R","LAD","STL","S","null","null",3,0,2012,"-1.4437333333333333","0.99550000000000000000","-0.3030","2.2130","null","null","110029.00",2,5,"Bot","null","null",,,"null",,"null",,,,,,,"3.5900","1.6800","null","null","null","null","null","null",319898,"null","null","null","null","null","null","null","null","null","null","null","null","null","null","null","null","null",41,"4"
"SI","2012-09-14","95.0","null","null","Joe Kelly",425664,523260,"null","ball",,,,,"14","null","R","L","R","LAD","STL","B","null","null",2,0,2012,"-1.3978083333333333","0.95823333333333333333","0.8990","1.4830","null","null","110029.00",2,5,"Bot","null","null",,,"null",,"null",,,,,,,"3.6200","1.6300","null","null","null","null","null","null",319898,"null","null","null","null","null","null","null","null","null","null","null","null","null","null","null","null","null",41,"3"
"CH","2012-09-14","83.9","null","null","Joe Kelly",425664,523260,"null","ball",,,,,"11","null","R","L","R","LAD","STL","B","null","null",1,0,2012,"-1.10973333333333333333","0.45943333333333333333","-1.2280","3.6690","null","null","110029.00",2,5,"Bot","null","null",,,"null",,"null",,,,,,,"3.5600","1.6800","null","null","null","null","null","null",319898,"null","null","null","null","null","null","null","null","null","null","null","null","null","null","null","null","null",41,"2"
"SI","2012-09-14","95.8","null","null","Joe Kelly",425664,523260,"null","ball",,,,,"13","null","R","L","R","LAD","STL","B","null","null",0,0,2012,"-1.3588416666666667","1.02560000000000000000","-0.6800","1.1660","null","null","110029.00",2,5,"Bot","null","null",,,"null",,"null",,,,,,,"3.6200","1.7400","null","null","null","null","null","null",319898,"null","null","null","null","null","null","null","null","null","null","null","null","null","null","null","null","null",41,"1"
"SI","2012-09-14","97.2","null","null","Joe Kelly",110029,523260,"walk","ball",,,,,"13","Bobby Abreu walks.","R","L","R","LAD","STL","B","null","null",3,2,2012,"-1.7081500000000000","1.2950666666666667","-0.6170","1.4300","null","null","null",2,5,"Bot","null","null",,,"null",,"null",,,,,,,"3.4600","1.8500","null","null","null","null","null","null",319898,"null","null","null","null","null","null","null","null","null","null","null","null","0.70",1,0,0,"null",40,"6"
"SI","2012-09-14","94.8","null","null","Joe Kelly",110029,523260,"null","foul",,,,,"13","null","R","L","R","LAD","STL","S","null","null",3,1,2012,"-1.5355833333333333","0.46373333333333333333","-0.1060","1.1530","null","null","null",2,5,"Bot","null","null",,,"null",,"null",,,,,,,"3.4200","1.7700","null","null","null","null","null","null",319898,"null","null","null","null","null","null","null","null","null","null","null","null","null","null","null","null","null",40,"5"
"SI","2012-09-14","94.7","null","null","Joe Kelly",110029,523260,"null","ball",,,,,"14","null","R","L","R","LAD","STL","B","null","null",2,1,2012,"-1.6831000000000000","0.76616666666666666667","0.6840","0.7540","null","null","null",2,5,"Bot","null","null",,,"null",,"null",,,,,,,"3.5500","1.9400","null","null","null","null","null","null",319898,"null","null","null","null","null","null","null","null","null","null","null","null","null","null","null","null","null",40,"4"
"SI","2012-09-14","94.2","null","null","Joe Kelly",110029,523260,"null","ball",,,,,"14","null","R","L","R","LAD","STL","B","null","null",1,1,2012,"-1.3713666666666667","0.83640000000000000000","1.1170","1.9230","null","null","346857.00",1,5,"Bot","null","null",,,"null",,"null",,,,,,,"3.4800","1.9100","null","null","null","null","null","null",319898,"null","null","null","null","null","null","null","null","null","null","null","null","null","null","null","null","null",40,"3"
"CH","2012-09-14","84.7","null","null","Joe Kelly",110029,523260,"null","ball",,,,,"13","null","R","L","R","LAD","STL","B","null","null",0,1,2012,"-1.2614250000000000","0.70023333333333333333","-1.7420","1.8520","null","null","346857.00",1,5,"Bot","null","null",,,"null",,"null",,,,,,,"3.4500","1.8400","null","null","null","null","null","null",319898,"null","null","null","null","null","null","null","null","null","null","null","null","null","null","null","null","null",40,"2"
"SI","2012-09-14","95.1","null","null","Joe Kelly",110029,523260,"null","called_strike",,,,,"8","null","R","L","R","LAD","STL","S","null","null",0,0,2012,"-1.4479083333333333","0.96110000000000000000","0.2760","1.8940","null","null","346857.00",1,5,"Bot","null","null",,,"null",,"null",,,,,,,"3.4900","1.8800","null","null","null","null","null","null",319898,"null","null","null","null","null","null","null","null","null","null","null","null","null","null","null","null","null",40,"1"
"SI","2012-09-14","95.7","null","null","Joe Kelly",454560,523260,"field_out","hit_into_play",,,,,"11","A.  J.   Ellis bunt pops out to first baseman Allen Craig.","R","R","R","LAD","STL","X","3","popup",0,0,2012,"-1.3908500000000000","0.77046666666666666667","-1.0210","3.0680","null","null","346857.00",0,5,"Bot","139.56","189.76",,,"null",,"null",,,,,,,"3.4200","1.5900","null","null","null","null","null","null",319898,"null","null","null","null","null","null","null","null","null","null","null","null","0.00",1,0,0,"null",39,"1"
"CH","2012-09-14","84.6","null","null","Joe Kelly",346857,523260,"single","hit_into_play_no_out",,,,,"13","Nick Punto singles on a ground ball to third baseman David Freese.","R","L","R","LAD","STL","X","null","ground_ball",1,2,2012,"-1.5021833333333333","0.52680000000000000000","-1.3090","2.2570","null","null","null",0,5,"Bot","112.45","179.72",,,"null",,"null",,,,,,,"3.3000","1.5600","null","null","null","null","null","null",319898,"null","null","null","null","null","null","null","null","null","null","null","null","0.90",1,1,0,"null",38,"5"
"SL","2012-09-14","80.2","null","null","Joe Kelly",346857,523260,"null","foul",,,,,"7","null","R","L","R","LAD","STL","S","null","null",1,2,2012,"0.69386666666666666667","-0.54820000000000000000","-0.3400","1.5820","null","null","null",0,5,"Bot","null","null",,,"null",,"null",,,,,,,"3.3000","1.5600","null","null","null","null","null","null",319898,"null","null","null","null","null","null","null","null","null","null","null","null","null","null","null","null","null",38,"4"
"SI","2012-09-14","95.6","null","null","Joe Kelly",346857,523260,"null","called_strike",,,,,"11","null","R","L","R","LAD","STL","S","null","null",1,1,2012,"-1.17375000000000000000","0.82063333333333333333","-0.9230","3.0800","null","null","null",0,5,"Bot","null","null",,,"null",,"null",,,,,,,"3.3000","1.5600","null","null","null","null","null","null",319898,"null","null","null","null","null","null","null","null","null","null","null","null","null","null","null","null","null",38,"3"
"SL","2012-09-14","81.4","null","null","Joe Kelly",346857,523260,"null","ball",,,,,"14","null","R","L","R","LAD","STL","B","null","null",0,1,2012,"0.68134166666666666667","-0.65426666666666666667","0.8650","1.0500","null","null","null",0,5,"Bot","null","null",,,"null",,"null",,,,,,,"3.3500","1.6400","null","null","null","null","null","null",319898,"null","null","null","null","null","null","null","null","null","null","null","null","null","null","null","null","null",38,"2"
"SI","2012-09-14","94.0","null","null","Joe Kelly",346857,523260,"null","called_strike",,,,,"4","null","R","L","R","LAD","STL","S","null","null",0,0,2012,"-1.5689833333333333","0.73606666666666666667","-0.4120","2.3100","null","null","null",0,5,"Bot","null","null",,,"null",,"null",,,,,,,"3.3500","1.5000","null","null","null","null","null","null",319898,"null","null","null","null","null","null","null","null","null","null","null","null","null","null","null","null","null",38,"1"
"SI","2012-09-14","94.0","null","null","Joe Kelly",458501,523260,"grounded_into_double_play","hit_into_play",,,,,"4","Luis Cruz grounds into a double play, third baseman David Freese to second baseman Matt Carpenter to first baseman Allen Craig.   Hanley Ramirez out at 2nd.","R","R","R","LAD","STL","X","5","ground_ball",0,0,2012,"-1.3477083333333333","0.46516666666666666667","-0.7570","2.7130","null","null","434670.00",1,4,"Bot","109.44","169.68",,,"null",,"null",,,,,,,"3.5000","1.6000","null","null","null","null","null","null",319898,"null","null","null","null","null","null","null","null","null","null","null","null","0.00",1,0,0,"null",33,"1"
"SI","2012-09-14","94.9","null","null","Joe Kelly",434670,523260,"single","hit_into_play_no_out",,,,,"4","Hanley Ramirez singles on a soft ground ball to third baseman David Freese.","R","R","R","LAD","STL","X","null","ground_ball",0,0,2012,"-1.5147083333333333","0.42216666666666666667","-0.4690","2.5910","null","null","null",1,4,"Bot","111.45","175.70",,,"null",,"null",,,,,,,"3.6100","1.6400","null","null","null","null","null","null",319898,"null","null","null","null","null","null","null","null","null","null","null","null","0.90",1,1,0,"null",32,"1"
"CH","2012-09-14","85.4","null","null","Joe Kelly",408236,523260,"field_out","hit_into_play",,,,,"14","Adrian Gonzalez grounds out to pitcher Joe Kelly.","R","L","R","LAD","STL","X","1","ground_ball",0,1,2012,"-1.4395583333333333","1.06286666666666666667","0.5880","1.7070","null","null","null",0,4,"Bot","136.55","181.73",,,"null",,"null",,,,,,,"3.7900","1.9100","null","null","null","null","null","null",319898,"null","null","null","null","null","null","null","null","null","null","null","null","0.00",1,0,0,"null",31,"2"
"SI","2012-09-14","94.7","null","null","Joe Kelly",408236,523260,"null","called_strike",,,,,"13","null","R","L","R","LAD","STL","S","null","null",0,0,2012,"-1.3741500000000000","1.24203333333333333333","-0.5260","1.7720","null","null","null",0,4,"Bot","null","null",,,"null",,"null",,,,,,,"3.8500","1.9000","null","null","null","null","null","null",319898,"null","null","null","null","null","null","null","null","null","null","null","null","null","null","null","null","null",31,"1"
"SI","2012-09-14","93.8","null","null","Joe Kelly",461314,523260,"field_out","hit_into_play",,,,,"11","Matt Kemp grounds out, shortstop Pete Kozma to first baseman Allen Craig.","R","R","R","LAD","STL","X","6","ground_ball",2,0,2012,"-1.3059583333333333","0.84500000000000000000","-1.1840","3.0020","null","null","null",2,3,"Bot","108.43","151.61",,,"null",,"null",,,,,,,"3.6200","1.7400","null","null","null","null","null","null",319898,"null","null","null","null","null","null","null","null","null","null","null","null","0.00",1,0,0,"null",26,"3"
"SI","2012-09-14","94.7","null","null","Joe Kelly",461314,523260,"null","ball",,,,,"13","null","R","R","R","LAD","STL","B","null","null",1,0,2012,"-1.4896583333333333","0.87366666666666666667","-1.6340","2.1530","null","null","null",2,3,"Bot","null","null",,,"null",,"null",,,,,,,"3.6800","1.7700","null","null","null","null","null","null",319898,"null","null","null","null","null","null","null","null","null","null","null","null","null","null","null","null","null",26,"2"
"SL","2012-09-14","84.0","null","null","Joe Kelly",461314,523260,"null","ball",,,,,"14","null","R","R","R","LAD","STL","B","null","null",0,0,2012,"0.36821666666666666667","1.03850000000000000000","1.5750","1.8280","null","null","null",2,3,"Bot","null","null",,,"null",,"null",,,,,,,"3.5400","1.5900","null","null","null","null","null","null",319898,"null","null","null","null","null","null","null","null","null","null","null","null","null","null","null","null","null",26,"1"
"SI","2012-09-14","93.7","null","null","Joe Kelly",444843,523260,"home_run","hit_into_play_score",,,,,"4","Andre Ethier homers (18) on a fly ball to right center field.    Shane Victorino scores.","R","L","R","LAD","STL","X","null","fly_ball",3,0,2012,"-1.4089416666666667","1.00696666666666666667","-0.6280","2.3820","null","null","425664.00",2,3,"Bot","178.71","30.12",,,"null",,"null",,,,,,,"3.7100","1.6500","null","null","null","null","null","null",319898,"null","null","null","null","null","null","null","null","null","null","null","null","2.00",1,0,3,"null",25,"4"
"SI","2012-09-14","94.7","null","null","Joe Kelly",444843,523260,"null","ball",,,,,"11","null","R","L","R","LAD","STL","B","null","null",2,0,2012,"-1.19880000000000000000","0.79340000000000000000","-1.6220","3.4830","null","null","425664.00",2,3,"Bot","null","null",,,"null",,"null",,,,,,,"3.7600","1.7000","null","null","null","null","null","null",319898,"null","null","null","null","null","null","null","null","null","null","null","null","null","null","null","null","null",25,"3"
"CH","2012-09-14","82.8","null","null","Joe Kelly",444843,523260,"null","ball",,,,,"13","null","R","L","R","LAD","STL","B","null","null",1,0,2012,"-1.4395583333333333","0.59990000000000000000","-1.6600","2.1880","null","null","425664.00",2,3,"Bot","null","null",,,"null",,"null",,,,,,,"3.7500","1.6600","null","null","null","null","null","null",319898,"null","null","null","null","null","null","null","null","null","null","null","null","null","null","null","null","null",25,"2"
"SI","2012-09-14","92.9","null","null","Joe Kelly",444843,523260,"null","blocked_ball",,,,,"14","null","R","L","R","LAD","STL","B","null","null",0,0,2012,"-1.5439333333333333","0.99120000000000000000","0.3160","0.7450","null","null","425664.00",2,3,"Bot","null","null",,,"null",,"null",,,,,,,"3.7300","1.7000","null","null","null","null","null","null",319898,"null","null","null","null","null","null","null","null","null","null","null","null","null","null","null","null","null",25,"1"
"SI","2012-09-14","95.4","null","null","Joe Kelly",425664,523260,"walk","ball",,,,,"11","Shane Victorino walks.","R","L","R","LAD","STL","B","null","null",3,1,2012,"-1.2141083333333333","0.73033333333333333333","-1.3990","3.1700","null","null","null",2,3,"Bot","null","null",,,"null",,"null",,,,,,,"3.5500","1.6000","null","null","null","null","null","null",319898,"null","null","null","null","null","null","null","null","null","null","null","null","0.70",1,0,0,"null",24,"5"
"SI","2012-09-14","94.7","null","null","Joe Kelly",425664,523260,"null","ball",,,,,"13","null","R","L","R","LAD","STL","B","null","null",2,1,2012,"-1.3797166666666667","0.47520000000000000000","-2.2210","2.6200","null","null","null",2,3,"Bot","null","null",,,"null",,"null",,,,,,,"3.5600","1.7100","null","null","null","null","null","null",319898,"null","null","null","null","null","null","null","null","null","null","null","null","null","null","null","null","null",24,"4"
"SI","2012-09-14","94.8","null","null","Joe Kelly",425664,523260,"null","foul",,,,,"5","null","R","L","R","LAD","STL","S","null","null",2,0,2012,"-1.3546666666666667","0.75183333333333333333","-0.1410","2.5810","null","null","null",2,3,"Bot","null","null",,,"null",,"null",,,,,,,"3.4100","1.6300","null","null","null","null","null","null",319898,"null","null","null","null","null","null","null","null","null","null","null","null","null","null","null","null","null",24,"3"
"SI","2012-09-14","96.7","null","null","Joe Kelly",425664,523260,"null","ball",,,,,"11","null","R","L","R","LAD","STL","B","null","null",1,0,2012,"-1.04850000000000000000","0.72173333333333333333","-1.1590","3.5500","null","null","null",2,3,"Bot","null","null",,,"null",,"null",,,,,,,"3.5500","1.7700","null","null","null","null","null","null",319898,"null","null","null","null","null","null","null","null","null","null","null","null","null","null","null","null","null",24,"2"
"SI","2012-09-14","97.4","null","null","Joe Kelly",425664,523260,"null","ball",,,,,"13","null","R","L","R","LAD","STL","B","null","null",0,0,2012,"-1.5300166666666667","1.3524000000000000","-1.3670","2.3630","null","null","null",2,3,"Bot","null","null",,,"null",,"null",,,,,,,"3.6900","1.7700","null","null","null","null","null","null",319898,"null","null","null","null","null","null","null","null","null","null","null","null","null","null","null","null","null",24,"1"
"SI","2012-09-14","94.7","null","null","Joe Kelly",425626,523260,"field_out","hit_into_play",,,,,"7","Chris Capuano grounds out, shortstop Pete Kozma to first baseman Allen Craig.","R","L","R","LAD","STL","X","6","ground_ball",0,0,2012,"-1.4590416666666667","0.78336666666666666667","-0.4780","1.5370","null","null","null",1,3,"Bot","110.44","156.63",,,"null",,"null",,,,,,,"3.3500","1.5800","null","null","null","null","null","null",319898,"null","null","null","null","null","null","null","null","null","null","null","null","0.00",1,0,0,"null",23,"1"
"SI","2012-09-14","98.3","null","null","Joe Kelly",454560,523260,"strikeout","swinging_strike",,,,,"2","A.  J.   Ellis strikes out swinging.","R","R","R","LAD","STL","S","null","null",2,2,2012,"-1.3351833333333333","0.88083333333333333333","0.0370","3.5250","null","null","null",0,3,"Bot","null","null",,,"null",,"null",,,,,,,"3.4200","1.5900","null","null","null","null","null","null",319898,"null","null","null","null","null","null","null","null","null","null","null","null","0.00",1,0,0,"null",22,"6"
"SI","2012-09-14","97.1","null","null","Joe Kelly",454560,523260,"null","foul",,,,,"9","null","R","R","R","LAD","STL","S","null","null",2,2,2012,"-1.3658000000000000","0.86076666666666666667","0.4780","1.5060","null","null","null",0,3,"Bot","null","null",,,"null",,"null",,,,,,,"3.4200","1.5900","null","null","null","null","null","null",319898,"null","null","null","null","null","null","null","null","null","null","null","null","null","null","null","null","null",22,"5"
"SI","2012-09-14","94.7","null","null","Joe Kelly",454560,523260,"null","called_strike",,,,,"5","null","R","R","R","LAD","STL","S","null","null",2,1,2012,"-1.3797166666666667","1.14886666666666666667","0.1040","2.3170","null","null","null",0,3,"Bot","null","null",,,"null",,"null",,,,,,,"3.3700","1.5200","null","null","null","null","null","null",319898,"null","null","null","null","null","null","null","null","null","null","null","null","null","null","null","null","null",22,"4"
"SI","2012-09-14","94.4","null","null","Joe Kelly",454560,523260,"null","ball",,,,,"7","null","R","R","R","LAD","STL","B","null","null",1,1,2012,"-1.3950250000000000","0.89946666666666666667","-0.7350","1.5630","null","null","null",0,3,"Bot","null","null",,,"null",,"null",,,,,,,"3.4100","1.5900","null","null","null","null","null","null",319898,"null","null","null","null","null","null","null","null","null","null","null","null","null","null","null","null","null",22,"3"
"SI","2012-09-14","93.0","null","null","Joe Kelly",454560,523260,"null","called_strike",,,,,"5","null","R","R","R","LAD","STL","S","null","null",1,0,2012,"-1.6789250000000000","0.90233333333333333333","0.0690","2.3060","null","null","null",0,3,"Bot","null","null",,,"null",,"null",,,,,,,"3.4700","1.6600","null","null","null","null","null","null",319898,"null","null","null","null","null","null","null","null","null","null","null","null","null","null","null","null","null",22,"2"
"SI","2012-09-14","93.4","null","null","Joe Kelly",454560,523260,"null","ball",,,,,"14","null","R","R","R","LAD","STL","B","null","null",0,0,2012,"-1.3296166666666667","0.88800000000000000000","1.2010","2.1660","null","null","null",0,3,"Bot","null","null",,,"null",,"null",,,,,,,"3.4700","1.6300","null","null","null","null","null","null",319898,"null","null","null","null","null","null","null","null","null","null","null","null","null","null","null","null","null",22,"1"
"FT","2012-09-14","96.4","null","null","Joe Kelly",346857,523260,"field_out","hit_into_play",,,,,"4","Nick Punto grounds out, third baseman David Freese to first baseman Allen Craig.","R","L","R","LAD","STL","X","5","ground_ball",0,1,2012,"-1.01927500000000000000","1.21336666666666666667","-0.5380","2.6070","null","null","null",2,2,"Bot","106.43","172.69",,,"null",,"null",,,,,,,"3.3000","1.5600","null","null","null","null","null","null",319898,"null","null","null","null","null","null","null","null","null","null","null","null","0.00",1,0,0,"null",15,"2"
"SI","2012-09-14","95.4","null","null","Joe Kelly",346857,523260,"null","swinging_strike",,,,,"4","null","R","L","R","LAD","STL","S","null","null",0,0,2012,"-1.7039750000000000","0.77906666666666666667","-0.5120","2.1980","null","null","null",2,2,"Bot","null","null",,,"null",,"null",,,,,,,"3.3000","1.5600","null","null","null","null","null","null",319898,"null","null","null","null","null","null","null","null","null","null","null","null","null","null","null","null","null",15,"1"
"SI","2012-09-14","96.4","null","null","Joe Kelly",458501,523260,"field_out","hit_into_play_score",,,,,"4","Luis Cruz grounds out, second baseman Matt Carpenter to first baseman Allen Craig.   Adrian Gonzalez scores.","R","R","R","LAD","STL","X","4","ground_ball",2,1,2012,"-1.21271666666666666667","1.00123333333333333333","-0.3860","2.6000","408236.00","null","null",1,2,"Bot","141.57","153.61",,,"null",,"null",,,,,,,"3.5000","1.6000","null","null","null","null","null","null",319898,"null","null","null","null","null","null","null","null","null","null","null","null","0.00",1,0,0,"null",14,"4"
"SI","2012-09-14","95.7","null","null","Joe Kelly",458501,523260,"null","ball",,,,,"11","null","R","R","R","LAD","STL","B","null","null",1,1,2012,"-1.11390833333333333333","1.12880000000000000000","-2.3790","3.7630","408236.00","null","null",1,2,"Bot","null","null",,,"null",,"null",,,,,,,"3.5200","1.6100","null","null","null","null","null","null",319898,"null","null","null","null","null","null","null","null","null","null","null","null","null","null","null","null","null",14,"3"
"SI","2012-09-14","96.2","null","null","Joe Kelly",458501,523260,"null","ball",,,,,"13","null","R","R","R","LAD","STL","B","null","null",0,1,2012,"-1.4924416666666667","0.93243333333333333333","-2.4900","2.4480","408236.00","null","null",1,2,"Bot","null","null",,,"null",,"null",,,,,,,"3.3800","1.5700","null","null","null","null","null","null",319898,"null","null","null","null","null","null","null","null","null","null","null","null","null","null","null","null","null",14,"2"
"SI","2012-09-14","95.5","null","null","Joe Kelly",458501,523260,"null","foul",,,,,"13","null","R","R","R","LAD","STL","S","null","null",0,0,2012,"-1.08190000000000000000","1.22196666666666666667","-1.4250","2.2830","408236.00","null","null",1,2,"Bot","null","null",,,"null",,"null",,,,,,,"3.5000","1.6000","null","null","null","null","null","null",319898,"null","null","null","null","null","null","null","null","null","null","null","null","null","null","null","null","null",14,"1"
"SI","2012-09-14","94.5","null","null","Joe Kelly",434670,523260,"field_out","hit_into_play",,,,,"5","Hanley Ramirez grounds out, first baseman Allen Craig to pitcher Joe Kelly.   Adrian Gonzalez to 3rd.","R","R","R","LAD","STL","X","3","ground_ball",2,1,2012,"-1.4771333333333333","1.04280000000000000000","0.1690","2.6480","null","408236.00","null",0,2,"Bot","147.59","163.65",,,"null",,"null",,,,,,,"3.6100","1.6400","null","null","null","null","null","null",319898,"null","null","null","null","null","null","null","null","null","null","null","null","0.00",1,0,0,"null",13,"4"
"SI","2012-09-14","94.1","null","null","Joe Kelly",434670,523260,"null","ball",,,,,"13","null","R","R","R","LAD","STL","B","null","null",1,1,2012,"-1.3003916666666667","0.95106666666666666667","-1.9410","2.4930","null","408236.00","null",0,2,"Bot","null","null",,,"null",,"null",,,,,,,"3.6600","1.6100","null","null","null","null","null","null",319898,"null","null","null","null","null","null","null","null","null","null","null","null","null","null","null","null","null",13,"3"
"SI","2012-09-14","95.3","null","null","Joe Kelly",434670,523260,"null","foul",,,,,"13","null","R","R","R","LAD","STL","S","null","null",1,0,2012,"-1.3797166666666667","0.59130000000000000000","-1.6210","2.5530","null","408236.00","null",0,2,"Bot","null","null",,,"null",,"null",,,,,,,"3.6100","1.6400","null","null","null","null","null","null",319898,"null","null","null","null","null","null","null","null","null","null","null","null","null","null","null","null","null",13,"2"
"SI","2012-09-14","95.5","null","null","Joe Kelly",434670,523260,"null","ball",,,,,"13","null","R","R","R","LAD","STL","B","null","null",0,0,2012,"-1.2391583333333333","0.90950000000000000000","-0.4140","0.9200","null","408236.00","null",0,2,"Bot","null","null",,,"null",,"null",,,,,,,"3.7600","1.6700","null","null","null","null","null","null",319898,"null","null","null","null","null","null","null","null","null","null","null","null","null","null","null","null","null",13,"1"
"CH","2012-09-14","86.4","null","null","Joe Kelly",408236,523260,"double","hit_into_play_no_out",,,,,"9","Adrian Gonzalez hits a ground-rule double (43) on a line drive to right field.","R","L","R","LAD","STL","X","null","line_drive",0,1,2012,"-1.4284250000000000","0.41070000000000000000","0.6260","2.2020","null","null","null",0,2,"Bot","196.79","109.44",,,"null",,"null",,,,,,,"3.7900","1.9100","null","null","null","null","null","null",319898,"null","null","null","null","null","null","null","null","null","null","null","null","1.25",1,1,1,"null",12,"2"
"SI","2012-09-14","95.4","null","null","Joe Kelly",408236,523260,"null","called_strike",,,,,"13","null","R","L","R","LAD","STL","S","null","null",0,0,2012,"-1.3351833333333333","0.71170000000000000000","-1.0830","2.1220","null","null","null",0,2,"Bot","null","null",,,"null",,"null",,,,,,,"3.7800","1.8000","null","null","null","null","null","null",319898,"null","null","null","null","null","null","null","null","null","null","null","null","null","null","null","null","null",12,"1"
"SI","2012-09-14","98.1","null","null","Joe Kelly",461314,523260,"field_out","hit_into_play",,,,,"6","Matt Kemp lines out to right fielder Carlos Beltran.","R","R","R","LAD","STL","X","9","line_drive",1,2,2012,"-1.4270333333333333","0.79196666666666666667","0.5990","2.6750","null","null","null",2,1,"Bot","188.76","101.41",,,"null",,"null",,,,,,,"3.6200","1.7400","null","null","null","null","null","null",319898,"null","null","null","null","null","null","null","null","null","null","null","null","0.00",1,0,0,"null",6,"5"
"SL","2012-09-14","82.9","null","null","Joe Kelly",461314,523260,"null","foul",,,,,"5","null","R","R","R","LAD","STL","S","null","null",1,2,2012,"0.66464166666666666667","0.05523333333333333333","-0.0230","2.6050","null","null","null",2,1,"Bot","null","null",,,"null",,"null",,,,,,,"3.6200","1.7400","null","null","null","null","null","null",319898,"null","null","null","null","null","null","null","null","null","null","null","null","null","null","null","null","null",6,"4"
"SL","2012-09-14","86.6","null","null","Joe Kelly",461314,523260,"null","ball",,,,,"14","null","R","R","R","LAD","STL","B","null","null",0,2,2012,"0.62706666666666666667","-0.19416666666666666667","2.0220","-0.4540","null","null","null",2,1,"Bot","null","null",,,"null",,"null",,,,,,,"3.5700","1.7500","null","null","null","null","null","null",319898,"null","null","null","null","null","null","null","null","null","null","null","null","null","null","null","null","null",6,"3"
"CH","2012-09-14","86.5","null","null","Joe Kelly",461314,523260,"null","foul",,,,,"13","null","R","R","R","LAD","STL","S","null","null",0,1,2012,"-1.5912500000000000","0.70166666666666666667","-0.9140","2.3600","null","null","null",2,1,"Bot","null","null",,,"null",,"null",,,,,,,"3.6200","1.7400","null","null","null","null","null","null",319898,"null","null","null","null","null","null","null","null","null","null","null","null","null","null","null","null","null",6,"2"
"SI","2012-09-14","95.9","null","null","Joe Kelly",461314,523260,"null","foul",,,,,"2","null","R","R","R","LAD","STL","S","null","null",0,0,2012,"-1.5397583333333333","1.14743333333333333333","-0.1640","3.1190","null","null","null",2,1,"Bot","null","null",,,"null",,"null",,,,,,,"3.6200","1.7400","null","null","null","null","null","null",319898,"null","null","null","null","null","null","null","null","null","null","null","null","null","null","null","null","null",6,"1"
"CH","2012-09-14","86.1","null","null","Joe Kelly",444843,523260,"strikeout","swinging_strike",,,,,"11","Andre Ethier strikes out swinging.","R","L","R","LAD","STL","S","null","null",2,2,2012,"-1.2836916666666667","0.47950000000000000000","-1.8350","3.2170","null","null","null",1,1,"Bot","null","null",,,"null",,"null",,,,,,,"3.7100","1.6500","null","null","null","null","null","null",319898,"null","null","null","null","null","null","null","null","null","null","null","null","0.00",1,0,0,"null",5,"5"
"CH","2012-09-14","87.3","null","null","Joe Kelly",444843,523260,"null","ball",,,,,"14","null","R","L","R","LAD","STL","B","null","null",1,2,2012,"-1.4673916666666667","0.62283333333333333333","0.5450","-1.0010","null","null","null",1,1,"Bot","null","null",,,"null",,"null",,,,,,,"3.7400","1.7600","null","null","null","null","null","null",319898,"null","null","null","null","null","null","null","null","null","null","null","null","null","null","null","null","null",5,"4"
"SL","2012-09-14","84.9","null","null","Joe Kelly",444843,523260,"null","ball",,,,,"14","null","R","L","R","LAD","STL","B","null","null",0,2,2012,"0.55191666666666666667","0.07386666666666666667","1.7430","-0.5300","null","null","null",1,1,"Bot","null","null",,,"null",,"null",,,,,,,"3.6700","1.6900","null","null","null","null","null","null",319898,"null","null","null","null","null","null","null","null","null","null","null","null","null","null","null","null","null",5,"3"
"SI","2012-09-14","95.7","null","null","Joe Kelly",444843,523260,"null","foul",,,,,"4","null","R","L","R","LAD","STL","S","null","null",0,1,2012,"-1.2600333333333333","1.15746666666666666667","-0.4990","2.6090","null","null","null",1,1,"Bot","null","null",,,"null",,"null",,,,,,,"3.7100","1.6500","null","null","null","null","null","null",319898,"null","null","null","null","null","null","null","null","null","null","null","null","null","null","null","null","null",5,"2"
"SI","2012-09-14","94.8","null","null","Joe Kelly",444843,523260,"null","called_strike",,,,,"4","null","R","L","R","LAD","STL","S","null","null",0,0,2012,"-1.4270333333333333","1.13166666666666666667","-0.6960","2.4920","null","null","null",1,1,"Bot","null","null",,,"null",,"null",,,,,,,"3.7100","1.6900","null","null","null","null","null","null",319898,"null","null","null","null","null","null","null","null","null","null","null","null","null","null","null","null","null",5,"1"
"SI","2012-09-14","97.0","null","null","Joe Kelly",425664,523260,"field_out","hit_into_play",,,,,"11","Shane Victorino grounds out, pitcher Joe Kelly to first baseman Allen Craig.","R","L","R","LAD","STL","X","1","ground_ball",2,2,2012,"-1.6037750000000000","0.76473333333333333333","-1.4370","2.6420","null","null","null",0,1,"Bot","127.51","177.71",,,"null",,"null",,,,,,,"3.4100","1.6300","null","null","null","null","null","null",319898,"null","null","null","null","null","null","null","null","null","null","null","null","0.00",1,0,0,"null",4,"5"
"SI","2012-09-14","94.5","null","null","Joe Kelly",425664,523260,"null","foul",,,,,"13","null","R","L","R","LAD","STL","S","null","null",2,1,2012,"-1.13895833333333333333","0.69450000000000000000","-0.2180","1.4700","null","null","null",0,1,"Bot","null","null",,,"null",,"null",,,,,,,"3.4100","1.6300","null","null","null","null","null","null",319898,"null","null","null","null","null","null","null","null","null","null","null","null","null","null","null","null","null",4,"4"
"SI","2012-09-14","93.2","null","null","Joe Kelly",425664,523260,"null","called_strike",,,,,"7","null","R","L","R","LAD","STL","S","null","null",2,0,2012,"-1.5161000000000000","0.72746666666666666667","-0.3640","2.2070","null","null","null",0,1,"Bot","null","null",,,"null",,"null",,,,,,,"3.4400","1.6900","null","null","null","null","null","null",319898,"null","null","null","null","null","null","null","null","null","null","null","null","null","null","null","null","null",4,"3"
"SI","2012-09-14","94.5","null","null","Joe Kelly",425664,523260,"null","ball",,,,,"13","null","R","L","R","LAD","STL","B","null","null",1,0,2012,"-1.3713666666666667","1.08293333333333333333","-0.0030","0.8520","null","null","null",0,1,"Bot","null","null",,,"null",,"null",,,,,,,"3.4800","1.7000","null","null","null","null","null","null",319898,"null","null","null","null","null","null","null","null","null","null","null","null","null","null","null","null","null",4,"2"
"SI","2012-09-14","92.8","null","null","Joe Kelly",425664,523260,"null","ball",,,,,"14","null","R","L","R","LAD","STL","B","null","null",0,0,2012,"-1.6107333333333333","0.55690000000000000000","1.0610","2.3330","null","null","null",0,1,"Bot","null","null",,,"null",,"null",,,,,,,"3.5400","1.6900","null","null","null","null","null","null",319898,"null","null","null","null","null","null","null","null","null","null","null","null","null","null","null","null","null",4,"1"
"SI","2012-09-09","94.7","null","null","Joe Kelly",460576,523260,"field_out","hit_into_play",,,,,"2","Carlos Gomez grounds out, second baseman Skip Schumaker to first baseman Allen Craig.","R","R","R","STL","MIL","X","4","ground_ball",0,1,2012,"-1.5133166666666667","0.63860000000000000000","0.2290","2.8240","null","448170.00","null",2,6,"Top","144.58","154.62",,,"null",,"null",,,,,,,"3.4000","1.5500","null","null","null","null","null","null",319831,"null","null","null","null","null","null","null","null","null","null","null","null","0.00",1,0,0,"null",48,"2"
"SI","2012-09-09","96.0","null","null","Joe Kelly",460576,523260,"null","foul",,,,,"4","null","R","R","R","STL","MIL","S","null","null",0,0,2012,"-1.5063583333333333","1.00266666666666666667","-0.4090","2.2160","null","448170.00","null",2,6,"Top","null","null",,,"null",,"null",,,,,,,"3.4000","1.5500","null","null","null","null","null","null",319831,"null","null","null","null","null","null","null","null","null","null","null","null","null","null","null","null","null",48,"1"
"SI","2012-09-09","93.7","null","null","Joe Kelly",518960,523260,"field_out","hit_into_play",,,,,"11","Jonathan Lucroy grounds out softly, third baseman Matt Carpenter to first baseman Allen Craig.   Travis Ishikawa to 2nd.","R","R","R","STL","MIL","X","5","ground_ball",1,2,2012,"-1.4437333333333333","0.57983333333333333333","-1.6990","2.7450","null","null","448170.00",1,6,"Top","111.45","171.69",,,"null",,"null",,,,,,,"3.3900","1.5600","null","null","null","null","null","null",319831,"null","null","null","null","null","null","null","null","null","null","null","null","0.00",1,0,0,"null",47,"5"
"SI","2012-09-09","95.3","null","null","Joe Kelly",518960,523260,"null","foul",,,,,"6","null","R","R","R","STL","MIL","S","null","null",1,2,2012,"-1.09999166666666666667","0.86076666666666666667","0.3350","2.7110","null","null","448170.00",1,6,"Top","null","null",,,"null",,"null",,,,,,,"3.3900","1.5600","null","null","null","null","null","null",319831,"null","null","null","null","null","null","null","null","null","null","null","null","null","null","null","null","null",47,"4"
"SI","2012-09-09","95.8","null","null","Joe Kelly",518960,523260,"null","swinging_strike",,,,,"11","null","R","R","R","STL","MIL","S","null","null",1,1,2012,"-1.4381666666666667","0.65866666666666666667","-0.8510","3.7070","null","null","448170.00",1,6,"Top","null","null",,,"null",,"null",,,,,,,"3.3900","1.5600","null","null","null","null","null","null",319831,"null","null","null","null","null","null","null","null","null","null","null","null","null","null","null","null","null",47,"3"
"SI","2012-09-09","94.6","null","null","Joe Kelly",518960,523260,"null","called_strike",,,,,"7","null","R","R","R","STL","MIL","S","null","null",1,0,2012,"-1.9280333333333333","0.54400000000000000000","-0.4340","2.0680","null","null","448170.00",1,6,"Top","null","null",,,"null",,"null",,,,,,,"3.3900","1.5600","null","null","null","null","null","null",319831,"null","null","null","null","null","null","null","null","null","null","null","null","null","null","null","null","null",47,"2"
"SL","2012-09-09","82.9","null","null","Joe Kelly",518960,523260,"null","ball",,,,,"11","null","R","R","R","STL","MIL","B","null","null",0,0,2012,"0.21513333333333333333","0.45800000000000000000","-0.7320","4.3680","null","null","448170.00",1,6,"Top","null","null",,,"null",,"null",,,,,,,"3.3900","1.5600","null","null","null","null","null","null",319831,"null","null","null","null","null","null","null","null","null","null","null","null","null","null","null","null","null",47,"1"
"SI","2012-09-09","95.6","null","null","Joe Kelly",448170,523260,"walk","ball",,,,,"11","Travis Ishikawa walks.","R","L","R","STL","MIL","B","null","null",3,2,2012,"-1.5174916666666667","0.62283333333333333333","-1.5180","4.6120","null","null","null",1,6,"Top","null","null",,,"null",,"null",,,,,,,"3.3800","1.5500","null","null","null","null","null","null",319831,"null","null","null","null","null","null","null","null","null","null","null","null","0.70",1,0,0,"null",46,"6"
"SI","2012-09-09","96.4","null","null","Joe Kelly",448170,523260,"null","foul",,,,,"5","null","R","L","R","STL","MIL","S","null","null",3,1,2012,"-1.9002000000000000","0.61996666666666666667","-0.0490","2.7280","null","null","null",1,6,"Top","null","null",,,"null",,"null",,,,,,,"3.5500","1.5500","null","null","null","null","null","null",319831,"null","null","null","null","null","null","null","null","null","null","null","null","null","null","null","null","null",46,"5"
"SI","2012-09-09","97.5","null","null","Joe Kelly",448170,523260,"null","ball",,,,,"11","null","R","L","R","STL","MIL","B","null","null",2,1,2012,"-1.4367750000000000","0.50100000000000000000","-0.0570","3.7840","null","null","null",1,6,"Top","null","null",,,"null",,"null",,,,,,,"3.4200","1.5800","null","null","null","null","null","null",319831,"null","null","null","null","null","null","null","null","null","null","null","null","null","null","null","null","null",46,"4"
"SI","2012-09-09","97.9","null","null","Joe Kelly",448170,523260,"null","foul",,,,,"4","null","R","L","R","STL","MIL","S","null","null",2,0,2012,"-1.7095416666666667","0.96110000000000000000","-0.3160","2.5750","null","null","null",1,6,"Top","null","null",,,"null",,"null",,,,,,,"3.5500","1.5500","null","null","null","null","null","null",319831,"null","null","null","null","null","null","null","null","null","null","null","null","null","null","null","null","null",46,"3"
"SI","2012-09-09","98.1","null","null","Joe Kelly",448170,523260,"null","ball",,,,,"13","null","R","L","R","STL","MIL","B","null","null",1,0,2012,"-1.6065583333333333","0.31610000000000000000","-1.1920","2.0550","null","null","null",1,6,"Top","null","null",,,"null",,"null",,,,,,,"3.5400","1.7000","null","null","null","null","null","null",319831,"null","null","null","null","null","null","null","null","null","null","null","null","null","null","null","null","null",46,"2"
"SI","2012-09-09","97.8","null","null","Joe Kelly",448170,523260,"null","ball",,,,,"11","null","R","L","R","STL","MIL","B","null","null",0,0,2012,"-1.7485083333333333","0.47376666666666666667","-1.1530","2.8160","null","null","null",1,6,"Top","null","null",,,"null",,"null",,,,,,,"3.5500","1.6700","null","null","null","null","null","null",319831,"null","null","null","null","null","null","null","null","null","null","null","null","null","null","null","null","null",46,"1"
"SI","2012-09-09","97.3","null","null","Joe Kelly",133380,523260,"field_out","hit_into_play",,,,,"7","Aramis Ramirez grounds out, shortstop Daniel Descalso to first baseman Allen Craig.","R","R","R","STL","MIL","X","6","ground_ball",0,0,2012,"-1.9572583333333333","0.48810000000000000000","-0.7660","2.0320","null","null","null",0,6,"Top","107.43","150.60",,,"null",,"null",,,,,,,"3.5900","1.7100","null","null","null","null","null","null",319831,"null","null","null","null","null","null","null","null","null","null","null","null","0.00",1,0,0,"null",45,"1"
"SI","2012-09-09","95.6","null","null","Joe Kelly",460075,523260,"field_out","hit_into_play",,,,,"7","Ryan Braun flies out to right fielder Carlos Beltran in foul territory.","R","R","R","STL","MIL","X","9","fly_ball",2,1,2012,"-1.4701750000000000","0.99263333333333333333","-0.5560","2.3200","null","null","null",2,5,"Top","192.77","142.57",,,"null",,"null",,,,,,,"3.6600","1.7600","null","null","null","null","null","null",319831,"null","null","null","null","null","null","null","null","null","null","null","null","0.00",1,0,0,"null",41,"4"
"CH","2012-09-09","86.4","null","null","Joe Kelly",460075,523260,"null","foul",,,,,"5","null","R","R","R","STL","MIL","S","null","null",2,0,2012,"-1.6872750000000000","0.57410000000000000000","0.0430","2.8790","null","null","null",2,5,"Top","null","null",,,"null",,"null",,,,,,,"3.6600","1.7600","null","null","null","null","null","null",319831,"null","null","null","null","null","null","null","null","null","null","null","null","null","null","null","null","null",41,"3"
"SI","2012-09-09","96.1","null","null","Joe Kelly",460075,523260,"null","ball",,,,,"14","null","R","R","R","STL","MIL","B","null","null",1,0,2012,"-1.7707750000000000","0.92240000000000000000","1.1510","2.5370","null","null","null",2,5,"Top","null","null",,,"null",,"null",,,,,,,"3.7100","1.7600","null","null","null","null","null","null",319831,"null","null","null","null","null","null","null","null","null","null","null","null","null","null","null","null","null",41,"2"
"SI","2012-09-09","97.9","null","null","Joe Kelly",460075,523260,"null","ball",,,,,"14","null","R","R","R","STL","MIL","B","null","null",0,0,2012,"-1.4868750000000000","0.83210000000000000000","0.7160","1.6030","null","null","null",2,5,"Top","null","null",,,"null",,"null",,,,,,,"3.7400","1.8700","null","null","null","null","null","null",319831,"null","null","null","null","null","null","null","null","null","null","null","null","null","null","null","null","null",41,"1"
"SI","2012-09-09","98.1","null","null","Joe Kelly",430001,523260,"field_out","hit_into_play",,,,,"5","Rickie Weeks grounds out, second baseman Skip Schumaker to first baseman Allen Craig.","R","R","R","STL","MIL","X","4","ground_ball",0,1,2012,"-1.5884666666666667","0.86506666666666666667","0.1120","2.7040","null","null","null",1,5,"Top","139.56","150.60",,,"null",,"null",,,,,,,"3.5400","1.5900","null","null","null","null","null","null",319831,"null","null","null","null","null","null","null","null","null","null","null","null","0.00",1,0,0,"null",40,"2"
"SL","2012-09-09","84.7","null","null","Joe Kelly",430001,523260,"null","swinging_strike",,,,,"14","null","R","R","R","STL","MIL","S","null","null",0,0,2012,"-0.18984166666666666667","0.06526666666666666667","0.2650","1.3940","null","null","null",1,5,"Top","null","null",,,"null",,"null",,,,,,,"3.5400","1.5900","null","null","null","null","null","null",319831,"null","null","null","null","null","null","null","null","null","null","null","null","null","null","null","null","null",40,"1"
"SI","2012-09-09","94.6","null","null","Joe Kelly",493114,523260,"field_out","hit_into_play",,,,,"7","Norichika Aoki grounds out, second baseman Skip Schumaker to first baseman Allen Craig.","R","L","R","STL","MIL","X","4","ground_ball",1,0,2012,"-1.5174916666666667","0.70883333333333333333","-0.2930","1.7050","null","null","null",0,5,"Top","138.55","148.59",,,"null",,"null",,,,,,,"3.1100","1.4000","null","null","null","null","null","null",319831,"null","null","null","null","null","null","null","null","null","null","null","null","0.00",1,0,0,"null",39,"2"
"CH","2012-09-09","85.8","null","null","Joe Kelly",493114,523260,"null","ball",,,,,"11","null","R","L","R","STL","MIL","B","null","null",0,0,2012,"-1.4618250000000000","0.45656666666666666667","-0.0720","3.7620","null","null","null",0,5,"Top","null","null",,,"null",,"null",,,,,,,"3.1100","1.4700","null","null","null","null","null","null",319831,"null","null","null","null","null","null","null","null","null","null","null","null","null","null","null","null","null",39,"1"
"SI","2012-09-09","96.1","null","null","Joe Kelly",451788,523260,"field_out","hit_into_play",,,,,"4","Shaun Marcum lines out to first baseman Allen Craig.","R","R","R","STL","MIL","X","3","line_drive",0,0,2012,"-1.6037750000000000","1.09010000000000000000","-0.3250","2.6980","null","518960.00","516416.00",2,4,"Top","151.61","169.68",,,"null",,"null",,,,,,,"3.4800","1.6100","null","null","null","null","null","null",319831,"null","null","null","null","null","null","null","null","null","null","null","null","0.00",1,0,0,"null",33,"1"
"SI","2012-09-09","94.9","null","null","Joe Kelly",516416,523260,"single","hit_into_play_score",,,,,"11","Jean Segura singles on a soft line drive to center fielder Jon Jay.   Corey Hart scores.    Jonathan Lucroy to 2nd.","R","R","R","STL","MIL","X","null","line_drive",0,0,2012,"-1.7095416666666667","1.16606666666666666667","-1.2500","2.9080","null","430611.00","518960.00",2,4,"Top","123.49","102.41",,,"null",,"null",,,,,,,"3.2100","1.5200","null","null","null","null","null","null",319831,"null","null","null","null","null","null","null","null","null","null","null","null","0.90",1,1,0,"null",32,"1"
"SI","2012-09-09","96.9","null","null","Joe Kelly",460576,523260,"strikeout","called_strike",,,,,"3","Carlos Gomez called out on strikes.","R","R","R","STL","MIL","S","null","null",1,2,2012,"-1.9182916666666667","1.15746666666666666667","0.5540","3.1670","null","430611.00","518960.00",1,4,"Top","null","null",,,"null",,"null",,,,,,,"3.4800","1.6400","null","null","null","null","null","null",319831,"null","null","null","null","null","null","null","null","null","null","null","null","0.00",1,0,0,"null",31,"4"
"SI","2012-09-09","96.7","null","null","Joe Kelly",460576,523260,"null","ball",,,,,"12","null","R","R","R","STL","MIL","B","null","null",0,2,2012,"-1.9210750000000000","1.5301333333333333","0.9310","3.0930","null","430611.00","518960.00",1,4,"Top","null","null",,,"null",,"null",,,,,,,"3.4000","1.6400","null","null","null","null","null","null",319831,"null","null","null","null","null","null","null","null","null","null","null","null","null","null","null","null","null",31,"3"
"SI","2012-09-09","96.8","null","null","Joe Kelly",460576,523260,"null","swinging_strike",,,,,"1","null","R","R","R","STL","MIL","S","null","null",0,1,2012,"-1.6483083333333333","1.07290000000000000000","-0.7270","3.1660","null","430611.00","518960.00",1,4,"Top","null","null",,,"null",,"null",,,,,,,"3.4000","1.5500","null","null","null","null","null","null",319831,"null","null","null","null","null","null","null","null","null","null","null","null","null","null","null","null","null",31,"2"
"SI","2012-09-09","95.7","null","null","Joe Kelly",460576,523260,"null","foul",,,,,"13","null","R","R","R","STL","MIL","S","null","null",0,0,2012,"-1.9113333333333333","0.70453333333333333333","-1.3090","2.2850","null","430611.00","518960.00",1,4,"Top","null","null",,,"null",,"null",,,,,,,"3.4000","1.5500","null","null","null","null","null","null",319831,"null","null","null","null","null","null","null","null","null","null","null","null","null","null","null","null","null",31,"1"
"SI","2012-09-09","95.8","null","null","Joe Kelly",518960,523260,"single","hit_into_play_no_out",,,,,"4","Jonathan Lucroy singles on a ground ball to center fielder Jon Jay.   Corey Hart to 2nd.","R","R","R","STL","MIL","X","null","ground_ball",0,0,2012,"-1.6761416666666667","0.50386666666666666667","-0.7530","2.5360","null","null","430611.00",1,4,"Top","109.44","78.31",,,"null",,"null",,,,,,,"3.3900","1.5600","null","null","null","null","null","null",319831,"null","null","null","null","null","null","null","null","null","null","null","null","0.90",1,1,0,"null",30,"1"
"SI","2012-09-09","95.1","null","null","Joe Kelly",430611,523260,"single","hit_into_play_no_out",,,,,"5","Corey Hart singles on a ground ball to left fielder Matt Holliday.","R","R","R","STL","MIL","X","null","ground_ball",3,2,2012,"-1.4200750000000000","0.72173333333333333333","-0.2420","2.6250","null","null","null",1,4,"Top","66.27","100.40",,,"null",,"null",,,,,,,"3.5200","1.6200","null","null","null","null","null","null",319831,"null","null","null","null","null","null","null","null","null","null","null","null","0.90",1,1,0,"null",29,"7"
"SI","2012-09-09","96.0","null","null","Joe Kelly",430611,523260,"null","ball",,,,,"11","null","R","R","R","STL","MIL","B","null","null",2,2,2012,"-1.5829000000000000","0.70453333333333333333","-1.8100","3.1110","null","null","null",1,4,"Top","null","null",,,"null",,"null",,,,,,,"3.3500","1.6400","null","null","null","null","null","null",319831,"null","null","null","null","null","null","null","null","null","null","null","null","null","null","null","null","null",29,"6"
"SL","2012-09-09","84.1","null","null","Joe Kelly",430611,523260,"null","ball",,,,,"14","null","R","R","R","STL","MIL","B","null","null",1,2,2012,"0.39187500000000000000","0.30750000000000000000","1.8280","0.1080","null","null","null",1,4,"Top","null","null",,,"null",,"null",,,,,,,"3.3500","1.5600","null","null","null","null","null","null",319831,"null","null","null","null","null","null","null","null","null","null","null","null","null","null","null","null","null",29,"5"
"SI","2012-09-09","95.5","null","null","Joe Kelly",430611,523260,"null","foul",,,,,"5","null","R","R","R","STL","MIL","S","null","null",1,2,2012,"-1.09999166666666666667","1.00266666666666666667","0.1200","2.2240","null","null","null",1,4,"Top","null","null",,,"null",,"null",,,,,,,"3.5200","1.6200","null","null","null","null","null","null",319831,"null","null","null","null","null","null","null","null","null","null","null","null","null","null","null","null","null",29,"4"
"SI","2012-09-09","95.4","null","null","Joe Kelly",430611,523260,"null","foul",,,,,"11","null","R","R","R","STL","MIL","S","null","null",1,1,2012,"-1.4005916666666667","0.93816666666666666667","-1.2390","3.1540","null","null","null",1,4,"Top","null","null",,,"null",,"null",,,,,,,"3.5200","1.6200","null","null","null","null","null","null",319831,"null","null","null","null","null","null","null","null","null","null","null","null","null","null","null","null","null",29,"3"
"SI","2012-09-09","97.4","null","null","Joe Kelly",430611,523260,"null","ball",,,,,"6","null","R","R","R","STL","MIL","B","null","null",0,1,2012,"-1.4242500000000000","0.73176666666666666667","0.3140","2.2080","null","null","null",1,4,"Top","null","null",,,"null",,"null",,,,,,,"3.3500","1.6800","null","null","null","null","null","null",319831,"null","null","null","null","null","null","null","null","null","null","null","null","null","null","null","null","null",29,"2"
"SL","2012-09-09","83.6","null","null","Joe Kelly",430611,523260,"null","called_strike",,,,,"5","null","R","R","R","STL","MIL","S","null","null",0,0,2012,"0.58392500000000000000","0.02656666666666666667","0.2400","2.7640","null","null","null",1,4,"Top","null","null",,,"null",,"null",,,,,,,"3.3100","1.6200","null","null","null","null","null","null",319831,"null","null","null","null","null","null","null","null","null","null","null","null","null","null","null","null","null",29,"1"
"SL","2012-09-09","83.7","null","null","Joe Kelly",133380,523260,"field_out","hit_into_play",,,,,"4","Aramis Ramirez flies out to center fielder Jon Jay.","R","R","R","STL","MIL","X","8","fly_ball",0,1,2012,"0.14694166666666666667","-0.11963333333333333333","-0.3520","2.4600","null","null","null",0,4,"Top","130.52","78.31",,,"null",,"null",,,,,,,"3.5900","1.7100","null","null","null","null","null","null",319831,"null","null","null","null","null","null","null","null","null","null","null","null","0.00",1,0,0,"null",28,"2"
"SI","2012-09-09","94.7","null","null","Joe Kelly",133380,523260,"null","called_strike",,,,,"5","null","R","R","R","STL","MIL","S","null","null",0,0,2012,"-1.5202750000000000","0.77476666666666666667","0.1180","2.8910","null","null","null",0,4,"Top","null","null",,,"null",,"null",,,,,,,"3.5900","1.7100","null","null","null","null","null","null",319831,"null","null","null","null","null","null","null","null","null","null","null","null","null","null","null","null","null",28,"1"
"SI","2012-09-09","97.9","null","null","Joe Kelly",460075,523260,"strikeout","called_strike",,,,,"5","Ryan Braun called out on strikes.","R","R","R","STL","MIL","S","null","null",1,2,2012,"-1.8347916666666667","1.26066666666666666667","0.2390","2.6070","null","null","null",2,3,"Top","null","null",,,"null",,"null",,,,,,,"3.7100","1.8600","null","null","null","null","null","null",319831,"null","null","null","null","null","null","null","null","null","null","null","null","0.00",1,0,0,"null",24,"4"
"SI","2012-09-09","95.9","null","null","Joe Kelly",460075,523260,"null","called_strike",,,,,"4","null","R","R","R","STL","MIL","S","null","null",1,1,2012,"-1.18905833333333333333","0.89803333333333333333","-0.5030","2.6750","null","null","null",2,3,"Top","null","null",,,"null",,"null",,,,,,,"3.5000","1.7600","null","null","null","null","null","null",319831,"null","null","null","null","null","null","null","null","null","null","null","null","null","null","null","null","null",24,"3"
"SI","2012-09-09","95.4","null","null","Joe Kelly",460075,523260,"null","ball",,,,,"11","null","R","R","R","STL","MIL","B","null","null",0,1,2012,"-1.2767333333333333","0.96540000000000000000","-2.2220","3.4400","null","null","null",2,3,"Top","null","null",,,"null",,"null",,,,,,,"3.6200","1.7800","null","null","null","null","null","null",319831,"null","null","null","null","null","null","null","null","null","null","null","null","null","null","null","null","null",24,"2"
"SI","2012-09-09","97.3","null","null","Joe Kelly",460075,523260,"null","foul",,,,,"1","null","R","R","R","STL","MIL","S","null","null",0,0,2012,"-1.2864750000000000","0.88800000000000000000","-0.5010","3.4040","null","null","null",2,3,"Top","null","null",,,"null",,"null",,,,,,,"3.6600","1.7600","null","null","null","null","null","null",319831,"null","null","null","null","null","null","null","null","null","null","null","null","null","null","null","null","null",24,"1"
"SL","2012-09-09","84.1","null","null","Joe Kelly",430001,523260,"strikeout","swinging_strike",,,,,"3","Rickie Weeks strikes out swinging.","R","R","R","STL","MIL","S","null","null",2,2,2012,"0.22487500000000000000","-0.04510000000000000000","0.4580","3.3770","null","null","null",1,3,"Top","null","null",,,"null",,"null",,,,,,,"3.5400","1.5900","null","null","null","null","null","null",319831,"null","null","null","null","null","null","null","null","null","null","null","null","0.00",1,0,0,"null",23,"6"
"SI","2012-09-09","96.8","null","null","Joe Kelly",430001,523260,"null","foul",,,,,"11","null","R","R","R","STL","MIL","S","null","null",2,2,2012,"-1.3658000000000000","0.65723333333333333333","-0.8980","3.6160","null","null","null",1,3,"Top","null","null",,,"null",,"null",,,,,,,"3.5400","1.5900","null","null","null","null","null","null",319831,"null","null","null","null","null","null","null","null","null","null","null","null","null","null","null","null","null",23,"5"
"CH","2012-09-09","85.7","null","null","Joe Kelly",430001,523260,"null","ball",,,,,"14","null","R","R","R","STL","MIL","B","null","null",1,2,2012,"-2.1242583333333333","0.69880000000000000000","0.4050","1.5550","null","null","null",1,3,"Top","null","null",,,"null",,"null",,,,,,,"3.5400","1.6800","null","null","null","null","null","null",319831,"null","null","null","null","null","null","null","null","null","null","null","null","null","null","null","null","null",23,"4"
"CH","2012-09-09","83.9","null","null","Joe Kelly",430001,523260,"null","ball",,,,,"13","null","R","R","R","STL","MIL","B","null","null",0,2,2012,"-1.8668000000000000","0.25016666666666666667","-0.9680","2.1830","null","null","null",1,3,"Top","null","null",,,"null",,"null",,,,,,,"3.5600","1.7600","null","null","null","null","null","null",319831,"null","null","null","null","null","null","null","null","null","null","null","null","null","null","null","null","null",23,"3"
"SI","2012-09-09","96.1","null","null","Joe Kelly",430001,523260,"null","foul",,,,,"11","null","R","R","R","STL","MIL","S","null","null",0,1,2012,"-1.8013916666666667","1.4111666666666667","-0.8500","2.8920","null","null","null",1,3,"Top","null","null",,,"null",,"null",,,,,,,"3.5400","1.5900","null","null","null","null","null","null",319831,"null","null","null","null","null","null","null","null","null","null","null","null","null","null","null","null","null",23,"2"
"SI","2012-09-09","98.3","null","null","Joe Kelly",430001,523260,"null","called_strike",,,,,"3","null","R","R","R","STL","MIL","S","null","null",0,0,2012,"-2.0157083333333333","1.25350000000000000000","0.5270","2.9070","null","null","null",1,3,"Top","null","null",,,"null",,"null",,,,,,,"3.4800","1.5600","null","null","null","null","null","null",319831,"null","null","null","null","null","null","null","null","null","null","null","null","null","null","null","null","null",23,"1"
"CH","2012-09-09","84.8","null","null","Joe Kelly",493114,523260,"field_out","hit_into_play",,,,,"4","Norichika Aoki flies out to center fielder Jon Jay.","R","L","R","STL","MIL","X","8","fly_ball",0,1,2012,"-1.9586500000000000","0.51390000000000000000","-0.4520","2.1750","null","null","null",0,3,"Top","128.51","92.37",,,"null",,"null",,,,,,,"3.1100","1.4000","null","null","null","null","null","null",319831,"null","null","null","null","null","null","null","null","null","null","null","null","0.00",1,0,0,"null",22,"2"
"SI","2012-09-09","93.4","null","null","Joe Kelly",493114,523260,"null","called_strike",,,,,"11","null","R","L","R","STL","MIL","S","null","null",0,0,2012,"-1.7415500000000000","0.65150000000000000000","-1.1310","2.6990","null","null","null",0,3,"Top","null","null",,,"null",,"null",,,,,,,"3.1100","1.4300","null","null","null","null","null","null",319831,"null","null","null","null","null","null","null","null","null","null","null","null","null","null","null","null","null",22,"1"
"SI","2012-09-09","95.1","null","null","Joe Kelly",451788,523260,"strikeout","called_strike",,,,,"3","Shaun Marcum called out on strikes.","R","R","R","STL","MIL","S","null","null",2,2,2012,"-1.5397583333333333","0.95966666666666666667","0.5470","2.9690","null","null","516416.00",2,2,"Top","null","null",,,"null",,"null",,,,,,,"3.4300","1.7200","null","null","null","null","null","null",319831,"null","null","null","null","null","null","null","null","null","null","null","null","0.00",1,0,0,"null",16,"6"
"SL","2012-09-09","79.4","null","null","Joe Kelly",451788,523260,"null","ball",,,,,"11","null","R","R","R","STL","MIL","B","null","null",1,2,2012,"0.33342500000000000000","-0.81480000000000000000","-0.8260","4.1410","null","null","516416.00",2,2,"Top","null","null",,,"null",,"null",,,,,,,"3.4300","1.7200","null","null","null","null","null","null",319831,"null","null","null","null","null","null","null","null","null","null","null","null","null","null","null","null","null",16,"5"
"SI","2012-09-09","96.2","null","null","Joe Kelly",451788,523260,"null","foul",,,,,"3","null","R","R","R","STL","MIL","S","null","null",1,2,2012,"-1.4952250000000000","1.19616666666666666667","0.2900","2.9070","null","null","516416.00",2,2,"Top","null","null",,,"null",,"null",,,,,,,"3.4800","1.6100","null","null","null","null","null","null",319831,"null","null","null","null","null","null","null","null","null","null","null","null","null","null","null","null","null",16,"4"
"SI","2012-09-09","97.0","null","null","Joe Kelly",451788,523260,"null","ball",,,,,"12","null","R","R","R","STL","MIL","B","null","null",0,2,2012,"-1.6149083333333333","1.3294666666666667","0.1720","3.6120","null","null","516416.00",2,2,"Top","null","null",,,"null",,"null",,,,,,,"3.4300","1.7200","null","null","null","null","null","null",319831,"null","null","null","null","null","null","null","null","null","null","null","null","null","null","null","null","null",16,"3"
"SI","2012-09-09","95.1","null","null","Joe Kelly",451788,523260,"null","foul",,,,,"11","null","R","R","R","STL","MIL","S","null","null",0,1,2012,"-1.7081500000000000","0.72316666666666666667","-1.2780","3.0430","null","null","516416.00",2,2,"Top","null","null",,,"null",,"null",,,,,,,"3.4800","1.6100","null","null","null","null","null","null",319831,"null","null","null","null","null","null","null","null","null","null","null","null","null","null","null","null","null",16,"2"
"SI","2012-09-09","93.2","null","null","Joe Kelly",451788,523260,"null","called_strike",,,,,"5","null","R","R","R","STL","MIL","S","null","null",0,0,2012,"-1.06241666666666666667","1.13596666666666666667","-0.0610","2.8630","null","null","516416.00",2,2,"Top","null","null",,,"null",,"null",,,,,,,"3.4300","1.7300","null","null","null","null","null","null",319831,"null","null","null","null","null","null","null","null","null","null","null","null","null","null","null","null","null",16,"1"
"SI","2012-09-09","94.1","null","null","Joe Kelly",516416,523260,"walk","ball",,,,,"11","Jean Segura walks.","R","R","R","STL","MIL","B","null","null",3,0,2012,"-1.5856833333333333","0.68016666666666666667","-1.7100","2.6260","null","null","null",2,2,"Top","null","null",,,"null",,"null",,,,,,,"3.1200","1.4900","null","null","null","null","null","null",319831,"null","null","null","null","null","null","null","null","null","null","null","null","0.70",1,0,0,"null",15,"4"
"SI","2012-09-09","95.1","null","null","Joe Kelly",516416,523260,"null","ball",,,,,"11","null","R","R","R","STL","MIL","B","null","null",2,0,2012,"-1.6023833333333333","0.72316666666666666667","-1.5660","3.2440","null","null","null",2,2,"Top","null","null",,,"null",,"null",,,,,,,"3.2100","1.6000","null","null","null","null","null","null",319831,"null","null","null","null","null","null","null","null","null","null","null","null","null","null","null","null","null",15,"3"
"SI","2012-09-09","95.3","null","null","Joe Kelly",516416,523260,"null","ball",,,,,"11","null","R","R","R","STL","MIL","B","null","null",1,0,2012,"-1.3588416666666667","0.48666666666666666667","-1.0270","3.9460","null","null","null",2,2,"Top","null","null",,,"null",,"null",,,,,,,"3.1500","1.5200","null","null","null","null","null","null",319831,"null","null","null","null","null","null","null","null","null","null","null","null","null","null","null","null","null",15,"2"
"SL","2012-09-09","84.8","null","null","Joe Kelly",516416,523260,"null","ball",,,,,"14","null","R","R","R","STL","MIL","B","null","null",0,0,2012,"-0.28447500000000000000","0.85360000000000000000","2.6750","0.8850","430611.00","null","null",2,2,"Top","null","null",,,"null",,"null",,,,,,,"3.0400","1.4000","null","null","null","null","null","null",319831,"null","null","null","null","null","null","null","null","null","null","null","null","null","null","null","null","null",15,"1"
"SI","2012-09-09","96.5","null","null","Joe Kelly",460576,523260,"field_out","hit_into_play",,,,,"4","Carlos Gomez grounds out softly, shortstop Daniel Descalso to first baseman Allen Craig.   Corey Hart to 3rd.","R","R","R","STL","MIL","X","6","ground_ball",1,1,2012,"-1.5968166666666667","1.4298000000000000","-0.5650","2.6140","null","430611.00","null",1,2,"Top","117.47","165.66",,,"null",,"null",,,,,,,"3.4000","1.5500","null","null","null","null","null","null",319831,"null","null","null","null","null","null","null","null","null","null","null","null","0.00",1,0,0,"null",14,"3"
"SI","2012-09-09","96.3","null","null","Joe Kelly",460576,523260,"null","called_strike",,,,,"5","null","R","R","R","STL","MIL","S","null","null",1,0,2012,"-1.8431416666666667","0.80773333333333333333","-0.0830","2.2940","null","430611.00","null",1,2,"Top","null","null",,,"null",,"null",,,,,,,"3.4800","1.6000","null","null","null","null","null","null",319831,"null","null","null","null","null","null","null","null","null","null","null","null","null","null","null","null","null",14,"2"
"SI","2012-09-09","98.5","null","null","Joe Kelly",460576,523260,"null","ball",,,,,"9","null","R","R","R","STL","MIL","B","null","null",0,0,2012,"-1.9113333333333333","1.11590000000000000000","0.3920","1.6680","null","430611.00","null",1,2,"Top","null","null",,,"null",,"null",,,,,,,"3.5200","1.5600","null","null","null","null","null","null",319831,"null","null","null","null","null","null","null","null","null","null","null","null","null","null","null","null","null",14,"1"
"SI","2012-09-09","94.0","null","null","Joe Kelly",518960,523260,"field_out","hit_into_play",,,,,"4","Jonathan Lucroy grounds out, shortstop Daniel Descalso to first baseman Allen Craig.","R","R","R","STL","MIL","X","6","ground_ball",1,1,2012,"-1.6594416666666667","0.98690000000000000000","-0.7010","2.5180","null","430611.00","null",0,2,"Top","104.42","156.63",,,"null",,"null",,,,,,,"3.3900","1.5600","null","null","null","null","null","null",319831,"null","null","null","null","null","null","null","null","null","null","null","null","0.00",1,0,0,"null",13,"3"
"SI","2012-09-09","95.4","null","null","Joe Kelly",518960,523260,"null","called_strike",,,,,"5","null","R","R","R","STL","MIL","S","null","null",1,0,2012,"-1.7345916666666667","0.79626666666666666667","0.1370","2.3230","null","430611.00","null",0,2,"Top","null","null",,,"null",,"null",,,,,,,"3.4000","1.5600","null","null","null","null","null","null",319831,"null","null","null","null","null","null","null","null","null","null","null","null","null","null","null","null","null",13,"2"
"SI","2012-09-09","96.7","null","null","Joe Kelly",518960,523260,"null","ball",,,,,"13","null","R","R","R","STL","MIL","B","null","null",0,0,2012,"-1.8528833333333333","0.64863333333333333333","-1.4640","1.2810","null","430611.00","null",0,2,"Top","null","null",,,"null",,"null",,,,,,,"3.4400","1.5600","null","null","null","null","null","null",319831,"null","null","null","null","null","null","null","null","null","null","null","null","null","null","null","null","null",13,"1"
"SI","2012-09-09","96.1","null","null","Joe Kelly",430611,523260,"double","hit_into_play_no_out",,,,,"13","Corey Hart doubles (35) on a sharp ground ball to left fielder Matt Holliday.","R","R","R","STL","MIL","X","null","ground_ball",3,2,2012,"-1.5954250000000000","0.75040000000000000000","-1.6230","2.1340","null","null","null",0,2,"Top","42.17","103.41",,,"null",,"null",,,,,,,"3.5200","1.6200","null","null","null","null","null","null",319831,"null","null","null","null","null","null","null","null","null","null","null","null","1.25",1,1,1,"null",12,"6"
"SI","2012-09-09","94.7","null","null","Joe Kelly",430611,523260,"null","swinging_strike",,,,,"13","null","R","R","R","STL","MIL","S","null","null",3,1,2012,"-1.7624250000000000","0.87366666666666666667","-1.7100","1.6550","null","null","null",0,2,"Top","null","null",,,"null",,"null",,,,,,,"3.5200","1.6200","null","null","null","null","null","null",319831,"null","null","null","null","null","null","null","null","null","null","null","null","null","null","null","null","null",12,"5"
"SL","2012-09-09","82.8","null","null","Joe Kelly",430611,523260,"null","ball",,,,,"12","null","R","R","R","STL","MIL","B","null","null",2,1,2012,"-0.08825000000000000000","-0.13540000000000000000","1.9010","2.8450","null","null","null",0,2,"Top","null","null",,,"null",,"null",,,,,,,"3.3500","1.6400","null","null","null","null","null","null",319831,"null","null","null","null","null","null","null","null","null","null","null","null","null","null","null","null","null",12,"4"
"SI","2012-09-09","94.4","null","null","Joe Kelly",430611,523260,"null","called_strike",,,,,"9","null","R","R","R","STL","MIL","S","null","null",2,0,2012,"-1.8723666666666667","1.22196666666666666667","0.5890","1.7820","null","null","null",0,2,"Top","null","null",,,"null",,"null",,,,,,,"3.4300","1.6200","null","null","null","null","null","null",319831,"null","null","null","null","null","null","null","null","null","null","null","null","null","null","null","null","null",12,"3"
"SI","2012-09-09","95.2","null","null","Joe Kelly",430611,523260,"null","ball",,,,,"11","null","R","R","R","STL","MIL","B","null","null",1,0,2012,"-1.5815083333333333","1.04280000000000000000","-2.2950","3.0050","null","null","null",0,2,"Top","null","null",,,"null",,"null",,,,,,,"3.3900","1.6200","null","null","null","null","null","null",319831,"null","null","null","null","null","null","null","null","null","null","null","null","null","null","null","null","null",12,"2"
"SI","2012-09-09","95.6","null","null","Joe Kelly",430611,523260,"null","ball",,,,,"14","null","R","R","R","STL","MIL","B","null","null",0,0,2012,"-1.16540000000000000000","1.19616666666666666667","0.0160","1.4330","null","null","null",0,2,"Top","null","null",,,"null",,"null",,,,,,,"3.3900","1.6200","null","null","null","null","null","null",319831,"null","null","null","null","null","null","null","null","null","null","null","null","null","null","null","null","null",12,"1"
"CH","2012-09-09","85.7","null","null","Joe Kelly",133380,523260,"strikeout","called_strike",,,,,"6","Aramis Ramirez called out on strikes.","R","R","R","STL","MIL","S","null","null",2,2,2012,"-2.1938416666666667","0.52393333333333333333","0.2790","2.5620","null","493114.00","null",2,1,"Top","null","null",,,"null",,"null",,,,,,,"3.5200","1.7100","null","null","null","null","null","null",319831,"null","null","null","null","null","null","null","null","null","null","null","null","0.00",1,0,0,"null",4,"5"
"SI","2012-09-09","97.8","null","null","Joe Kelly",133380,523260,"null","ball",,,,,"13","null","R","R","R","STL","MIL","B","null","null",1,2,2012,"-1.9294250000000000","0.80486666666666666667","-2.1850","2.4160","null","493114.00","null",2,1,"Top","null","null",,,"null",,"null",,,,,,,"3.5900","1.8000","null","null","null","null","null","null",319831,"null","null","null","null","null","null","null","null","null","null","null","null","null","null","null","null","null",4,"4"
"FF","2012-09-09","97.0","null","null","Joe Kelly",133380,523260,"null","swinging_strike",,,,,"2","null","R","R","R","STL","MIL","S","null","null",1,1,2012,"-1.14035000000000000000","1.6849333333333333","-0.2210","3.2050","null","493114.00","null",2,1,"Top","null","null",,,"null",,"null",,,,,,,"3.5900","1.7100","null","null","null","null","null","null",319831,"null","null","null","null","null","null","null","null","null","null","null","null","null","null","null","null","null",4,"3"
"FF","2012-09-09","97.0","null","null","Joe Kelly",133380,523260,"null","swinging_strike",,,,,"4","null","R","R","R","STL","MIL","S","null","null",1,0,2012,"-1.15983333333333333333","1.4498666666666667","-0.4590","2.9560","null","493114.00","null",2,1,"Top","null","null",,,"null",,"null",,,,,,,"3.5900","1.7100","null","null","null","null","null","null",319831,"null","null","null","null","null","null","null","null","null","null","null","null","null","null","null","null","null",4,"2"
"SL","2012-09-09","86.6","null","null","Joe Kelly",133380,523260,"null","ball",,,,,"14","null","R","R","R","STL","MIL","B","null","null",0,0,2012,"0.04256666666666666667","0.10540000000000000000","1.3010","1.3670","null","493114.00","null",2,1,"Top","null","null",,,"null",,"null",,,,,,,"3.5900","1.7100","null","null","null","null","null","null",319831,"null","null","null","null","null","null","null","null","null","null","null","null","null","null","null","null","null",4,"1"
"SI","2012-09-09","95.6","null","null","Joe Kelly",460075,523260,"field_out","hit_into_play",,,,,"13","Ryan Braun flies out to right fielder Carlos Beltran.","R","R","R","STL","MIL","X","9","fly_ball",1,1,2012,"-1.5077500000000000","1.01270000000000000000","-0.8440","2.2360","null","493114.00","null",1,1,"Top","188.76","117.47",,,"null",,"null",,,,,,,"3.6600","1.7600","null","null","null","null","null","null",319831,"null","null","null","null","null","null","null","null","null","null","null","null","0.00",1,0,0,"null",3,"3"
"SI","2012-09-09","95.6","null","null","Joe Kelly",460075,523260,"null","foul",,,,,"13","null","R","R","R","STL","MIL","S","null","null",1,0,2012,"-1.7123250000000000","0.97830000000000000000","-1.2420","2.4900","null","493114.00","null",1,1,"Top","null","null",,,"null",,"null",,,,,,,"3.6600","1.7600","null","null","null","null","null","null",319831,"null","null","null","null","null","null","null","null","null","null","null","null","null","null","null","null","null",3,"2"
"SI","2012-09-09","96.2","null","null","Joe Kelly",460075,523260,"null","ball",,,,,"14","null","R","R","R","STL","MIL","B","null","null",0,0,2012,"-1.7443333333333333","1.24203333333333333333","0.5000","1.2820","null","493114.00","null",1,1,"Top","null","null",,,"null",,"null",,,,,,,"3.5900","1.7600","null","null","null","null","null","null",319831,"null","null","null","null","null","null","null","null","null","null","null","null","null","null","null","null","null",3,"1"
"SI","2012-09-09","94.8","null","null","Joe Kelly",430001,523260,"field_out","hit_into_play",,,,,"13","Rickie Weeks grounds out, third baseman Matt Carpenter to first baseman Allen Craig.","R","R","R","STL","MIL","X","5","ground_ball",0,0,2012,"-1.6538750000000000","1.01126666666666666667","-0.9200","2.2740","null","493114.00","null",0,1,"Top","106.43","174.70",,,"null",,"null",,,,,,,"3.5400","1.5900","null","null","null","null","null","null",319831,"null","null","null","null","null","null","null","null","null","null","null","null","0.00",1,0,0,"null",2,"1"
"SI","2012-09-09","94.8","null","null","Joe Kelly",493114,523260,"double","hit_into_play_no_out",,,,,"4","Norichika Aoki doubles (27) on a line drive to center fielder Jon Jay.","R","L","R","STL","MIL","X","null","line_drive",3,1,2012,"-1.7679916666666667","1.11016666666666666667","-0.7400","2.3580","null","null","null",0,1,"Top","161.65","42.17",,,"null",,"null",,,,,,,"3.1100","1.4000","null","null","null","null","null","null",319831,"null","null","null","null","null","null","null","null","null","null","null","null","1.25",1,1,1,"null",1,"5"
"SI","2012-09-09","95.3","null","null","Joe Kelly",493114,523260,"null","ball",,,,,"11","null","R","L","R","STL","MIL","B","null","null",2,1,2012,"-1.6914500000000000","1.10873333333333333333","-1.9840","2.6730","null","null","null",0,1,"Top","null","null",,,"null",,"null",,,,,,,"3.0600","1.4300","null","null","null","null","null","null",319831,"null","null","null","null","null","null","null","null","null","null","null","null","null","null","null","null","null",1,"4"
"SI","2012-09-09","94.3","null","null","Joe Kelly",493114,523260,"null","ball",,,,,"11","null","R","L","R","STL","MIL","B","null","null",1,1,2012,"-1.4590416666666667","1.12306666666666666667","-1.2930","2.9040","null","null","null",0,1,"Top","null","null",,,"null",,"null",,,,,,,"3.0700","1.4000","null","null","null","null","null","null",319831,"null","null","null","null","null","null","null","null","null","null","null","null","null","null","null","null","null",1,"3"
"SI","2012-09-09","95.4","null","null","Joe Kelly",493114,523260,"null","ball",,,,,"13","null","R","L","R","STL","MIL","B","null","null",0,1,2012,"-1.5759416666666667","1.16176666666666666667","-1.1620","2.0630","null","null","null",0,1,"Top","null","null",,,"null",,"null",,,,,,,"3.1100","1.4000","null","null","null","null","null","null",319831,"null","null","null","null","null","null","null","null","null","null","null","null","null","null","null","null","null",1,"2"
"SI","2012-09-09","94.5","null","null","Joe Kelly",493114,523260,"null","called_strike",,,,,"2","null","R","L","R","STL","MIL","S","null","null",0,0,2012,"-1.9155083333333333","1.4484333333333333","0.2060","2.6070","null","null","null",0,1,"Top","null","null",,,"null",,"null",,,,,,,"3.0600","1.3500","null","null","null","null","null","null",319831,"null","null","null","null","null","null","null","null","null","null","null","null","null","null","null","null","null",1,"1"
"SI","2012-09-03","95.1","null","null","Joe Kelly",400083,523260,"triple","hit_into_play_no_out",,,,,"4","Andres Torres triples (6) on a fly ball to center fielder Jon Jay.","R","L","R","STL","NYM","X","null","fly_ball",2,1,2012,"-1.6942333333333333","0.58986666666666666667","-0.7810","2.4840","null","null","null",2,7,"Top","151.61","39.16",,,"null",,"null",,,,,,,"3.2700","1.4600","null","null","null","null","null","null",319752,"null","null","null","null","null","null","null","null","null","null","null","null","1.60",1,1,2,"null",54,"4"
"CH","2012-09-03","84.3","null","null","Joe Kelly",400083,523260,"null","ball",,,,,"13","null","R","L","R","STL","NYM","B","null","null",1,1,2012,"-1.8041750000000000","0.42646666666666666667","-1.9950","2.3620","null","null","null",2,7,"Top","null","null",,,"null",,"null",,,,,,,"3.2700","1.4600","null","null","null","null","null","null",319752,"null","null","null","null","null","null","null","null","null","null","null","null","null","null","null","null","null",54,"3"
"SI","2012-09-03","94.7","null","null","Joe Kelly",400083,523260,"null","foul",,,,,"1","null","R","L","R","STL","NYM","S","null","null",1,0,2012,"-2.0059666666666667","0.86363333333333333333","-0.5590","2.9160","null","null","null",2,7,"Top","null","null",,,"null",,"null",,,,,,,"3.2700","1.4600","null","null","null","null","null","null",319752,"null","null","null","null","null","null","null","null","null","null","null","null","null","null","null","null","null",54,"2"
"SI","2012-09-03","94.9","null","null","Joe Kelly",400083,523260,"null","ball",,,,,"11","null","R","L","R","STL","NYM","B","null","null",0,0,2012,"-1.2614250000000000","0.98116666666666666667","-0.4770","3.8710","null","null","null",2,7,"Top","null","null",,,"null",,"null",,,,,,,"3.2700","1.4600","null","null","null","null","null","null",319752,"null","null","null","null","null","null","null","null","null","null","null","null","null","null","null","null","null",54,"1"
"SL","2012-09-03","80.5","null","null","Joe Kelly",431159,523260,"home_run","hit_into_play_score",,,,,"6","Kelly Shoppach homers (8) on a fly ball to left field.   Mike Baxter scores.","R","R","R","STL","NYM","X","null","fly_ball",0,1,2012,"0.47537500000000000000","-0.22856666666666666667","0.3020","2.6820","null","null","488689.00",2,7,"Top","44.18","51.20",,,"null",,"null",,,,,,,"3.3400","1.5000","null","null","null","null","null","null",319752,"null","null","null","null","null","null","null","null","null","null","null","null","2.00",1,0,3,"null",53,"2"
"SL","2012-09-03","79.8","null","null","Joe Kelly",431159,523260,"null","called_strike",,,,,"3","null","R","R","R","STL","NYM","S","null","null",0,0,2012,"0.18034166666666666667","-0.17266666666666666667","0.6060","3.1090","null","null","488689.00",2,7,"Top","null","null",,,"null",,"null",,,,,,,"3.3400","1.5000","null","null","null","null","null","null",319752,"null","null","null","null","null","null","null","null","null","null","null","null","null","null","null","null","null",53,"1"
"SI","2012-09-03","94.4","null","null","Joe Kelly",488689,523260,"walk","ball",,,,,"11","Mike Baxter walks.","R","L","R","STL","NYM","B","null","null",3,1,2012,"-1.7332000000000000","0.57266666666666666667","-1.8470","3.2370","null","null","null",2,7,"Top","null","null",,,"null",,"null",,,,,,,"3.5700","1.6400","null","null","null","null","null","null",319752,"null","null","null","null","null","null","null","null","null","null","null","null","0.70",1,0,0,"null",52,"5"
"SI","2012-09-03","95.8","null","null","Joe Kelly",488689,523260,"null","ball",,,,,"13","null","R","L","R","STL","NYM","B","null","null",2,1,2012,"-1.5801166666666667","0.92813333333333333333","-0.6250","1.3740","null","null","null",2,7,"Top","null","null",,,"null",,"null",,,,,,,"3.5700","1.6400","null","null","null","null","null","null",319752,"null","null","null","null","null","null","null","null","null","null","null","null","null","null","null","null","null",52,"4"
"SI","2012-09-03","93.2","null","null","Joe Kelly",488689,523260,"null","ball",,,,,"13","null","R","L","R","STL","NYM","B","null","null",1,1,2012,"-1.9377750000000000","0.73033333333333333333","-0.1580","0.9400","null","null","null",2,7,"Top","null","null",,,"null",,"null",,,,,,,"3.5700","1.6400","null","null","null","null","null","null",319752,"null","null","null","null","null","null","null","null","null","null","null","null","null","null","null","null","null",52,"3"
"SI","2012-09-03","95.0","null","null","Joe Kelly",488689,523260,"null","called_strike",,,,,"4","null","R","L","R","STL","NYM","S","null","null",1,0,2012,"-1.4089416666666667","0.83783333333333333333","-0.5470","2.4980","null","null","null",2,7,"Top","null","null",,,"null",,"null",,,,,,,"3.5700","1.6400","null","null","null","null","null","null",319752,"null","null","null","null","null","null","null","null","null","null","null","null","null","null","null","null","null",52,"2"
"SI","2012-09-03","97.8","null","null","Joe Kelly",488689,523260,"null","ball",,,,,"11","null","R","L","R","STL","NYM","B","null","null",0,0,2012,"-1.6789250000000000","0.71313333333333333333","-1.3030","3.0710","null","null","null",2,7,"Top","null","null",,,"null",,"null",,,,,,,"3.5700","1.6400","null","null","null","null","null","null",319752,"null","null","null","null","null","null","null","null","null","null","null","null","null","null","null","null","null",52,"1"
"SI","2012-09-03","95.3","null","null","Joe Kelly",446263,523260,"field_out","hit_into_play",,,,,"5","Lucas Duda flies out to left fielder Matt Holliday.","R","L","R","STL","NYM","X","7","fly_ball",0,0,2012,"-2.1047750000000000","0.57553333333333333333","0.0280","2.5410","null","null","null",1,7,"Top","59.24","116.47",,,"null",,"null",,,,,,,"3.6500","1.7700","null","null","null","null","null","null",319752,"null","null","null","null","null","null","null","null","null","null","null","null","0.00",1,0,0,"null",51,"1"
"SI","2012-09-03","94.1","null","null","Joe Kelly",477195,523260,"strikeout","swinging_strike",,,,,"1","Ike Davis strikes out swinging.","R","L","R","STL","NYM","S","null","null",3,2,2012,"-1.8055666666666667","0.67300000000000000000","-0.5850","2.9670","null","null","null",0,7,"Top","null","null",,,"null",,"null",,,,,,,"3.4000","1.5900","null","null","null","null","null","null",319752,"null","null","null","null","null","null","null","null","null","null","null","null","0.00",1,0,0,"null",50,"7"
"SI","2012-09-03","95.3","null","null","Joe Kelly",477195,523260,"null","ball",,,,,"3","null","R","L","R","STL","NYM","B","null","null",2,2,2012,"-1.2586416666666667","0.78193333333333333333","0.7210","3.5040","null","null","null",0,7,"Top","null","null",,,"null",,"null",,,,,,,"3.4000","1.5900","null","null","null","null","null","null",319752,"null","null","null","null","null","null","null","null","null","null","null","null","null","null","null","null","null",50,"6"
"SI","2012-09-03","95.5","null","null","Joe Kelly",477195,523260,"null","foul",,,,,"2","null","R","L","R","STL","NYM","S","null","null",2,2,2012,"-1.8055666666666667","0.76186666666666666667","0.0700","2.9150","null","null","null",0,7,"Top","null","null",,,"null",,"null",,,,,,,"3.4000","1.5900","null","null","null","null","null","null",319752,"null","null","null","null","null","null","null","null","null","null","null","null","null","null","null","null","null",50,"5"
"CH","2012-09-03","85.1","null","null","Joe Kelly",477195,523260,"null","ball",,,,,"13","null","R","L","R","STL","NYM","B","null","null",1,2,2012,"-1.7721666666666667","0.50673333333333333333","-0.2960","0.6750","null","null","null",0,7,"Top","null","null",,,"null",,"null",,,,,,,"3.4000","1.5900","null","null","null","null","null","null",319752,"null","null","null","null","null","null","null","null","null","null","null","null","null","null","null","null","null",50,"4"
"SI","2012-09-03","96.0","null","null","Joe Kelly",477195,523260,"null","foul",,,,,"5","null","R","L","R","STL","NYM","S","null","null",1,1,2012,"-1.7749500000000000","0.67156666666666666667","0.0720","2.4260","null","null","null",0,7,"Top","null","null",,,"null",,"null",,,,,,,"3.4000","1.5900","null","null","null","null","null","null",319752,"null","null","null","null","null","null","null","null","null","null","null","null","null","null","null","null","null",50,"3"
"CH","2012-09-03","83.9","null","null","Joe Kelly",477195,523260,"null","ball",,,,,"14","null","R","L","R","STL","NYM","B","null","null",0,1,2012,"-1.8890666666666667","0.36626666666666666667","0.6630","1.1630","null","null","null",0,7,"Top","null","null",,,"null",,"null",,,,,,,"3.4000","1.5900","null","null","null","null","null","null",319752,"null","null","null","null","null","null","null","null","null","null","null","null","null","null","null","null","null",50,"2"
"CH","2012-09-03","84.0","null","null","Joe Kelly",477195,523260,"null","called_strike",,,,,"1","null","R","L","R","STL","NYM","S","null","null",0,0,2012,"-1.8167000000000000","0.30463333333333333333","-0.8140","3.0630","null","null","null",0,7,"Top","null","null",,,"null",,"null",,,,,,,"3.4000","1.5900","null","null","null","null","null","null",319752,"null","null","null","null","null","null","null","null","null","null","null","null","null","null","null","null","null",50,"1"
"SL","2012-09-03","82.5","null","null","Joe Kelly",431151,523260,"strikeout","swinging_strike",,,,,"8","David Wright strikes out swinging.","R","R","R","STL","NYM","S","null","null",1,2,2012,"0.74675000000000000000","-0.77180000000000000000","-0.0110","1.9270","null","null","null",2,6,"Top","null","null",,,"null",,"null",,,,,,,"3.4900","1.6400","null","null","null","null","null","null",319752,"null","null","null","null","null","null","null","null","null","null","null","null","0.00",1,0,0,"null",44,"4"
"SI","2012-09-03","95.3","null","null","Joe Kelly",431151,523260,"null","called_strike",,,,,"8","null","R","R","R","STL","NYM","S","null","null",1,1,2012,"-1.5258416666666667","0.94820000000000000000","0.1110","1.7130","null","null","null",2,6,"Top","null","null",,,"null",,"null",,,,,,,"3.4900","1.6400","null","null","null","null","null","null",319752,"null","null","null","null","null","null","null","null","null","null","null","null","null","null","null","null","null",44,"3"
"SI","2012-09-03","96.0","null","null","Joe Kelly",431151,523260,"null","foul",,,,,"4","null","R","R","R","STL","NYM","S","null","null",1,0,2012,"-1.9614333333333333","0.55976666666666666667","-0.7600","2.4300","null","null","null",2,6,"Top","null","null",,,"null",,"null",,,,,,,"3.4900","1.6400","null","null","null","null","null","null",319752,"null","null","null","null","null","null","null","null","null","null","null","null","null","null","null","null","null",44,"2"
"SI","2012-09-03","97.1","null","null","Joe Kelly",431151,523260,"null","ball",,,,,"3","null","R","R","R","STL","NYM","B","null","null",0,0,2012,"-1.9809166666666667","0.69163333333333333333","0.3770","3.2060","null","null","null",2,6,"Top","null","null",,,"null",,"null",,,,,,,"3.2900","1.6200","null","null","null","null","null","null",319752,"null","null","null","null","null","null","null","null","null","null","null","null","null","null","null","null","null",44,"1"
"SI","2012-09-03","96.0","null","null","Joe Kelly",502517,523260,"field_out","hit_into_play",,,,,"1","Daniel Murphy grounds out, shortstop Daniel Descalso to first baseman Matt Carpenter.","R","L","R","STL","NYM","X","6","ground_ball",0,0,2012,"-1.9127250000000000","0.63286666666666666667","-0.7720","2.7890","null","null","null",1,6,"Top","111.45","158.63",,,"null",,"null",,,,,,,"3.3300","1.5300","null","null","null","null","null","null",319752,"null","null","null","null","null","null","null","null","null","null","null","null","0.00",1,0,0,"null",43,"1"
"SI","2012-09-03","95.9","null","null","Joe Kelly",514913,523260,"field_out","hit_into_play",,,,,"1","Ruben Tejada grounds out, shortstop Daniel Descalso to first baseman Matt Carpenter.","R","R","R","STL","NYM","X","6","ground_ball",0,1,2012,"-1.7860833333333333","1.00123333333333333333","-0.3330","2.6620","null","null","null",0,6,"Top","107.43","153.61",,,"null",,"null",,,,,,,"3.1400","1.4300","null","null","null","null","null","null",319752,"null","null","null","null","null","null","null","null","null","null","null","null","0.00",1,0,0,"null",42,"2"
"SI","2012-09-03","95.5","null","null","Joe Kelly",514913,523260,"null","called_strike",,,,,"5","null","R","R","R","STL","NYM","S","null","null",0,0,2012,"-1.8890666666666667","0.86793333333333333333","-0.2260","2.5920","null","null","null",0,6,"Top","null","null",,,"null",,"null",,,,,,,"3.1400","1.4300","null","null","null","null","null","null",319752,"null","null","null","null","null","null","null","null","null","null","null","null","null","null","null","null","null",42,"1"
"SL","2012-09-03","82.8","null","null","Joe Kelly",518963,523260,"field_out","hit_into_play",,,,,"14","Zach Lutz grounds out, shortstop Daniel Descalso to first baseman Matt Carpenter.","R","R","R","STL","NYM","X","6","ground_ball",0,1,2012,"0.70500000000000000000","0.02513333333333333333","0.8940","2.1890","null","null","null",2,5,"Top","108.43","156.63",,,"null",,"null",,,,,,,"3.5900","1.6500","null","null","null","null","null","null",319752,"null","null","null","null","null","null","null","null","null","null","null","null","0.00",1,0,0,"null",38,"2"
"SI","2012-09-03","96.9","null","null","Joe Kelly",518963,523260,"null","called_strike",,,,,"5","null","R","R","R","STL","NYM","S","null","null",0,0,2012,"-1.5508916666666667","1.22483333333333333333","0.2470","2.5340","null","null","null",2,5,"Top","null","null",,,"null",,"null",,,,,,,"3.5900","1.6500","null","null","null","null","null","null",319752,"null","null","null","null","null","null","null","null","null","null","null","null","null","null","null","null","null",38,"1"
"SI","2012-09-03","95.7","null","null","Joe Kelly",400083,523260,"field_out","hit_into_play",,,,,"4","Andres Torres grounds out, shortstop Daniel Descalso to first baseman Matt Carpenter.","R","L","R","STL","NYM","X","6","ground_ball",0,1,2012,"-1.4938333333333333","1.02990000000000000000","-0.6580","2.3910","null","null","null",1,5,"Top","109.44","155.62",,,"null",,"null",,,,,,,"3.2700","1.4600","null","null","null","null","null","null",319752,"null","null","null","null","null","null","null","null","null","null","null","null","0.00",1,0,0,"null",37,"2"
"SI","2012-09-03","95.7","null","null","Joe Kelly",400083,523260,"null","called_strike",,,,,"6","null","R","L","R","STL","NYM","S","null","null",0,0,2012,"-1.5870750000000000","0.88943333333333333333","0.3870","2.4110","null","null","null",1,5,"Top","null","null",,,"null",,"null",,,,,,,"3.2700","1.4600","null","null","null","null","null","null",319752,"null","null","null","null","null","null","null","null","null","null","null","null","null","null","null","null","null",37,"1"
"SI","2012-09-03","97.2","null","null","Joe Kelly",431159,523260,"field_out","hit_into_play",,,,,"2","Kelly Shoppach flies out to center fielder Jon Jay.","R","R","R","STL","NYM","X","8","fly_ball",2,2,2012,"-1.4493000000000000","0.89803333333333333333","0.1600","2.8330","null","null","null",0,5,"Top","104.42","45.18",,,"null",,"null",,,,,,,"3.3400","1.5000","null","null","null","null","null","null",319752,"null","null","null","null","null","null","null","null","null","null","null","null","0.00",1,0,0,"null",36,"6"
"CH","2012-09-03","83.7","null","null","Joe Kelly",431159,523260,"null","foul",,,,,"11","null","R","R","R","STL","NYM","S","null","null",2,2,2012,"-1.5355833333333333","0.64433333333333333333","-0.8600","2.6500","null","null","null",0,5,"Top","null","null",,,"null",,"null",,,,,,,"3.3400","1.5000","null","null","null","null","null","null",319752,"null","null","null","null","null","null","null","null","null","null","null","null","null","null","null","null","null",36,"5"
"SI","2012-09-03","95.4","null","null","Joe Kelly",431159,523260,"null","foul",,,,,"3","null","R","R","R","STL","NYM","S","null","null",2,1,2012,"-1.5369750000000000","0.96253333333333333333","0.4300","2.8120","null","null","null",0,5,"Top","null","null",,,"null",,"null",,,,,,,"3.3400","1.5000","null","null","null","null","null","null",319752,"null","null","null","null","null","null","null","null","null","null","null","null","null","null","null","null","null",36,"4"
"SI","2012-09-03","94.5","null","null","Joe Kelly",431159,523260,"null","foul",,,,,"8","null","R","R","R","STL","NYM","S","null","null",2,0,2012,"-1.4743500000000000","0.83210000000000000000","0.1840","1.9770","null","null","null",0,5,"Top","null","null",,,"null",,"null",,,,,,,"3.3400","1.5000","null","null","null","null","null","null",319752,"null","null","null","null","null","null","null","null","null","null","null","null","null","null","null","null","null",36,"3"
"SI","2012-09-03","94.0","null","null","Joe Kelly",431159,523260,"null","ball",,,,,"12","null","R","R","R","STL","NYM","B","null","null",1,0,2012,"-1.3059583333333333","0.56980000000000000000","0.1690","3.9470","null","null","null",0,5,"Top","null","null",,,"null",,"null",,,,,,,"3.3400","1.5000","null","null","null","null","null","null",319752,"null","null","null","null","null","null","null","null","null","null","null","null","null","null","null","null","null",36,"2"
"SL","2012-09-03","80.2","null","null","Joe Kelly",431159,523260,"null","ball",,,,,"14","null","R","R","R","STL","NYM","B","null","null",0,0,2012,"0.07596666666666666667","-0.28590000000000000000","1.0220","0.8630","null","null","null",0,5,"Top","null","null",,,"null",,"null",,,,,,,"3.3400","1.5000","null","null","null","null","null","null",319752,"null","null","null","null","null","null","null","null","null","null","null","null","null","null","null","null","null",36,"1"
"SI","2012-09-03","96.5","null","null","Joe Kelly",488689,523260,"field_out","hit_into_play",,,,,"5","Mike Baxter grounds out, second baseman Skip Schumaker to first baseman Matt Carpenter.","R","L","R","STL","NYM","X","4","ground_ball",0,1,2012,"-1.7638166666666667","0.71886666666666666667","-0.2330","2.7040","null","477195.00","null",2,4,"Top","150.60","157.63",,,"null",,"null",,,,,,,"3.5700","1.6400","null","null","null","null","null","null",319752,"null","null","null","null","null","null","null","null","null","null","null","null","0.00",1,0,0,"null",31,"2"
"CH","2012-09-03","83.1","null","null","Joe Kelly",488689,523260,"null","called_strike",,,,,"11","null","R","L","R","STL","NYM","S","null","null",0,0,2012,"-1.7596416666666667","0.14410000000000000000","-0.9730","2.8170","null","477195.00","null",2,4,"Top","null","null",,,"null",,"null",,,,,,,"3.5700","1.6400","null","null","null","null","null","null",319752,"null","null","null","null","null","null","null","null","null","null","null","null","null","null","null","null","null",31,"1"
"CH","2012-09-03","85.0","null","null","Joe Kelly",446263,523260,"field_out","hit_into_play",,,,,"4","Lucas Duda pops out to third baseman David Freese.","R","L","R","STL","NYM","X","5","popup",1,0,2012,"-1.8013916666666667","0.33043333333333333333","-0.7510","2.5920","null","477195.00","null",1,4,"Top","99.40","168.67",,,"null",,"null",,,,,,,"3.6500","1.7700","null","null","null","null","null","null",319752,"null","null","null","null","null","null","null","null","null","null","null","null","0.00",1,0,0,"null",30,"2"
"CH","2012-09-03","86.0","null","null","Joe Kelly",446263,523260,"null","ball",,,,,"13","null","R","L","R","STL","NYM","B","null","null",0,0,2012,"-2.0546750000000000","0.32040000000000000000","-0.5210","1.1390","null","477195.00","null",1,4,"Top","null","null",,,"null",,"null",,,,,,,"3.6500","1.7700","null","null","null","null","null","null",319752,"null","null","null","null","null","null","null","null","null","null","null","null","null","null","null","null","null",30,"1"
"SI","2012-09-03","95.1","null","null","Joe Kelly",477195,523260,"double","hit_into_play_no_out",,,,,"4","Ike Davis doubles (22) on a line drive to center fielder Jon Jay.","R","L","R","STL","NYM","X","null","line_drive",2,0,2012,"-1.7499000000000000","0.83066666666666666667","-0.5970","2.3610","null","null","null",1,4,"Top","142.57","57.23",,,"null",,"null",,,,,,,"3.4000","1.5900","null","null","null","null","null","null",319752,"null","null","null","null","null","null","null","null","null","null","null","null","1.25",1,1,1,"null",29,"3"
"CH","2012-09-03","85.9","null","null","Joe Kelly",477195,523260,"null","ball",,,,,"13","null","R","L","R","STL","NYM","B","null","null",1,0,2012,"-1.7178916666666667","0.65436666666666666667","-1.5470","1.9130","null","null","null",1,4,"Top","null","null",,,"null",,"null",,,,,,,"3.4000","1.5900","null","null","null","null","null","null",319752,"null","null","null","null","null","null","null","null","null","null","null","null","null","null","null","null","null",29,"2"
"SI","2012-09-03","97.2","null","null","Joe Kelly",477195,523260,"null","ball",,,,,"13","null","R","L","R","STL","NYM","B","null","null",0,0,2012,"-1.7610333333333333","0.57123333333333333333","-1.1300","2.1070","null","null","null",1,4,"Top","null","null",,,"null",,"null",,,,,,,"3.4000","1.5900","null","null","null","null","null","null",319752,"null","null","null","null","null","null","null","null","null","null","null","null","null","null","null","null","null",29,"1"
"SI","2012-09-03","92.7","null","null","Joe Kelly",431151,523260,"field_out","hit_into_play",,,,,"4","David Wright grounds out, shortstop Daniel Descalso to first baseman Matt Carpenter.","R","R","R","STL","NYM","X","6","ground_ball",1,1,2012,"-1.8974166666666667","0.84356666666666666667","-0.4340","2.4790","null","null","null",0,4,"Top","107.43","152.61",,,"null",,"null",,,,,,,"3.4900","1.6400","null","null","null","null","null","null",319752,"null","null","null","null","null","null","null","null","null","null","null","null","0.00",1,0,0,"null",28,"3"
"SL","2012-09-03","81.6","null","null","Joe Kelly",431151,523260,"null","ball",,,,,"14","null","R","R","R","STL","NYM","B","null","null",0,1,2012,"0.73422500000000000000","0.02226666666666666667","2.5080","1.6220","null","null","null",0,4,"Top","null","null",,,"null",,"null",,,,,,,"3.4900","1.6400","null","null","null","null","null","null",319752,"null","null","null","null","null","null","null","null","null","null","null","null","null","null","null","null","null",28,"2"
"SI","2012-09-03","93.8","null","null","Joe Kelly",431151,523260,"null","called_strike",,,,,"7","null","R","R","R","STL","NYM","S","null","null",0,0,2012,"-1.7554666666666667","0.92956666666666666667","-0.4650","1.8750","null","null","null",0,4,"Top","null","null",,,"null",,"null",,,,,,,"3.4900","1.6400","null","null","null","null","null","null",319752,"null","null","null","null","null","null","null","null","null","null","null","null","null","null","null","null","null",28,"1"
"SI","2012-09-03","95.8","null","null","Joe Kelly",502517,523260,"walk","ball",,,,,"11","Daniel Murphy walks.","R","L","R","STL","NYM","B","null","null",3,2,2012,"-1.7888666666666667","0.86363333333333333333","-1.1620","3.2540","null","null","null",2,3,"Top","null","null",,,"null",,"null",,,,,,,"3.3300","1.5300","null","null","null","null","null","null",319752,"null","null","null","null","null","null","null","null","null","null","null","null","0.70",1,0,0,"null",19,"7"
"SI","2012-09-03","96.4","null","null","Joe Kelly",502517,523260,"null","foul",,,,,"11","null","R","L","R","STL","NYM","S","null","null",3,2,2012,"-1.9433416666666667","0.87940000000000000000","-1.0260","2.8360","null","null","null",2,3,"Top","null","null",,,"null",,"null",,,,,,,"3.3300","1.5300","null","null","null","null","null","null",319752,"null","null","null","null","null","null","null","null","null","null","null","null","null","null","null","null","null",19,"6"
"SI","2012-09-03","95.7","null","null","Joe Kelly",502517,523260,"null","foul",,,,,"5","null","R","L","R","STL","NYM","S","null","null",3,1,2012,"-1.7652083333333333","0.81490000000000000000","-0.0040","2.5300","null","null","null",2,3,"Top","null","null",,,"null",,"null",,,,,,,"3.3300","1.5300","null","null","null","null","null","null",319752,"null","null","null","null","null","null","null","null","null","null","null","null","null","null","null","null","null",19,"5"
"SI","2012-09-03","93.8","null","null","Joe Kelly",502517,523260,"null","ball",,,,,"11","null","R","L","R","STL","NYM","B","null","null",2,1,2012,"-1.6928416666666667","0.72460000000000000000","-0.9540","3.2920","null","null","null",2,3,"Top","null","null",,,"null",,"null",,,,,,,"3.3300","1.5300","null","null","null","null","null","null",319752,"null","null","null","null","null","null","null","null","null","null","null","null","null","null","null","null","null",19,"4"
"SI","2012-09-03","95.7","null","null","Joe Kelly",502517,523260,"null","ball",,,,,"14","null","R","L","R","STL","NYM","B","null","null",1,1,2012,"-1.8306166666666667","1.04136666666666666667","0.9030","1.9060","null","null","null",2,3,"Top","null","null",,,"null",,"null",,,,,,,"3.3300","1.5300","null","null","null","null","null","null",319752,"null","null","null","null","null","null","null","null","null","null","null","null","null","null","null","null","null",19,"3"
"SI","2012-09-03","94.4","null","null","Joe Kelly",502517,523260,"null","ball",,,,,"11","null","R","L","R","STL","NYM","B","null","null",0,1,2012,"-1.7749500000000000","0.63860000000000000000","-1.3170","2.9230","null","null","null",2,3,"Top","null","null",,,"null",,"null",,,,,,,"3.3300","1.5300","null","null","null","null","null","null",319752,"null","null","null","null","null","null","null","null","null","null","null","null","null","null","null","null","null",19,"2"
"SI","2012-09-03","95.2","null","null","Joe Kelly",502517,523260,"null","called_strike",,,,,"11","null","R","L","R","STL","NYM","S","null","null",0,0,2012,"-1.8236583333333333","0.47233333333333333333","-0.9230","2.6110","null","null","null",2,3,"Top","null","null",,,"null",,"null",,,,,,,"3.3300","1.5300","null","null","null","null","null","null",319752,"null","null","null","null","null","null","null","null","null","null","null","null","null","null","null","null","null",19,"1"
"SI","2012-09-03","94.7","null","null","Joe Kelly",514913,523260,"field_out","hit_into_play",,,,,"2","Ruben Tejada flies out to center fielder Jon Jay.","R","R","R","STL","NYM","X","8","fly_ball",2,1,2012,"-1.5161000000000000","0.86076666666666666667","-0.2290","2.7110","null","null","null",1,3,"Top","106.43","69.28",,,"null",,"null",,,,,,,"3.1400","1.4300","null","null","null","null","null","null",319752,"null","null","null","null","null","null","null","null","null","null","null","null","0.00",1,0,0,"null",18,"4"
"SL","2012-09-03","79.3","null","null","Joe Kelly",514913,523260,"null","ball",,,,,"12","null","R","R","R","STL","NYM","B","null","null",1,1,2012,"0.48094166666666666667","-0.10386666666666666667","1.3020","2.4300","null","null","null",1,3,"Top","null","null",,,"null",,"null",,,,,,,"3.1400","1.4300","null","null","null","null","null","null",319752,"null","null","null","null","null","null","null","null","null","null","null","null","null","null","null","null","null",18,"3"
"SL","2012-09-03","80.3","null","null","Joe Kelly",514913,523260,"null","ball",,,,,"11","null","R","R","R","STL","NYM","B","null","null",0,1,2012,"0.34316666666666666667","-0.27013333333333333333","-0.6120","3.6470","null","null","null",1,3,"Top","null","null",,,"null",,"null",,,,,,,"3.1400","1.4300","null","null","null","null","null","null",319752,"null","null","null","null","null","null","null","null","null","null","null","null","null","null","null","null","null",18,"2"
"SI","2012-09-03","93.0","null","null","Joe Kelly",514913,523260,"null","called_strike",,,,,"1","null","R","R","R","STL","NYM","S","null","null",0,0,2012,"-1.4994000000000000","0.61280000000000000000","-0.3880","3.0660","null","null","null",1,3,"Top","null","null",,,"null",,"null",,,,,,,"3.1400","1.4300","null","null","null","null","null","null",319752,"null","null","null","null","null","null","null","null","null","null","null","null","null","null","null","null","null",18,"1"
"SI","2012-09-03","94.3","null","null","Joe Kelly",543521,523260,"field_out","hit_into_play",,,,,"5","Collin McHugh grounds out, shortstop Daniel Descalso to first baseman Matt Carpenter.","R","R","R","STL","NYM","X","6","ground_ball",1,2,2012,"-1.6163000000000000","0.72316666666666666667","-0.1570","2.7620","null","null","null",0,3,"Top","131.53","152.61",,,"null",,"null",,,,,,,"3.5900","1.6200","null","null","null","null","null","null",319752,"null","null","null","null","null","null","null","null","null","null","null","null","0.00",1,0,0,"null",17,"4"
"SI","2012-09-03","96.4","null","null","Joe Kelly",543521,523260,"null","ball",,,,,"12","null","R","R","R","STL","NYM","B","null","null",0,2,2012,"-1.4548666666666667","1.07146666666666666667","1.0250","3.3600","null","null","null",0,3,"Top","null","null",,,"null",,"null",,,,,,,"3.5900","1.6200","null","null","null","null","null","null",319752,"null","null","null","null","null","null","null","null","null","null","null","null","null","null","null","null","null",17,"3"
"SI","2012-09-03","93.4","null","null","Joe Kelly",543521,523260,"null","called_strike",,,,,"5","null","R","R","R","STL","NYM","S","null","null",0,1,2012,"-1.6594416666666667","1.02990000000000000000","0.2600","2.6960","null","null","null",0,3,"Top","null","null",,,"null",,"null",,,,,,,"3.5900","1.6200","null","null","null","null","null","null",319752,"null","null","null","null","null","null","null","null","null","null","null","null","null","null","null","null","null",17,"2"
"SI","2012-09-03","90.8","null","null","Joe Kelly",543521,523260,"null","called_strike",,,,,"4","null","R","R","R","STL","NYM","S","null","null",0,0,2012,"-1.6970166666666667","0.98833333333333333333","-0.4730","2.4690","null","null","null",0,3,"Top","null","null",,,"null",,"null",,,,,,,"3.5900","1.6200","null","null","null","null","null","null",319752,"null","null","null","null","null","null","null","null","null","null","null","null","null","null","null","null","null",17,"1"
"SI","2012-09-03","95.8","null","null","Joe Kelly",400083,523260,"field_out","hit_into_play",,,,,"4","Andres Torres grounds out to first baseman Matt Carpenter.","R","L","R","STL","NYM","X","3","ground_ball",1,0,2012,"-1.6942333333333333","0.57410000000000000000","-0.2880","2.3510","null","488689.00","null",2,2,"Top","151.61","167.67",,,"null",,"null",,,,,,,"3.2700","1.4600","null","null","null","null","null","null",319752,"null","null","null","null","null","null","null","null","null","null","null","null","0.00",1,0,0,"null",12,"2"
"SI","2012-09-03","95.7","null","null","Joe Kelly",400083,523260,"null","ball",,,,,"13","null","R","L","R","STL","NYM","B","null","null",0,0,2012,"-1.8904583333333333","0.84500000000000000000","-0.6590","0.8980","null","null","488689.00",2,2,"Top","null","null",,,"null",,"null",,,,,,,"3.2700","1.4600","null","null","null","null","null","null",319752,"null","null","null","null","null","null","null","null","null","null","null","null","null","null","null","null","null",12,"1"
"SL","2012-09-03","79.4","null","null","Joe Kelly",431159,523260,"field_out","hit_into_play",,,,,"6","Kelly Shoppach flies out to center fielder Jon Jay.","R","R","R","STL","NYM","X","8","fly_ball",1,2,2012,"0.55609166666666666667","0.12976666666666666667","0.3130","2.3800","null","null","488689.00",1,2,"Top","137.55","75.30",,,"null",,"null",,,,,,,"3.3400","1.5000","null","null","null","null","null","null",319752,"null","null","null","null","null","null","null","null","null","null","null","null","0.00",1,0,0,"null",11,"4"
"SI","2012-09-03","95.5","null","null","Joe Kelly",431159,523260,"null","foul",,,,,"2","null","R","R","R","STL","NYM","S","null","null",1,1,2012,"-1.6107333333333333","0.76186666666666666667","0.2730","2.8720","null","null","488689.00",1,2,"Top","null","null",,,"null",,"null",,,,,,,"3.3400","1.5000","null","null","null","null","null","null",319752,"null","null","null","null","null","null","null","null","null","null","null","null","null","null","null","null","null",11,"3"
"SI","2012-09-03","91.5","null","null","Joe Kelly",431159,523260,"null","ball",,,,,"13","null","R","R","R","STL","NYM","B","null","null",0,1,2012,"-1.5035750000000000","0.70453333333333333333","-1.6780","1.8630","null","null","488689.00",1,2,"Top","null","null",,,"null",,"null",,,,,,,"3.3400","1.5000","null","null","null","null","null","null",319752,"null","null","null","null","null","null","null","null","null","null","null","null","null","null","null","null","null",11,"2"
"FF","2012-09-03","95.8","null","null","Joe Kelly",431159,523260,"null","swinging_strike",,,,,"11","null","R","R","R","STL","NYM","S","null","null",0,0,2012,"-1.14591666666666666667","1.4398333333333333","-0.1240","4.1140","null","null","488689.00",1,2,"Top","null","null",,,"null",,"null",,,,,,,"3.3400","1.5000","null","null","null","null","null","null",319752,"null","null","null","null","null","null","null","null","null","null","null","null","null","null","null","null","null",11,"1"
"SI","2012-09-03","96.9","null","null","Joe Kelly",488689,523260,"single","hit_into_play_no_out",,,,,"4","Mike Baxter singles on a ground ball to center fielder Jon Jay.","R","L","R","STL","NYM","X","null","ground_ball",3,2,2012,"-1.8306166666666667","0.83066666666666666667","-0.3850","2.3070","null","null","null",1,2,"Top","121.49","85.34",,,"null",,"null",,,,,,,"3.5700","1.6400","null","null","null","null","null","null",319752,"null","null","null","null","null","null","null","null","null","null","null","null","0.90",1,1,0,"null",10,"8"
"SI","2012-09-03","95.8","null","null","Joe Kelly",488689,523260,"null","foul",,,,,"1","null","R","L","R","STL","NYM","S","null","null",3,2,2012,"-1.4966166666666667","0.96396666666666666667","-0.4190","3.2360","null","null","null",1,2,"Top","null","null",,,"null",,"null",,,,,,,"3.5700","1.6400","null","null","null","null","null","null",319752,"null","null","null","null","null","null","null","null","null","null","null","null","null","null","null","null","null",10,"7"
"SI","2012-09-03","95.8","null","null","Joe Kelly",488689,523260,"null","foul",,,,,"8","null","R","L","R","STL","NYM","S","null","null",3,2,2012,"-1.8821083333333333","0.50960000000000000000","-0.1640","1.5560","null","null","null",1,2,"Top","null","null",,,"null",,"null",,,,,,,"3.5700","1.6400","null","null","null","null","null","null",319752,"null","null","null","null","null","null","null","null","null","null","null","null","null","null","null","null","null",10,"6"
"SI","2012-09-03","97.2","null","null","Joe Kelly",488689,523260,"null","ball",,,,,"11","null","R","L","R","STL","NYM","B","null","null",2,2,2012,"-1.8542750000000000","0.50816666666666666667","-1.5230","3.1900","null","null","null",1,2,"Top","null","null",,,"null",,"null",,,,,,,"3.5700","1.6400","null","null","null","null","null","null",319752,"null","null","null","null","null","null","null","null","null","null","null","null","null","null","null","null","null",10,"5"
"SI","2012-09-03","95.6","null","null","Joe Kelly",488689,523260,"null","foul",,,,,"7","null","R","L","R","STL","NYM","S","null","null",2,1,2012,"-1.6886666666666667","0.72316666666666666667","-0.4050","2.2040","null","null","null",1,2,"Top","null","null",,,"null",,"null",,,,,,,"3.5700","1.6400","null","null","null","null","null","null",319752,"null","null","null","null","null","null","null","null","null","null","null","null","null","null","null","null","null",10,"4"
"SI","2012-09-03","96.4","null","null","Joe Kelly",488689,523260,"null","ball",,,,,"14","null","R","L","R","STL","NYM","B","null","null",1,1,2012,"-1.6928416666666667","1.03993333333333333333","1.0490","2.1260","null","null","null",1,2,"Top","null","null",,,"null",,"null",,,,,,,"3.5700","1.6400","null","null","null","null","null","null",319752,"null","null","null","null","null","null","null","null","null","null","null","null","null","null","null","null","null",10,"3"
"SI","2012-09-03","96.1","null","null","Joe Kelly",488689,523260,"null","foul",,,,,"4","null","R","L","R","STL","NYM","S","null","null",1,0,2012,"-1.6775333333333333","0.83783333333333333333","-0.6750","2.3440","null","null","null",1,2,"Top","null","null",,,"null",,"null",,,,,,,"3.5700","1.6400","null","null","null","null","null","null",319752,"null","null","null","null","null","null","null","null","null","null","null","null","null","null","null","null","null",10,"2"
"SI","2012-09-03","96.1","null","null","Joe Kelly",488689,523260,"null","ball",,,,,"13","null","R","L","R","STL","NYM","B","null","null",0,0,2012,"-1.8417500000000000","1.08580000000000000000","-0.7520","1.0870","null","null","null",1,2,"Top","null","null",,,"null",,"null",,,,,,,"3.5700","1.6400","null","null","null","null","null","null",319752,"null","null","null","null","null","null","null","null","null","null","null","null","null","null","null","null","null",10,"1"
"CH","2012-09-03","86.3","null","null","Joe Kelly",446263,523260,"strikeout","swinging_strike",,,,,"14","Lucas Duda strikes out swinging.","R","L","R","STL","NYM","S","null","null",1,2,2012,"-1.6719666666666667","0.97113333333333333333","0.2770","1.5590","null","null","null",0,2,"Top","null","null",,,"null",,"null",,,,,,,"3.6500","1.7700","null","null","null","null","null","null",319752,"null","null","null","null","null","null","null","null","null","null","null","null","0.00",1,0,0,"null",9,"4"
"CH","2012-09-03","85.7","null","null","Joe Kelly",446263,523260,"null","ball",,,,,"14","null","R","L","R","STL","NYM","B","null","null",0,2,2012,"-1.8194833333333333","0.51533333333333333333","0.0720","0.7070","null","null","null",0,2,"Top","null","null",,,"null",,"null",,,,,,,"3.6500","1.7700","null","null","null","null","null","null",319752,"null","null","null","null","null","null","null","null","null","null","null","null","null","null","null","null","null",9,"3"
"SI","2012-09-03","95.6","null","null","Joe Kelly",446263,523260,"null","called_strike",,,,,"13","null","R","L","R","STL","NYM","S","null","null",0,1,2012,"-1.7860833333333333","0.67156666666666666667","-1.1250","2.1920","null","null","null",0,2,"Top","null","null",,,"null",,"null",,,,,,,"3.6300","1.8200","null","null","null","null","null","null",319752,"null","null","null","null","null","null","null","null","null","null","null","null","null","null","null","null","null",9,"2"
"SI","2012-09-03","95.4","null","null","Joe Kelly",446263,523260,"null","called_strike",,,,,"7","null","R","L","R","STL","NYM","S","null","null",0,0,2012,"-1.5759416666666667","0.67443333333333333333","-0.3020","1.9390","null","null","null",0,2,"Top","null","null",,,"null",,"null",,,,,,,"3.6500","1.7700","null","null","null","null","null","null",319752,"null","null","null","null","null","null","null","null","null","null","null","null","null","null","null","null","null",9,"1"
"SI","2012-09-03","94.6","null","null","Joe Kelly",477195,523260,"field_out","hit_into_play",,,,,"13","Ike Davis grounds out, second baseman Skip Schumaker to first baseman Matt Carpenter.","R","L","R","STL","NYM","X","4","ground_ball",1,0,2012,"-1.5397583333333333","0.82206666666666666667","-0.0930","1.4290","null","null","431151.00",2,1,"Top","158.63","141.57",,,"null",,"null",,,,,,,"3.4000","1.5900","null","null","null","null","null","null",319752,"null","null","null","null","null","null","null","null","null","null","null","null","0.00",1,0,0,"null",4,"2"
"SI","2012-09-03","94.1","null","null","Joe Kelly",477195,523260,"null","ball",,,,,"13","null","R","L","R","STL","NYM","B","null","null",0,0,2012,"-1.6246500000000000","0.77763333333333333333","-2.4320","1.8610","null","null","431151.00",2,1,"Top","null","null",,,"null",,"null",,,,,,,"3.4000","1.5900","null","null","null","null","null","null",319752,"null","null","null","null","null","null","null","null","null","null","null","null","null","null","null","null","null",4,"1"
"SI","2012-09-03","94.4","null","null","Joe Kelly",431151,523260,"force_out","hit_into_play",,,,,"13","David Wright grounds into a force out, shortstop Daniel Descalso to second baseman Skip Schumaker.   Daniel Murphy out at 2nd.    David Wright to 1st.","R","R","R","STL","NYM","X","6","ground_ball",0,2,2012,"-1.9002000000000000","0.70453333333333333333","-1.0830","2.4660","null","null","502517.00",1,1,"Top","109.44","159.64",,,"null",,"null",,,,,,,"3.4900","1.6400","null","null","null","null","null","null",319752,"null","null","null","null","null","null","null","null","null","null","null","null","0.00",1,0,0,"null",3,"3"
"SL","2012-09-03","80.0","null","null","Joe Kelly",431151,523260,"null","swinging_strike",,,,,"14","null","R","R","R","STL","NYM","S","null","null",0,1,2012,"0.52269166666666666667","-0.10386666666666666667","1.1150","1.7370","null","null","502517.00",1,1,"Top","null","null",,,"null",,"null",,,,,,,"3.4900","1.6400","null","null","null","null","null","null",319752,"null","null","null","null","null","null","null","null","null","null","null","null","null","null","null","null","null",3,"2"
"SI","2012-09-03","94.4","null","null","Joe Kelly",431151,523260,"null","foul",,,,,"13","null","R","R","R","STL","NYM","S","null","null",0,0,2012,"-1.7554666666666667","0.92670000000000000000","-1.0960","1.9380","null","null","502517.00",1,1,"Top","null","null",,,"null",,"null",,,,,,,"3.4900","1.6400","null","null","null","null","null","null",319752,"null","null","null","null","null","null","null","null","null","null","null","null","null","null","null","null","null",3,"1"
"SI","2012-09-03","94.8","null","null","Joe Kelly",502517,523260,"single","hit_into_play_no_out",,,,,"8","Daniel Murphy singles on a line drive to center fielder Jon Jay.","R","L","R","STL","NYM","X","null","line_drive",2,0,2012,"-1.7304166666666667","0.83640000000000000000","-0.1960","1.6990","null","null","null",1,1,"Top","114.46","81.33",,,"null",,"null",,,,,,,"3.3300","1.5300","null","null","null","null","null","null",319752,"null","null","null","null","null","null","null","null","null","null","null","null","0.90",1,1,0,"null",2,"3"
"SI","2012-09-03","94.9","null","null","Joe Kelly",502517,523260,"null","ball",,,,,"14","null","R","L","R","STL","NYM","B","null","null",1,0,2012,"-1.6775333333333333","1.03850000000000000000","0.7940","1.3400","null","null","null",1,1,"Top","null","null",,,"null",,"null",,,,,,,"3.3300","1.5300","null","null","null","null","null","null",319752,"null","null","null","null","null","null","null","null","null","null","null","null","null","null","null","null","null",2,"2"
"SI","2012-09-03","93.8","null","null","Joe Kelly",502517,523260,"null","ball",,,,,"13","null","R","L","R","STL","NYM","B","null","null",0,0,2012,"-1.7304166666666667","1.07290000000000000000","-0.9960","1.7390","null","null","null",1,1,"Top","null","null",,,"null",,"null",,,,,,,"3.3300","1.5300","null","null","null","null","null","null",319752,"null","null","null","null","null","null","null","null","null","null","null","null","null","null","null","null","null",2,"1"
"SI","2012-09-03","97.1","null","null","Joe Kelly",514913,523260,"strikeout","foul_tip",,,,,"14","Ruben Tejada strikes out on a foul tip.","R","R","R","STL","NYM","S","null","null",2,2,2012,"-1.20019166666666666667","1.09010000000000000000","0.8730","2.2730","null","null","null",0,1,"Top","null","null",,,"null",,"null",,,,,,,"3.1400","1.4300","null","null","null","null","null","null",319752,"null","null","null","null","null","null","null","null","null","null","null","null","0.00",1,0,0,"null",1,"7"
"SL","2012-09-03","81.5","null","null","Joe Kelly",514913,523260,"null","ball",,,,,"14","null","R","R","R","STL","NYM","B","null","null",1,2,2012,"0.65211666666666666667","-0.12106666666666666667","1.8170","1.8130","null","null","null",0,1,"Top","null","null",,,"null",,"null",,,,,,,"3.1400","1.4300","null","null","null","null","null","null",319752,"null","null","null","null","null","null","null","null","null","null","null","null","null","null","null","null","null",1,"6"
"SI","2012-09-03","94.7","null","null","Joe Kelly",514913,523260,"null","foul",,,,,"11","null","R","R","R","STL","NYM","S","null","null",1,2,2012,"-1.3240500000000000","0.70166666666666666667","-1.0770","2.7070","null","null","null",0,1,"Top","null","null",,,"null",,"null",,,,,,,"3.1400","1.4300","null","null","null","null","null","null",319752,"null","null","null","null","null","null","null","null","null","null","null","null","null","null","null","null","null",1,"5"
"SI","2012-09-03","97.6","null","null","Joe Kelly",514913,523260,"null","foul",,,,,"14","null","R","R","R","STL","NYM","S","null","null",1,2,2012,"-1.5912500000000000","0.89086666666666666667","0.9040","1.9770","null","null","null",0,1,"Top","null","null",,,"null",,"null",,,,,,,"3.1400","1.4300","null","null","null","null","null","null",319752,"null","null","null","null","null","null","null","null","null","null","null","null","null","null","null","null","null",1,"4"
"SI","2012-09-03","95.5","null","null","Joe Kelly",514913,523260,"null","ball",,,,,"13","null","R","R","R","STL","NYM","B","null","null",0,2,2012,"-1.6914500000000000","0.89373333333333333333","-0.6700","0.6760","null","null","null",0,1,"Top","null","null",,,"null",,"null",,,,,,,"3.1400","1.4300","null","null","null","null","null","null",319752,"null","null","null","null","null","null","null","null","null","null","null","null","null","null","null","null","null",1,"3"
"SI","2012-09-03","95.6","null","null","Joe Kelly",514913,523260,"null","foul",,,,,"6","null","R","R","R","STL","NYM","S","null","null",0,1,2012,"-1.8264416666666667","0.71600000000000000000","0.5750","2.5080","null","null","null",0,1,"Top","null","null",,,"null",,"null",,,,,,,"3.1400","1.4300","null","null","null","null","null","null",319752,"null","null","null","null","null","null","null","null","null","null","null","null","null","null","null","null","null",1,"2"
"SI","2012-09-03","94.4","null","null","Joe Kelly",514913,523260,"null","called_strike",,,,,"6","null","R","R","R","STL","NYM","S","null","null",0,0,2012,"-1.7638166666666667","0.82923333333333333333","0.4920","1.9650","null","null","null",0,1,"Top","null","null",,,"null",,"null",,,,,,,"3.1400","1.4300","null","null","null","null","null","null",319752,"null","null","null","null","null","null","null","null","null","null","null","null","null","null","null","null","null",1,"1"
"CH","2012-08-29","85.2","null","null","Joe Kelly",150148,523260,"field_out","hit_into_play",,,,,"13","Rod Barajas grounds out, shortstop Rafael Furcal to first baseman Allen Craig.","R","R","R","PIT","STL","X","6","ground_ball",1,0,2012,"-1.17096666666666666667","0.39780000000000000000","-0.9210","1.4520","null","543281.00","null",2,5,"Bot","109.44","149.60",,,"null",,"null",,,,,,,"3.4900","1.6300","null","null","null","null","null","null",319681,"null","null","null","null","null","null","null","null","null","null","null","null","0.00",1,0,0,"null",45,"2"
"SI","2012-08-29","96.3","null","null","Joe Kelly",150148,523260,"null","blocked_ball",,,,,"14","null","R","R","R","PIT","STL","B","null","null",0,0,2012,"-1.4312083333333333","0.81203333333333333333","1.6520","0.6770","null","543281.00","null",2,5,"Bot","null","null",,,"null",,"null",,,,,,,"3.6500","1.7100","null","null","null","null","null","null",319681,"null","null","null","null","null","null","null","null","null","null","null","null","null","null","null","null","null",45,"1"
"SL","2012-08-29","80.5","null","null","Joe Kelly",543281,523260,"single","hit_into_play_score",,,,,"6","Josh Harrison singles on a line drive to center fielder Jon Jay.   Pedro Alvarez scores.    Josh Harrison to 2nd on the throw.","R","R","R","PIT","STL","X","null","line_drive",0,0,2012,"0.9749833333333333","-0.12823333333333333333","0.4650","2.4070","null","476883.00","null",2,5,"Bot","119.48","87.35",,,"null",,"null",,,,,,,"3.4000","1.5400","null","null","null","null","null","null",319681,"null","null","null","null","null","null","null","null","null","null","null","null","0.90",1,1,0,"null",44,"1"
"SI","2012-08-29","96.0","null","null","Joe Kelly",476883,523260,"double","hit_into_play_no_out",,,,,"8","Pedro Alvarez doubles (21) on a fly ball to right fielder Carlos Beltran.","R","L","R","PIT","STL","X","null","fly_ball",2,0,2012,"-1.05128333333333333333","0.83640000000000000000","0.1080","1.7200","null","null","null",2,5,"Bot","171.69","49.20",,,"null",,"null",,,,,,,"3.4800","1.6500","null","null","null","null","null","null",319681,"null","null","null","null","null","null","null","null","null","null","null","null","1.25",1,1,1,"null",43,"3"
"SI","2012-08-29","95.0","null","null","Joe Kelly",476883,523260,"null","ball",,,,,"13","null","R","L","R","PIT","STL","B","null","null",1,0,2012,"-1.3031750000000000","0.73463333333333333333","-1.3030","1.3940","null","null","457705.00",1,5,"Bot","null","null",,,"null",,"null",,,,,,,"3.4600","1.6900","null","null","null","null","null","null",319681,"null","null","null","null","null","null","null","null","null","null","null","null","null","null","null","null","null",43,"2"
"SI","2012-08-29","94.0","null","null","Joe Kelly",476883,523260,"null","ball",,,,,"11","null","R","L","R","PIT","STL","B","null","null",0,0,2012,"-1.03597500000000000000","0.70453333333333333333","-1.7280","3.6180","null","null","457705.00",1,5,"Bot","null","null",,,"null",,"null",,,,,,,"3.5100","1.6900","null","null","null","null","null","null",319681,"null","null","null","null","null","null","null","null","null","null","null","null","null","null","null","null","null",43,"1"
"CH","2012-08-29","85.8","null","null","Joe Kelly",434540,523260,"strikeout","swinging_strike",,,,,"11","Garrett Jones strikes out swinging.","R","L","R","PIT","STL","S","null","null",3,2,2012,"-1.3059583333333333","0.42646666666666666667","-1.1050","3.4410","null","null","457705.00",0,5,"Bot","null","null",,,"null",,"null",,,,,,,"3.7500","1.6800","null","null","null","null","null","null",319681,"null","null","null","null","null","null","null","null","null","null","null","null","0.00",1,0,0,"null",42,"6"
"SI","2012-08-29","95.2","null","null","Joe Kelly",434540,523260,"null","ball",,,,,"13","null","R","L","R","PIT","STL","B","null","null",2,2,2012,"-1.13756666666666666667","0.67013333333333333333","-1.8360","1.9960","null","null","457705.00",0,5,"Bot","null","null",,,"null",,"null",,,,,,,"3.7500","1.6900","null","null","null","null","null","null",319681,"null","null","null","null","null","null","null","null","null","null","null","null","null","null","null","null","null",42,"5"
"SI","2012-08-29","96.3","null","null","Joe Kelly",434540,523260,"null","ball",,,,,"11","null","R","L","R","PIT","STL","B","null","null",1,2,2012,"-1.12086666666666666667","0.90663333333333333333","-0.8280","4.2000","null","null","457705.00",0,5,"Bot","null","null",,,"null",,"null",,,,,,,"3.7200","1.7800","null","null","null","null","null","null",319681,"null","null","null","null","null","null","null","null","null","null","null","null","null","null","null","null","null",42,"4"
"CH","2012-08-29","81.2","null","null","Joe Kelly",434540,523260,"null","ball",,,,,"11","null","R","L","R","PIT","STL","B","null","null",0,2,2012,"-1.3671916666666667","0.26306666666666666667","-1.8460","2.8110","null","null","457705.00",0,5,"Bot","null","null",,,"null",,"null",,,,,,,"3.5900","1.6500","null","null","null","null","null","null",319681,"null","null","null","null","null","null","null","null","null","null","null","null","null","null","null","null","null",42,"3"
"CH","2012-08-29","83.5","null","null","Joe Kelly",434540,523260,"null","foul",,,,,"13","null","R","L","R","PIT","STL","S","null","null",0,1,2012,"-1.3212666666666667","0.35193333333333333333","-1.4300","2.4450","null","null","457705.00",0,5,"Bot","null","null",,,"null",,"null",,,,,,,"3.7500","1.6800","null","null","null","null","null","null",319681,"null","null","null","null","null","null","null","null","null","null","null","null","null","null","null","null","null",42,"2"
"CH","2012-08-29","85.6","null","null","Joe Kelly",434540,523260,"null","called_strike",,,,,"7","null","R","L","R","PIT","STL","S","null","null",0,0,2012,"-1.4687833333333333","0.45370000000000000000","-0.7740","1.6920","null","null","457705.00",0,5,"Bot","null","null",,,"null",,"null",,,,,,,"3.8000","1.6500","null","null","null","null","null","null",319681,"null","null","null","null","null","null","null","null","null","null","null","null","null","null","null","null","null",42,"1"
"SI","2012-08-29","94.6","null","null","Joe Kelly",457705,523260,"single","hit_into_play_no_out",,,,,"2","Andrew McCutchen singles on a line drive to center fielder Jon Jay.","R","R","R","PIT","STL","X","null","line_drive",2,2,2012,"-1.2669916666666667","0.56120000000000000000","-0.2520","2.9420","null","null","null",0,5,"Bot","130.52","102.41",,,"null",,"null",,,,,,,"3.4800","1.6200","null","null","null","null","null","null",319681,"null","null","null","null","null","null","null","null","null","null","null","null","0.90",1,1,0,"null",41,"5"
"SI","2012-08-29","92.2","null","null","Joe Kelly",457705,523260,"null","foul",,,,,"5","null","R","R","R","PIT","STL","S","null","null",2,1,2012,"-1.01370833333333333333","0.88226666666666666667","-0.2640","2.3840","null","null","null",0,5,"Bot","null","null",,,"null",,"null",,,,,,,"3.4800","1.6200","null","null","null","null","null","null",319681,"null","null","null","null","null","null","null","null","null","null","null","null","null","null","null","null","null",41,"4"
"SL","2012-08-29","80.6","null","null","Joe Kelly",457705,523260,"null","ball",,,,,"14","null","R","R","R","PIT","STL","B","null","null",1,1,2012,"1.1280666666666667","-0.20276666666666666667","0.6830","0.2740","null","null","null",0,5,"Bot","null","null",,,"null",,"null",,,,,,,"3.4700","1.6100","null","null","null","null","null","null",319681,"null","null","null","null","null","null","null","null","null","null","null","null","null","null","null","null","null",41,"3"
"SL","2012-08-29","81.0","null","null","Joe Kelly",457705,523260,"null","ball",,,,,"14","null","R","R","R","PIT","STL","B","null","null",0,1,2012,"1.0835333333333333","-0.19416666666666666667","0.7060","1.2500","null","null","null",0,5,"Bot","null","null",,,"null",,"null",,,,,,,"3.4100","1.6000","null","null","null","null","null","null",319681,"null","null","null","null","null","null","null","null","null","null","null","null","null","null","null","null","null",41,"2"
"SL","2012-08-29","80.4","null","null","Joe Kelly",457705,523260,"null","called_strike",,,,,"9","null","R","R","R","PIT","STL","S","null","null",0,0,2012,"1.0584833333333333","-0.15976666666666666667","0.7520","1.9910","null","null","null",0,5,"Bot","null","null",,,"null",,"null",,,,,,,"3.4100","1.5900","null","null","null","null","null","null",319681,"null","null","null","null","null","null","null","null","null","null","null","null","null","null","null","null","null",41,"1"
"SI","2012-08-29","93.9","null","null","Joe Kelly",501983,523260,"field_out","hit_into_play",,,,,"7","Travis Snider grounds out, pitcher Joe Kelly to first baseman Allen Craig.","R","L","R","PIT","STL","X","1","ground_ball",0,0,2012,"-0.96500000000000000000","0.65866666666666666667","-0.8120","2.1870","null","null","467798.00",2,4,"Bot","125.50","176.71",,,"null",,"null",,,,,,,"3.5100","1.6600","null","null","null","null","null","null",319681,"null","null","null","null","null","null","null","null","null","null","null","null","0.00",1,0,0,"null",36,"1"
"SI","2012-08-29","92.5","null","null","Joe Kelly",467798,523260,"walk","ball",,,,,"11","Jose Tabata walks.","R","R","R","PIT","STL","B","null","null",3,0,2012,"-1.2628166666666667","0.55260000000000000000","-2.0140","3.1450","null","null","null",2,4,"Bot","null","null",,,"null",,"null",,,,,,,"3.5400","1.7700","null","null","null","null","null","null",319681,"null","null","null","null","null","null","null","null","null","null","null","null","0.70",1,0,0,"null",35,"4"
"SI","2012-08-29","94.5","null","null","Joe Kelly",467798,523260,"null","ball",,,,,"14","null","R","R","R","PIT","STL","B","null","null",2,0,2012,"-1.3184833333333333","0.67586666666666666667","0.7820","1.1380","null","null","null",2,4,"Bot","null","null",,,"null",,"null",,,,,,,"3.4300","1.6600","null","null","null","null","null","null",319681,"null","null","null","null","null","null","null","null","null","null","null","null","null","null","null","null","null",35,"3"
"SI","2012-08-29","93.9","null","null","Joe Kelly",467798,523260,"null","ball",,,,,"14","null","R","R","R","PIT","STL","B","null","null",1,0,2012,"-1.5077500000000000","0.48380000000000000000","0.6750","0.5580","null","null","null",2,4,"Bot","null","null",,,"null",,"null",,,,,,,"3.5000","1.6900","null","null","null","null","null","null",319681,"null","null","null","null","null","null","null","null","null","null","null","null","null","null","null","null","null",35,"2"
"SI","2012-08-29","95.0","null","null","Joe Kelly",467798,523260,"null","ball",,,,,"13","null","R","R","R","PIT","STL","B","null","null",0,0,2012,"-1.3226583333333333","0.41070000000000000000","-1.5860","1.9200","null","null","null",2,4,"Bot","null","null",,,"null",,"null",,,,,,,"3.5000","1.7300","null","null","null","null","null","null",319681,"null","null","null","null","null","null","null","null","null","null","null","null","null","null","null","null","null",35,"1"
"SI","2012-08-29","94.5","null","null","Joe Kelly",434643,523260,"field_out","hit_into_play",,,,,"4","Wandy Rodriguez grounds out, third baseman David Freese to first baseman Allen Craig.","R","L","R","PIT","STL","X","5","ground_ball",0,1,2012,"-0.90237500000000000000","0.46086666666666666667","-0.6730","2.6720","null","null","null",1,4,"Bot","101.41","160.64",,,"null",,"null",,,,,,,"3.2200","1.4900","null","null","null","null","null","null",319681,"null","null","null","null","null","null","null","null","null","null","null","null","0.00",1,0,0,"null",34,"2"
"SI","2012-08-29","94.5","null","null","Joe Kelly",434643,523260,"null","called_strike",,,,,"5","null","R","L","R","PIT","STL","S","null","null",0,0,2012,"-1.12365000000000000000","0.29173333333333333333","0.1420","2.5890","null","null","null",1,4,"Bot","null","null",,,"null",,"null",,,,,,,"3.3800","1.6500","null","null","null","null","null","null",319681,"null","null","null","null","null","null","null","null","null","null","null","null","null","null","null","null","null",34,"1"
"SL","2012-08-29","79.3","null","null","Joe Kelly",425549,523260,"strikeout","swinging_strike_blocked",,,,,"14","Clint Barmes strikes out swinging, catcher Tony Cruz to first baseman Allen Craig.","R","R","R","PIT","STL","S","null","null",0,2,2012,"1.0459583333333333","-0.47223333333333333333","0.8420","0.0060","null","null","null",0,4,"Bot","null","null",,,"null",,"null",,,,,,,"3.3900","1.5100","null","null","null","null","null","null",319681,"null","null","null","null","null","null","null","null","null","null","null","null","0.00",1,0,0,"null",33,"5"
"SL","2012-08-29","81.4","null","null","Joe Kelly",425549,523260,"null","foul",,,,,"5","null","R","R","R","PIT","STL","S","null","null",0,2,2012,"0.93323333333333333333","-0.05943333333333333333","-0.0510","2.1620","null","null","null",0,4,"Bot","null","null",,,"null",,"null",,,,,,,"3.3900","1.5100","null","null","null","null","null","null",319681,"null","null","null","null","null","null","null","null","null","null","null","null","null","null","null","null","null",33,"4"
"SI","2012-08-29","95.7","null","null","Joe Kelly",425549,523260,"null","foul",,,,,"4","null","R","R","R","PIT","STL","S","null","null",0,2,2012,"-1.2405500000000000","0.76330000000000000000","-0.7100","2.2050","null","null","null",0,4,"Bot","null","null",,,"null",,"null",,,,,,,"3.3900","1.5100","null","null","null","null","null","null",319681,"null","null","null","null","null","null","null","null","null","null","null","null","null","null","null","null","null",33,"3"
"SI","2012-08-29","93.0","null","null","Joe Kelly",425549,523260,"null","foul",,,,,"2","null","R","R","R","PIT","STL","S","null","null",0,1,2012,"-1.2683833333333333","0.60133333333333333333","0.2720","2.9130","null","null","null",0,4,"Bot","null","null",,,"null",,"null",,,,,,,"3.3900","1.5100","null","null","null","null","null","null",319681,"null","null","null","null","null","null","null","null","null","null","null","null","null","null","null","null","null",33,"2"
"SI","2012-08-29","94.0","null","null","Joe Kelly",425549,523260,"null","called_strike",,,,,"3","null","R","R","R","PIT","STL","S","null","null",0,0,2012,"-1.13895833333333333333","0.72460000000000000000","0.6390","2.9170","null","null","null",0,4,"Bot","null","null",,,"null",,"null",,,,,,,"3.2400","1.4700","null","null","null","null","null","null",319681,"null","null","null","null","null","null","null","null","null","null","null","null","null","null","null","null","null",33,"1"
"SI","2012-08-29","95.2","null","null","Joe Kelly",150148,523260,"field_out","hit_into_play",,,,,"6","Rod Barajas flies out to right fielder Carlos Beltran.","R","R","R","PIT","STL","X","9","fly_ball",2,1,2012,"-1.2697750000000000","0.72316666666666666667","0.3970","2.3350","null","null","543281.00",2,3,"Bot","179.72","118.47",,,"null",,"null",,,,,,,"3.4900","1.6300","null","null","null","null","null","null",319681,"null","null","null","null","null","null","null","null","null","null","null","null","0.00",1,0,0,"null",28,"4"
"SI","2012-08-29","96.0","null","null","Joe Kelly",150148,523260,"null","foul",,,,,"13","null","R","R","R","PIT","STL","S","null","null",2,0,2012,"-1.2266333333333333","0.97543333333333333333","-0.1690","0.8670","null","null","543281.00",2,3,"Bot","null","null",,,"null",,"null",,,,,,,"3.4900","1.6300","null","null","null","null","null","null",319681,"null","null","null","null","null","null","null","null","null","null","null","null","null","null","null","null","null",28,"3"
"SI","2012-08-29","95.4","null","null","Joe Kelly",150148,523260,"null","ball",,,,,"14","null","R","R","R","PIT","STL","B","null","null",1,0,2012,"-1.3797166666666667","0.64433333333333333333","1.1730","1.8050","null","null","543281.00",2,3,"Bot","null","null",,,"null",,"null",,,,,,,"3.5800","1.6300","null","null","null","null","null","null",319681,"null","null","null","null","null","null","null","null","null","null","null","null","null","null","null","null","null",28,"2"
"SI","2012-08-29","93.8","null","null","Joe Kelly",150148,523260,"null","ball",,,,,"14","null","R","R","R","PIT","STL","B","null","null",0,0,2012,"-1.3003916666666667","0.80200000000000000000","1.2200","0.9280","null","null","543281.00",2,3,"Bot","null","null",,,"null",,"null",,,,,,,"3.6700","1.6900","null","null","null","null","null","null",319681,"null","null","null","null","null","null","null","null","null","null","null","null","null","null","null","null","null",28,"1"
"SI","2012-08-29","93.7","null","null","Joe Kelly",543281,523260,"single","hit_into_play_no_out",,,,,"8","Josh Harrison singles on a ground ball to center fielder Jon Jay.","R","R","R","PIT","STL","X","null","ground_ball",1,1,2012,"-1.05267500000000000000","1.01413333333333333333","-0.1980","1.4600","null","null","null",2,3,"Bot","108.43","94.38",,,"null",,"null",,,,,,,"3.4000","1.5400","null","null","null","null","null","null",319681,"null","null","null","null","null","null","null","null","null","null","null","null","0.90",1,1,0,"null",27,"3"
"SI","2012-08-29","95.4","null","null","Joe Kelly",543281,523260,"null","called_strike",,,,,"9","null","R","R","R","PIT","STL","S","null","null",1,0,2012,"-1.5397583333333333","0.86076666666666666667","0.6290","1.8630","null","null","null",2,3,"Bot","null","null",,,"null",,"null",,,,,,,"3.4400","1.5000","null","null","null","null","null","null",319681,"null","null","null","null","null","null","null","null","null","null","null","null","null","null","null","null","null",27,"2"
"SL","2012-08-29","81.0","null","null","Joe Kelly",543281,523260,"null","ball",,,,,"1","null","R","R","R","PIT","STL","B","null","null",0,0,2012,"0.94436666666666666667","-0.14973333333333333333","-0.8020","3.3080","null","null","null",2,3,"Bot","null","null",,,"null",,"null",,,,,,,"3.3700","1.5100","null","null","null","null","null","null",319681,"null","null","null","null","null","null","null","null","null","null","null","null","null","null","null","null","null",27,"1"
"SL","2012-08-29","82.2","null","null","Joe Kelly",476883,523260,"home_run","hit_into_play_score",,,,,"6","Pedro Alvarez homers (26) on a fly ball to right field.    Travis Snider scores.    Garrett Jones scores.","R","L","R","PIT","STL","X","null","fly_ball",3,1,2012,"0.62567500000000000000","-0.06230000000000000000","0.4550","2.4190","501983.00","null","434540.00",2,3,"Bot","222.89","66.27",,,"null",,"null",,,,,,,"3.4800","1.6500","null","null","null","null","null","null",319681,"null","null","null","null","null","null","null","null","null","null","null","null","2.00",1,0,3,"null",26,"5"
"SI","2012-08-29","94.7","null","null","Joe Kelly",476883,523260,"null","ball",,,,,"14","null","R","L","R","PIT","STL","B","null","null",2,1,2012,"-1.3504916666666667","0.40066666666666666667","0.1620","1.2030","501983.00","null","434540.00",2,3,"Bot","null","null",,,"null",,"null",,,,,,,"3.4300","1.7500","null","null","null","null","null","null",319681,"null","null","null","null","null","null","null","null","null","null","null","null","null","null","null","null","null",26,"4"
"SI","2012-08-29","95.0","null","null","Joe Kelly",476883,523260,"null","ball",,,,,"14","null","R","L","R","PIT","STL","B","null","null",1,1,2012,"-1.3337916666666667","0.41500000000000000000","0.1010","1.3510","501983.00","null","434540.00",2,3,"Bot","null","null",,,"null",,"null",,,,,,,"3.4800","1.8200","null","null","null","null","null","null",319681,"null","null","null","null","null","null","null","null","null","null","null","null","null","null","null","null","null",26,"3"
"SI","2012-08-29","94.3","null","null","Joe Kelly",476883,523260,"null","ball",,,,,"13","null","R","L","R","PIT","STL","B","null","null",0,1,2012,"-1.3741500000000000","0.18423333333333333333","-1.4430","1.9150","501983.00","null","434540.00",2,3,"Bot","null","null",,,"null",,"null",,,,,,,"3.4800","1.7500","null","null","null","null","null","null",319681,"null","null","null","null","null","null","null","null","null","null","null","null","null","null","null","null","null",26,"2"
"SI","2012-08-29","94.2","null","null","Joe Kelly",476883,523260,"null","swinging_strike",,,,,"13","null","R","L","R","PIT","STL","S","null","null",0,0,2012,"-1.3560583333333333","0.32900000000000000000","-1.2280","1.9810","501983.00","null","434540.00",2,3,"Bot","null","null",,,"null",,"null",,,,,,,"3.4800","1.6500","null","null","null","null","null","null",319681,"null","null","null","null","null","null","null","null","null","null","null","null","null","null","null","null","null",26,"1"
"SI","2012-08-29","95.1","null","null","Joe Kelly",434540,523260,"walk","ball",,,,,"13","Garrett Jones walks.","R","L","R","PIT","STL","B","null","null",3,0,2012,"-1.3337916666666667","0.43076666666666666667","-1.4950","1.8930","501983.00","null","null",2,3,"Bot","null","null",,,"null",,"null",,,,,,,"3.8900","1.8200","null","null","null","null","null","null",319681,"null","null","null","null","null","null","null","null","null","null","null","null","0.70",1,0,0,"null",25,"4"
"SL","2012-08-29","78.7","null","null","Joe Kelly",434540,523260,"null","blocked_ball",,,,,"14","null","R","L","R","PIT","STL","B","null","null",2,0,2012,"1.2435750000000000","-0.34896666666666666667","0.4130","0.7180","501983.00","null","null",2,3,"Bot","null","null",,,"null",,"null",,,,,,,"3.7500","1.7700","null","null","null","null","null","null",319681,"null","null","null","null","null","null","null","null","null","null","null","null","null","null","null","null","null",25,"3"
"SL","2012-08-29","80.6","null","null","Joe Kelly",434540,523260,"null","ball",,,,,"14","null","R","L","R","PIT","STL","B","null","null",1,0,2012,"1.1809500000000000","-0.17266666666666666667","1.2900","2.7840","501983.00","null","null",2,3,"Bot","null","null",,,"null",,"null",,,,,,,"3.8000","1.7700","null","null","null","null","null","null",319681,"null","null","null","null","null","null","null","null","null","null","null","null","null","null","null","null","null",25,"2"
"SI","2012-08-29","94.7","null","null","Joe Kelly",434540,523260,"null","ball",,,,,"13","null","R","L","R","PIT","STL","B","null","null",0,0,2012,"-1.4298166666666667","0.49813333333333333333","-1.7190","1.3650","501983.00","null","null",2,3,"Bot","null","null",,,"null",,"null",,,,,,,"3.7800","1.7600","null","null","null","null","null","null",319681,"null","null","null","null","null","null","null","null","null","null","null","null","null","null","null","null","null",25,"1"
"SL","2012-08-29","79.9","null","null","Joe Kelly",457705,523260,"field_out","hit_into_play",,,,,"7","Andrew McCutchen flies out to center fielder Jon Jay.   Travis Snider to 3rd.","R","R","R","PIT","STL","X","8","fly_ball",3,2,2012,"1.1058000000000000","-0.65140000000000000000","-0.4290","2.0060","null","501983.00","null",1,3,"Bot","132.53","83.33",,,"null",,"null",,,,,,,"3.4800","1.6200","null","null","null","null","null","null",319681,"null","null","null","null","null","null","null","null","null","null","null","null","0.00",1,0,0,"null",24,"6"
"SL","2012-08-29","81.6","null","null","Joe Kelly",457705,523260,"null","blocked_ball",,,,,"14","null","R","R","R","PIT","STL","B","null","null",2,2,2012,"0.9722000000000000","-0.07233333333333333333","1.1950","0.6210","null","501983.00","null",1,3,"Bot","null","null",,,"null",,"null",,,,,,,"3.4500","1.6400","null","null","null","null","null","null",319681,"null","null","null","null","null","null","null","null","null","null","null","null","null","null","null","null","null",24,"5"
"SI","2012-08-29","94.8","null","null","Joe Kelly",457705,523260,"null","swinging_strike",,,,,"4","null","R","R","R","PIT","STL","S","null","null",2,1,2012,"-1.3282250000000000","0.58700000000000000000","-0.7610","2.5650","null","null","501983.00",1,3,"Bot","null","null",,,"null",,"null",,,,,,,"3.4800","1.6200","null","null","null","null","null","null",319681,"null","null","null","null","null","null","null","null","null","null","null","null","null","null","null","null","null",24,"4"
"CU","2012-08-29","76.8","null","null","Joe Kelly",457705,523260,"null","ball",,,,,"11","null","R","R","R","PIT","STL","B","null","null",1,1,2012,"0.68273333333333333333","-0.83343333333333333333","-0.9870","4.8960","null","null","501983.00",1,3,"Bot","null","null",,,"null",,"null",,,,,,,"3.4500","1.6400","null","null","null","null","null","null",319681,"null","null","null","null","null","null","null","null","null","null","null","null","null","null","null","null","null",24,"3"
"CH","2012-08-29","85.4","null","null","Joe Kelly",457705,523260,"null","foul",,,,,"13","null","R","R","R","PIT","STL","S","null","null",1,0,2012,"-1.4103333333333333","0.51390000000000000000","-1.0920","1.8980","null","null","501983.00",1,3,"Bot","null","null",,,"null",,"null",,,,,,,"3.4800","1.6200","null","null","null","null","null","null",319681,"null","null","null","null","null","null","null","null","null","null","null","null","null","null","null","null","null",24,"2"
"SI","2012-08-29","95.6","null","null","Joe Kelly",457705,523260,"null","ball",,,,,"14","null","R","R","R","PIT","STL","B","null","null",0,0,2012,"-1.4562583333333333","0.67156666666666666667","0.0300","1.0960","null","null","501983.00",1,3,"Bot","null","null",,,"null",,"null",,,,,,,"3.4400","1.6200","null","null","null","null","null","null",319681,"null","null","null","null","null","null","null","null","null","null","null","null","null","null","null","null","null",24,"1"
"SI","2012-08-29","92.7","null","null","Joe Kelly",501983,523260,"walk","ball",,,,,"13","Travis Snider walks.","R","L","R","PIT","STL","B","null","null",3,0,2012,"-1.5244500000000000","0.87796666666666666667","-0.1900","1.5100","null","null","null",1,3,"Bot","null","null",,,"null",,"null",,,,,,,"3.4600","1.7800","null","null","null","null","null","null",319681,"null","null","null","null","null","null","null","null","null","null","null","null","0.70",1,0,0,"null",23,"4"
"CH","2012-08-29","84.0","null","null","Joe Kelly",501983,523260,"null","ball",,,,,"11","null","R","L","R","PIT","STL","B","null","null",2,0,2012,"-1.3658000000000000","0.39636666666666666667","-2.1040","2.7250","null","null","null",1,3,"Bot","null","null",,,"null",,"null",,,,,,,"3.4300","1.6600","null","null","null","null","null","null",319681,"null","null","null","null","null","null","null","null","null","null","null","null","null","null","null","null","null",23,"3"
"SI","2012-08-29","93.8","null","null","Joe Kelly",501983,523260,"null","ball",,,,,"13","null","R","L","R","PIT","STL","B","null","null",1,0,2012,"-1.4548666666666667","0.84500000000000000000","-0.1000","1.5140","null","null","null",1,3,"Bot","null","null",,,"null",,"null",,,,,,,"3.4700","1.7800","null","null","null","null","null","null",319681,"null","null","null","null","null","null","null","null","null","null","null","null","null","null","null","null","null",23,"2"
"SI","2012-08-29","93.0","null","null","Joe Kelly",501983,523260,"null","ball",,,,,"11","null","R","L","R","PIT","STL","B","null","null",0,0,2012,"-1.4145083333333333","0.78193333333333333333","-1.5350","2.6350","null","null","null",1,3,"Bot","null","null",,,"null",,"null",,,,,,,"3.4700","1.7800","null","null","null","null","null","null",319681,"null","null","null","null","null","null","null","null","null","null","null","null","null","null","null","null","null",23,"1"
"SI","2012-08-29","92.5","null","null","Joe Kelly",467798,523260,"field_out","hit_into_play",,,,,"8","Jose Tabata grounds out, third baseman David Freese to first baseman Allen Craig.","R","R","R","PIT","STL","X","5","ground_ball",0,1,2012,"-1.4075500000000000","0.85933333333333333333","-0.0280","2.1120","null","null","null",0,3,"Bot","105.42","167.67",,,"null",,"null",,,,,,,"3.5400","1.5900","null","null","null","null","null","null",319681,"null","null","null","null","null","null","null","null","null","null","null","null","0.00",1,0,0,"null",22,"2"
"SL","2012-08-29","79.5","null","null","Joe Kelly",467798,523260,"null","called_strike",,,,,"2","null","R","R","R","PIT","STL","S","null","null",0,0,2012,"1.0417833333333333","-0.20133333333333333333","0.1390","3.0180","null","null","null",0,3,"Bot","null","null",,,"null",,"null",,,,,,,"3.4500","1.6300","null","null","null","null","null","null",319681,"null","null","null","null","null","null","null","null","null","null","null","null","null","null","null","null","null",22,"1"
"SI","2012-08-29","94.7","null","null","Joe Kelly",434643,523260,"field_out","hit_into_play",,,,,"6","Wandy Rodriguez grounds out, shortstop Rafael Furcal to first baseman Allen Craig.","R","L","R","PIT","STL","X","6","ground_ball",0,0,2012,"-1.3936333333333333","1.09153333333333333333","0.5470","2.1370","null","150148.00","null",2,2,"Bot","104.42","148.59",,,"null",,"null",,,,,,,"3.2200","1.4900","null","null","null","null","null","null",319681,"null","null","null","null","null","null","null","null","null","null","null","null","0.00",1,0,0,"null",16,"1"
"SI","2012-08-29","95.3","null","null","Joe Kelly",425549,523260,"field_out","hit_into_play",,,,,"8","Clint Barmes grounds out, shortstop Rafael Furcal to first baseman Allen Craig.   Rod Barajas to 2nd.","R","R","R","PIT","STL","X","6","ground_ball",0,2,2012,"-1.04571666666666666667","1.13023333333333333333","0.1830","1.8910","null","null","150148.00",1,2,"Bot","106.43","160.64",,,"null",,"null",,,,,,,"3.3900","1.5100","null","null","null","null","null","null",319681,"null","null","null","null","null","null","null","null","null","null","null","null","0.00",1,0,0,"null",15,"3"
"SI","2012-08-29","93.2","null","null","Joe Kelly",425549,523260,"null","called_strike",,,,,"13","null","R","R","R","PIT","STL","S","null","null",0,1,2012,"-1.3588416666666667","1.14026666666666666667","-1.0120","1.5270","null","null","150148.00",1,2,"Bot","null","null",,,"null",,"null",,,,,,,"3.1900","1.4200","null","null","null","null","null","null",319681,"null","null","null","null","null","null","null","null","null","null","null","null","null","null","null","null","null",15,"2"
"SI","2012-08-29","93.0","null","null","Joe Kelly",425549,523260,"null","called_strike",,,,,"5","null","R","R","R","PIT","STL","S","null","null",0,0,2012,"-1.2892583333333333","0.73320000000000000000","-0.1520","2.0180","null","null","150148.00",1,2,"Bot","null","null",,,"null",,"null",,,,,,,"3.1000","1.3700","null","null","null","null","null","null",319681,"null","null","null","null","null","null","null","null","null","null","null","null","null","null","null","null","null",15,"1"
"SI","2012-08-29","95.6","null","null","Joe Kelly",150148,523260,"single","hit_into_play_no_out",,,,,"5","Rod Barajas singles on a ground ball to left fielder Matt Holliday.","R","R","R","PIT","STL","X","null","ground_ball",1,2,2012,"-1.02901666666666666667","0.59990000000000000000","0.1250","2.4620","null","null","null",1,2,"Bot","100.40","82.33",,,"null",,"null",,,,,,,"3.4900","1.6300","null","null","null","null","null","null",319681,"null","null","null","null","null","null","null","null","null","null","null","null","0.90",1,1,0,"null",14,"8"
"SL","2012-08-29","79.0","null","null","Joe Kelly",150148,523260,"null","foul",,,,,"4","null","R","R","R","PIT","STL","S","null","null",1,2,2012,"0.82050833333333333333","-0.9380666666666667","-0.6060","2.6680","null","null","null",1,2,"Bot","null","null",,,"null",,"null",,,,,,,"3.4900","1.6300","null","null","null","null","null","null",319681,"null","null","null","null","null","null","null","null","null","null","null","null","null","null","null","null","null",14,"7"
"SI","2012-08-29","95.8","null","null","Joe Kelly",150148,523260,"null","foul",,,,,"12","null","R","R","R","PIT","STL","S","null","null",1,2,2012,"-0.78686666666666666667","0.57123333333333333333","0.9340","2.8930","null","null","null",1,2,"Bot","null","null",,,"null",,"null",,,,,,,"3.4900","1.6300","null","null","null","null","null","null",319681,"null","null","null","null","null","null","null","null","null","null","null","null","null","null","null","null","null",14,"6"
"SL","2012-08-29","79.9","null","null","Joe Kelly",150148,523260,"null","foul",,,,,"14","null","R","R","R","PIT","STL","S","null","null",1,2,2012,"0.84416666666666666667","-0.82626666666666666667","0.3690","0.7000","null","null","null",1,2,"Bot","null","null",,,"null",,"null",,,,,,,"3.4900","1.6300","null","null","null","null","null","null",319681,"null","null","null","null","null","null","null","null","null","null","null","null","null","null","null","null","null",14,"5"
"SL","2012-08-29","81.7","null","null","Joe Kelly",150148,523260,"null","foul",,,,,"9","null","R","R","R","PIT","STL","S","null","null",1,2,2012,"0.9735916666666667","0.19140000000000000000","0.4330","1.6280","null","null","null",1,2,"Bot","null","null",,,"null",,"null",,,,,,,"3.4900","1.6300","null","null","null","null","null","null",319681,"null","null","null","null","null","null","null","null","null","null","null","null","null","null","null","null","null",14,"4"
"SI","2012-08-29","95.7","null","null","Joe Kelly",150148,523260,"null","called_strike",,,,,"8","null","R","R","R","PIT","STL","S","null","null",1,1,2012,"-1.01370833333333333333","0.55976666666666666667","0.2510","1.7270","null","null","null",1,2,"Bot","null","null",,,"null",,"null",,,,,,,"3.6600","1.6000","null","null","null","null","null","null",319681,"null","null","null","null","null","null","null","null","null","null","null","null","null","null","null","null","null",14,"3"
"SL","2012-08-29","82.2","null","null","Joe Kelly",150148,523260,"null","ball",,,,,"9","null","R","R","R","PIT","STL","B","null","null",0,1,2012,"0.93880000000000000000","0.15126666666666666667","0.7270","1.6690","null","null","null",1,2,"Bot","null","null",,,"null",,"null",,,,,,,"3.6200","1.6400","null","null","null","null","null","null",319681,"null","null","null","null","null","null","null","null","null","null","null","null","null","null","null","null","null",14,"2"
"SL","2012-08-29","80.9","null","null","Joe Kelly",150148,523260,"null","called_strike",,,,,"4","null","R","R","R","PIT","STL","S","null","null",0,0,2012,"0.76762500000000000000","0.34906666666666666667","-0.5160","2.8370","null","null","null",1,2,"Bot","null","null",,,"null",,"null",,,,,,,"3.4900","1.7000","null","null","null","null","null","null",319681,"null","null","null","null","null","null","null","null","null","null","null","null","null","null","null","null","null",14,"1"
"SI","2012-08-29","95.4","null","null","Joe Kelly",543281,523260,"field_out","hit_into_play",,,,,"13","Josh Harrison flies out to center fielder Jon Jay.","R","R","R","PIT","STL","X","8","fly_ball",0,1,2012,"-1.10277500000000000000","0.74896666666666666667","-1.1740","2.4160","null","null","null",0,2,"Bot","109.44","56.22",,,"null",,"null",,,,,,,"3.4000","1.5400","null","null","null","null","null","null",319681,"null","null","null","null","null","null","null","null","null","null","null","null","0.00",1,0,0,"null",13,"2"
"SI","2012-08-29","93.3","null","null","Joe Kelly",543281,523260,"null","foul",,,,,"8","null","R","R","R","PIT","STL","S","null","null",0,0,2012,"-1.4326000000000000","0.93960000000000000000","0.1370","2.0220","null","null","null",0,2,"Bot","null","null",,,"null",,"null",,,,,,,"3.4000","1.5400","null","null","null","null","null","null",319681,"null","null","null","null","null","null","null","null","null","null","null","null","null","null","null","null","null",13,"1"
"SI","2012-08-29","95.5","null","null","Joe Kelly",476883,523260,"field_out","hit_into_play",,,,,"13","Pedro Alvarez grounds out softly to pitcher Joe Kelly.","R","L","R","PIT","STL","X","1","ground_ball",1,1,2012,"-1.00257500000000000000","0.69306666666666666667","-0.2810","1.1300","null","434540.00","null",2,1,"Bot","136.55","182.73",,,"null",,"null",,,,,,,"3.4800","1.6500","null","null","null","null","null","null",319681,"null","null","null","null","null","null","null","null","null","null","null","null","0.00",1,0,0,"null",9,"3"
"SL","2012-08-29","83.6","null","null","Joe Kelly",476883,523260,"null","blocked_ball",,,,,"13","null","R","L","R","PIT","STL","B","null","null",0,1,2012,"0.9902916666666667","-0.21280000000000000000","-0.2340","1.0160","null","434540.00","null",2,1,"Bot","null","null",,,"null",,"null",,,,,,,"3.4400","1.7500","null","null","null","null","null","null",319681,"null","null","null","null","null","null","null","null","null","null","null","null","null","null","null","null","null",9,"2"
"SI","2012-08-29","95.0","null","null","Joe Kelly",476883,523260,"null","called_strike",,,,,"4","null","R","L","R","PIT","STL","S","null","null",0,0,2012,"-1.3435333333333333","0.59130000000000000000","-0.8270","2.7760","null","434540.00","null",2,1,"Bot","null","null",,,"null",,"null",,,,,,,"3.4800","1.7100","null","null","null","null","null","null",319681,"null","null","null","null","null","null","null","null","null","null","null","null","null","null","null","null","null",9,"1"
"SI","2012-08-29","94.2","null","null","Joe Kelly",434540,523260,"double","hit_into_play_score",,,,,"5","Garrett Jones doubles (24) on a fly ball to right fielder Carlos Beltran.   Travis Snider scores.","R","L","R","PIT","STL","X","null","fly_ball",0,1,2012,"-0.95386666666666666667","0.80630000000000000000","0.1950","2.3510","null","501983.00","null",2,1,"Bot","201.81","76.31",,,"null",,"null",,,,,,,"3.7500","1.6800","null","null","null","null","null","null",319681,"null","null","null","null","null","null","null","null","null","null","null","null","1.25",1,1,1,"null",8,"2"
"CH","2012-08-29","85.1","null","null","Joe Kelly",434540,523260,"null","foul",,,,,"8","null","R","L","R","PIT","STL","S","null","null",0,0,2012,"-1.4813083333333333","0.26020000000000000000","-0.1870","2.1080","null","501983.00","null",2,1,"Bot","null","null",,,"null",,"null",,,,,,,"3.7500","1.6800","null","null","null","null","null","null",319681,"null","null","null","null","null","null","null","null","null","null","null","null","null","null","null","null","null",8,"1"
"SI","2012-08-29","95.2","null","null","Joe Kelly",457705,523260,"field_out","hit_into_play",,,,,"13","Andrew McCutchen grounds out, pitcher Joe Kelly to first baseman Allen Craig.","R","R","R","PIT","STL","X","1","ground_ball",0,2,2012,"-1.3588416666666667","0.49813333333333333333","-0.9500","1.9250","null","501983.00","null",1,1,"Bot","125.50","177.71",,,"null",,"null",,,,,,,"3.4800","1.6200","null","null","null","null","null","null",319681,"null","null","null","null","null","null","null","null","null","null","null","null","0.00",1,0,0,"null",7,"3"
"SI","2012-08-29","95.9","null","null","Joe Kelly",457705,523260,"null","foul",,,,,"13","null","R","R","R","PIT","STL","S","null","null",0,1,2012,"-1.3546666666666667","0.46803333333333333333","-1.1130","1.9690","null","501983.00","null",1,1,"Bot","null","null",,,"null",,"null",,,,,,,"3.4800","1.6200","null","null","null","null","null","null",319681,"null","null","null","null","null","null","null","null","null","null","null","null","null","null","null","null","null",7,"2"
"SL","2012-08-29","81.5","null","null","Joe Kelly",457705,523260,"null","called_strike",,,,,"6","null","R","R","R","PIT","STL","S","null","null",0,0,2012,"0.90540000000000000000","-0.13396666666666666667","0.7700","2.1820","null","501983.00","null",1,1,"Bot","null","null",,,"null",,"null",,,,,,,"3.4800","1.5900","null","null","null","null","null","null",319681,"null","null","null","null","null","null","null","null","null","null","null","null","null","null","null","null","null",7,"1"
"SI","2012-08-29","97.1","null","null","Joe Kelly",501983,523260,"double","hit_into_play_no_out",,,,,"11","Travis Snider doubles (7) on a ground ball to left fielder Matt Holliday.","R","L","R","PIT","STL","X","null","ground_ball",2,2,2012,"-1.16818333333333333333","0.65436666666666666667","-0.9650","2.8400","null","null","null",1,1,"Bot","60.24","122.49",,,"null",,"null",,,,,,,"3.5100","1.6600","null","null","null","null","null","null",319681,"null","null","null","null","null","null","null","null","null","null","null","null","1.25",1,1,1,"null",6,"5"
"CH","2012-08-29","86.0","null","null","Joe Kelly",501983,523260,"null","called_strike",,,,,"13","null","R","L","R","PIT","STL","S","null","null",2,1,2012,"-1.2586416666666667","0.49670000000000000000","-0.8940","2.2750","null","null","null",1,1,"Bot","null","null",,,"null",,"null",,,,,,,"3.5100","1.7800","null","null","null","null","null","null",319681,"null","null","null","null","null","null","null","null","null","null","null","null","null","null","null","null","null",6,"4"
"SI","2012-08-29","96.6","null","null","Joe Kelly",501983,523260,"null","ball",,,,,"13","null","R","L","R","PIT","STL","B","null","null",1,1,2012,"-1.2461166666666667","1.04136666666666666667","-1.4790","2.3330","null","null","null",1,1,"Bot","null","null",,,"null",,"null",,,,,,,"3.5100","1.8200","null","null","null","null","null","null",319681,"null","null","null","null","null","null","null","null","null","null","null","null","null","null","null","null","null",6,"3"
"SI","2012-08-29","94.6","null","null","Joe Kelly",501983,523260,"null","called_strike",,,,,"8","null","R","L","R","PIT","STL","S","null","null",1,0,2012,"-1.20575833333333333333","0.73606666666666666667","0.1220","2.1610","null","null","null",1,1,"Bot","null","null",,,"null",,"null",,,,,,,"3.5100","1.9100","null","null","null","null","null","null",319681,"null","null","null","null","null","null","null","null","null","null","null","null","null","null","null","null","null",6,"2"
"SI","2012-08-29","95.0","null","null","Joe Kelly",501983,523260,"null","ball",,,,,"6","null","R","L","R","PIT","STL","B","null","null",0,0,2012,"-1.16957500000000000000","0.70166666666666666667","0.8270","2.5980","null","null","null",1,1,"Bot","null","null",,,"null",,"null",,,,,,,"3.4300","1.7400","null","null","null","null","null","null",319681,"null","null","null","null","null","null","null","null","null","null","null","null","null","null","null","null","null",6,"1"
"SI","2012-08-29","95.4","null","null","Joe Kelly",467798,523260,"strikeout","called_strike",,,,,"13","Jose Tabata called out on strikes.","R","R","R","PIT","STL","S","null","null",2,2,2012,"-0.99283333333333333333","0.74610000000000000000","-0.9980","2.4200","null","null","null",0,1,"Bot","null","null",,,"null",,"null",,,,,,,"3.4900","1.5900","null","null","null","null","null","null",319681,"null","null","null","null","null","null","null","null","null","null","null","null","0.00",1,0,0,"null",5,"6"
"SI","2012-08-29","95.5","null","null","Joe Kelly",467798,523260,"null","foul",,,,,"4","null","R","R","R","PIT","STL","S","null","null",2,2,2012,"-1.19740833333333333333","0.43506666666666666667","-0.7210","2.2080","null","null","null",0,1,"Bot","null","null",,,"null",,"null",,,,,,,"3.5400","1.5900","null","null","null","null","null","null",319681,"null","null","null","null","null","null","null","null","null","null","null","null","null","null","null","null","null",5,"5"
"SI","2012-08-29","93.6","null","null","Joe Kelly",467798,523260,"null","foul",,,,,"4","null","R","R","R","PIT","STL","S","null","null",2,1,2012,"-1.18627500000000000000","0.47806666666666666667","-0.5060","2.3500","null","null","null",0,1,"Bot","null","null",,,"null",,"null",,,,,,,"3.5400","1.5900","null","null","null","null","null","null",319681,"null","null","null","null","null","null","null","null","null","null","null","null","null","null","null","null","null",5,"4"
"SI","2012-08-29","94.8","null","null","Joe Kelly",467798,523260,"null","ball",,,,,"8","null","R","R","R","PIT","STL","B","null","null",1,1,2012,"-1.4896583333333333","0.61280000000000000000","-0.2040","1.5200","null","null","null",0,1,"Bot","null","null",,,"null",,"null",,,,,,,"3.4800","1.6300","null","null","null","null","null","null",319681,"null","null","null","null","null","null","null","null","null","null","null","null","null","null","null","null","null",5,"3"
"SI","2012-08-29","92.2","null","null","Joe Kelly",467798,523260,"null","ball",,,,,"13","null","R","R","R","PIT","STL","B","null","null",0,1,2012,"-1.17931666666666666667","0.58270000000000000000","-2.3620","2.3600","null","null","null",0,1,"Bot","null","null",,,"null",,"null",,,,,,,"3.5400","1.6000","null","null","null","null","null","null",319681,"null","null","null","null","null","null","null","null","null","null","null","null","null","null","null","null","null",5,"2"
"SI","2012-08-29","93.2","null","null","Joe Kelly",467798,523260,"null","called_strike",,,,,"4","null","R","R","R","PIT","STL","S","null","null",0,0,2012,"-1.2294166666666667","0.48953333333333333333","-0.4280","2.3840","null","null","null",0,1,"Bot","null","null",,,"null",,"null",,,,,,,"3.5900","1.7000","null","null","null","null","null","null",319681,"null","null","null","null","null","null","null","null","null","null","null","null","null","null","null","null","null",5,"1"
"SI","2012-08-24","93.4","null","null","Joe Kelly",446359,523260,"field_out","hit_into_play",,,,,"5","Zack Cozart flies out to center fielder Jon Jay.","R","R","R","CIN","STL","X","8","fly_ball",3,2,2012,"-1.3324000000000000","0.89230000000000000000","-0.1040","2.6540","453943.00","121409.00","452672.00",2,5,"Bot","125.50","54.22",,,"null",,"null",,,,,,,"3.3800","1.5400","null","null","null","null","null","null",319611,"null","null","null","null","null","null","null","null","null","null","null","null","0.00",1,0,0,"null",47,"9"
"SL","2012-08-24","81.2","null","null","Joe Kelly",446359,523260,"null","foul",,,,,"1","null","R","R","R","CIN","STL","S","null","null",3,2,2012,"0.81355000000000000000","0.31323333333333333333","-0.3350","3.3310","453943.00","121409.00","452672.00",2,5,"Bot","null","null",,,"null",,"null",,,,,,,"3.3800","1.5400","null","null","null","null","null","null",319611,"null","null","null","null","null","null","null","null","null","null","null","null","null","null","null","null","null",47,"8"
"SI","2012-08-24","93.6","null","null","Joe Kelly",446359,523260,"null","foul",,,,,"5","null","R","R","R","CIN","STL","S","null","null",3,2,2012,"-1.06241666666666666667","0.43506666666666666667","-0.0410","2.5440","453943.00","121409.00","452672.00",2,5,"Bot","null","null",,,"null",,"null",,,,,,,"3.3800","1.5400","null","null","null","null","null","null",319611,"null","null","null","null","null","null","null","null","null","null","null","null","null","null","null","null","null",47,"7"
"SI","2012-08-24","94.9","null","null","Joe Kelly",446359,523260,"null","foul",,,,,"2","null","R","R","R","CIN","STL","S","null","null",3,2,2012,"-1.2850833333333333","0.62140000000000000000","0.2520","2.8900","453943.00","121409.00","452672.00",2,5,"Bot","null","null",,,"null",,"null",,,,,,,"3.3800","1.5400","null","null","null","null","null","null",319611,"null","null","null","null","null","null","null","null","null","null","null","null","null","null","null","null","null",47,"6"
"SI","2012-08-24","95.7","null","null","Joe Kelly",446359,523260,"null","ball",,,,,"12","null","R","R","R","CIN","STL","B","null","null",2,2,2012,"-1.3978083333333333","0.73606666666666666667","1.5060","2.5910","453943.00","121409.00","452672.00",2,5,"Bot","null","null",,,"null",,"null",,,,,,,"3.3800","1.5000","null","null","null","null","null","null",319611,"null","null","null","null","null","null","null","null","null","null","null","null","null","null","null","null","null",47,"5"
"SL","2012-08-24","80.3","null","null","Joe Kelly",446359,523260,"null","ball",,,,,"14","null","R","R","R","CIN","STL","B","null","null",1,2,2012,"1.2157416666666667","0.13120000000000000000","0.5660","0.9820","453943.00","121409.00","452672.00",2,5,"Bot","null","null",,,"null",,"null",,,,,,,"3.3800","1.5000","null","null","null","null","null","null",319611,"null","null","null","null","null","null","null","null","null","null","null","null","null","null","null","null","null",47,"4"
"SI","2012-08-24","93.0","null","null","Joe Kelly",446359,523260,"null","foul",,,,,"11","null","R","R","R","CIN","STL","S","null","null",1,1,2012,"-1.3310083333333333","0.87510000000000000000","-0.8730","2.4820","453943.00","121409.00","452672.00",2,5,"Bot","null","null",,,"null",,"null",,,,,,,"3.3800","1.5400","null","null","null","null","null","null",319611,"null","null","null","null","null","null","null","null","null","null","null","null","null","null","null","null","null",47,"3"
"FF","2012-08-24","93.6","null","null","Joe Kelly",446359,523260,"null","ball",,,,,"12","null","R","R","R","CIN","STL","B","null","null",0,1,2012,"-0.67970833333333333333","1.17466666666666666667","0.9190","2.8290","453943.00","121409.00","452672.00",2,5,"Bot","null","null",,,"null",,"null",,,,,,,"3.3800","1.5400","null","null","null","null","null","null",319611,"null","null","null","null","null","null","null","null","null","null","null","null","null","null","null","null","null",47,"2"
"SL","2012-08-24","81.8","null","null","Joe Kelly",446359,523260,"null","called_strike",,,,,"6","null","R","R","R","CIN","STL","S","null","null",0,0,2012,"0.91375000000000000000","0.10826666666666666667","0.8180","2.2590","453943.00","121409.00","452672.00",2,5,"Bot","null","null",,,"null",,"null",,,,,,,"3.3800","1.5400","null","null","null","null","null","null",319611,"null","null","null","null","null","null","null","null","null","null","null","null","null","null","null","null","null",47,"1"
"SI","2012-08-24","93.2","null","null","Joe Kelly",502009,523260,"strikeout","swinging_strike",,,,,"11","Mat Latos strikes out swinging.","R","R","R","CIN","STL","S","null","null",3,2,2012,"-0.99840000000000000000","1.06716666666666666667","-0.6260","4.5250","453943.00","121409.00","452672.00",1,5,"Bot","null","null",,,"null",,"null",,,,,,,"3.3800","1.6500","null","null","null","null","null","null",319611,"null","null","null","null","null","null","null","null","null","null","null","null","0.00",1,0,0,"null",46,"7"
"SI","2012-08-24","94.2","null","null","Joe Kelly",502009,523260,"null","ball",,,,,"12","null","R","R","R","CIN","STL","B","null","null",2,2,2012,"-0.97474166666666666667","1.10586666666666666667","1.3030","2.9750","453943.00","121409.00","452672.00",1,5,"Bot","null","null",,,"null",,"null",,,,,,,"3.7200","1.6500","null","null","null","null","null","null",319611,"null","null","null","null","null","null","null","null","null","null","null","null","null","null","null","null","null",46,"6"
"SI","2012-08-24","94.9","null","null","Joe Kelly",502009,523260,"null","foul",,,,,"6","null","R","R","R","CIN","STL","S","null","null",2,2,2012,"-1.12225833333333333333","0.49383333333333333333","0.4360","2.8000","453943.00","121409.00","452672.00",1,5,"Bot","null","null",,,"null",,"null",,,,,,,"3.3800","1.6500","null","null","null","null","null","null",319611,"null","null","null","null","null","null","null","null","null","null","null","null","null","null","null","null","null",46,"5"
"SL","2012-08-24","80.4","null","null","Joe Kelly",502009,523260,"null","blocked_ball",,,,,"14","null","R","R","R","CIN","STL","B","null","null",1,2,2012,"1.0640500000000000","0.01366666666666666667","2.0730","0.6620","453943.00","121409.00","452672.00",1,5,"Bot","null","null",,,"null",,"null",,,,,,,"3.7600","1.7700","null","null","null","null","null","null",319611,"null","null","null","null","null","null","null","null","null","null","null","null","null","null","null","null","null",46,"4"
"SI","2012-08-24","94.0","null","null","Joe Kelly",502009,523260,"null","called_strike",,,,,"5","null","R","R","R","CIN","STL","S","null","null",1,1,2012,"-1.2196750000000000","1.4570333333333333","0.2190","2.4040","453943.00","121409.00","452672.00",1,5,"Bot","null","null",,,"null",,"null",,,,,,,"3.7900","1.7300","null","null","null","null","null","null",319611,"null","null","null","null","null","null","null","null","null","null","null","null","null","null","null","null","null",46,"3"
"SI","2012-08-24","92.7","null","null","Joe Kelly",502009,523260,"null","called_strike",,,,,"14","null","R","R","R","CIN","STL","S","null","null",1,0,2012,"-1.08885833333333333333","0.97543333333333333333","1.0540","2.2580","453943.00","121409.00","452672.00",1,5,"Bot","null","null",,,"null",,"null",,,,,,,"3.7900","1.6500","null","null","null","null","null","null",319611,"null","null","null","null","null","null","null","null","null","null","null","null","null","null","null","null","null",46,"2"
"SL","2012-08-24","79.9","null","null","Joe Kelly",502009,523260,"null","ball",,,,,"14","null","R","R","R","CIN","STL","B","null","null",0,0,2012,"0.66881666666666666667","0.17993333333333333333","1.5460","2.4090","453943.00","121409.00","452672.00",1,5,"Bot","null","null",,,"null",,"null",,,,,,,"3.9200","1.7300","null","null","null","null","null","null",319611,"null","null","null","null","null","null","null","null","null","null","null","null","null","null","null","null","null",46,"1"
"IN","2012-08-24","59.9","null","null","Joe Kelly",452672,523260,"intent_walk","intent_ball",,,,,"12","Joe Kelly intentionally walks Ryan Hanigan.","R","R","R","CIN","STL","B","null","null",3,0,2012,"-0.43060000000000000000","1.7236333333333333","5.0520","3.5940","453943.00","121409.00","null",1,5,"Bot","null","null",,,"null",,"null",,,,,,,"3.2200","1.5500","null","null","null","null","null","null",319611,"null","null","null","null","null","null","null","null","null","null","null","null","0.70",1,0,0,"null",45,"4"
"IN","2012-08-24","59.8","null","null","Joe Kelly",452672,523260,"null","intent_ball",,,,,"12","null","R","R","R","CIN","STL","B","null","null",2,0,2012,"-0.13695833333333333333","1.5602333333333333","3.5950","4.3030","453943.00","121409.00","null",1,5,"Bot","null","null",,,"null",,"null",,,,,,,"3.2200","1.5500","null","null","null","null","null","null",319611,"null","null","null","null","null","null","null","null","null","null","null","null","null","null","null","null","null",45,"3"
"IN","2012-08-24","63.2","null","null","Joe Kelly",452672,523260,"null","intent_ball",,,,,"12","null","R","R","R","CIN","STL","B","null","null",1,0,2012,"-0.35266666666666666667","1.5487666666666667","3.9600","4.2020","453943.00","121409.00","null",1,5,"Bot","null","null",,,"null",,"null",,,,,,,"3.2200","1.5500","null","null","null","null","null","null",319611,"null","null","null","null","null","null","null","null","null","null","null","null","null","null","null","null","null",45,"2"
"IN","2012-08-24","65.1","null","null","Joe Kelly",452672,523260,"null","intent_ball",,,,,"12","null","R","R","R","CIN","STL","B","null","null",0,0,2012,"-0.49461666666666666667","1.9185666666666667","5.5090","3.4330","453943.00","121409.00","null",1,5,"Bot","null","null",,,"null",,"null",,,,,,,"3.2200","1.5500","null","null","null","null","null","null",319611,"null","null","null","null","null","null","null","null","null","null","null","null","null","null","null","null","null",45,"1"
"SI","2012-08-24","95.4","null","null","Joe Kelly",121409,523260,"double","hit_into_play_score",,,,,"8","Scott Rolen doubles (14) on a line drive to right fielder Carlos Beltran.   Jay Bruce scores.    Todd Frazier to 3rd.","R","R","R","CIN","STL","X","null","line_drive",0,0,2012,"-1.08190000000000000000","0.99980000000000000000","0.1670","2.1430","null","457803.00","453943.00",1,5,"Bot","204.82","105.42",,,"null",,"null",,,,,,,"3.4500","1.6500","null","null","null","null","null","null",319611,"null","null","null","null","null","null","null","null","null","null","null","null","1.25",1,1,1,"null",44,"1"
"SI","2012-08-24","94.2","null","null","Joe Kelly",453943,523260,"single","hit_into_play_no_out",,,,,"5","Todd Frazier singles on a soft fly ball to right fielder Carlos Beltran.   Jay Bruce to 2nd.","R","R","R","CIN","STL","X","null","fly_ball",2,1,2012,"-1.17931666666666666667","1.08436666666666666667","-0.1680","2.7430","null","null","457803.00",1,5,"Bot","141.57","106.43",,,"null",,"null",,,,,,,"3.3400","1.5100","null","null","null","null","null","null",319611,"null","null","null","null","null","null","null","null","null","null","null","null","0.90",1,1,0,"null",43,"4"
"SI","2012-08-24","95.7","null","null","Joe Kelly",453943,523260,"null","ball",,,,,"14","null","R","R","R","CIN","STL","B","null","null",1,1,2012,"-1.3978083333333333","1.07146666666666666667","1.9590","0.9870","null","null","457803.00",1,5,"Bot","null","null",,,"null",,"null",,,,,,,"3.3400","1.5100","null","null","null","null","null","null",319611,"null","null","null","null","null","null","null","null","null","null","null","null","null","null","null","null","null",43,"3"
"SI","2012-08-24","95.4","null","null","Joe Kelly",453943,523260,"null","called_strike",,,,,"8","null","R","R","R","CIN","STL","S","null","null",1,0,2012,"-1.3407500000000000","0.60420000000000000000","-0.0260","1.8670","null","null","457803.00",1,5,"Bot","null","null",,,"null",,"null",,,,,,,"3.4300","1.5100","null","null","null","null","null","null",319611,"null","null","null","null","null","null","null","null","null","null","null","null","null","null","null","null","null",43,"2"
"SI","2012-08-24","93.9","null","null","Joe Kelly",453943,523260,"null","ball",,,,,"13","null","R","R","R","CIN","STL","B","null","null",0,0,2012,"-1.3337916666666667","0.88800000000000000000","-0.8920","0.8370","null","null","457803.00",1,5,"Bot","null","null",,,"null",,"null",,,,,,,"3.4600","1.5100","null","null","null","null","null","null",319611,"null","null","null","null","null","null","null","null","null","null","null","null","null","null","null","null","null",43,"1"
"CH","2012-08-24","84.5","null","null","Joe Kelly",457803,523260,"single","hit_into_play_no_out",,,,,"13","Jay Bruce singles on a ground ball to right fielder Carlos Beltran.","R","L","R","CIN","STL","X","null","ground_ball",2,2,2012,"-1.3838916666666667","0.12690000000000000000","-1.4040","2.2940","null","null","null",1,5,"Bot","146.59","100.40",,,"null",,"null",,,,,,,"3.6500","1.7600","null","null","null","null","null","null",319611,"null","null","null","null","null","null","null","null","null","null","null","null","0.90",1,1,0,"null",42,"5"
"CH","2012-08-24","84.9","null","null","Joe Kelly",457803,523260,"null","ball",,,,,"14","null","R","L","R","CIN","STL","B","null","null",1,2,2012,"-1.4284250000000000","0.04233333333333333333","0.3840","0.5230","null","null","null",1,5,"Bot","null","null",,,"null",,"null",,,,,,,"3.7600","1.7600","null","null","null","null","null","null",319611,"null","null","null","null","null","null","null","null","null","null","null","null","null","null","null","null","null",42,"4"
"SI","2012-08-24","95.1","null","null","Joe Kelly",457803,523260,"null","swinging_strike",,,,,"11","null","R","L","R","CIN","STL","S","null","null",1,1,2012,"-1.01927500000000000000","0.64003333333333333333","-1.7190","2.7690","null","null","null",1,5,"Bot","null","null",,,"null",,"null",,,,,,,"3.6500","1.7600","null","null","null","null","null","null",319611,"null","null","null","null","null","null","null","null","null","null","null","null","null","null","null","null","null",42,"3"
"SI","2012-08-24","96.8","null","null","Joe Kelly",457803,523260,"null","ball",,,,,"14","null","R","L","R","CIN","STL","B","null","null",0,1,2012,"-0.98726666666666666667","0.85790000000000000000","2.1070","0.7950","null","null","null",1,5,"Bot","null","null",,,"null",,"null",,,,,,,"3.7300","1.7600","null","null","null","null","null","null",319611,"null","null","null","null","null","null","null","null","null","null","null","null","null","null","null","null","null",42,"2"
"CH","2012-08-24","86.0","null","null","Joe Kelly",457803,523260,"null","swinging_strike",,,,,"14","null","R","L","R","CIN","STL","S","null","null",0,0,2012,"-1.19880000000000000000","0.51963333333333333333","0.6330","1.4990","null","null","null",1,5,"Bot","null","null",,,"null",,"null",,,,,,,"3.6500","1.7600","null","null","null","null","null","null",319611,"null","null","null","null","null","null","null","null","null","null","null","null","null","null","null","null","null",42,"1"
"SL","2012-08-24","80.7","null","null","Joe Kelly",407886,523260,"field_out","hit_into_play",,,,,"14","Ryan Ludwick flies out to left fielder Matt Holliday.","R","R","R","CIN","STL","X","7","fly_ball",0,1,2012,"1.1990416666666667","0.09250000000000000000","0.3290","1.3930","null","null","null",0,5,"Bot","82.33","82.33",,,"null",,"null",,,,,,,"3.5500","1.7200","null","null","null","null","null","null",319611,"null","null","null","null","null","null","null","null","null","null","null","null","0.00",1,0,0,"null",41,"2"
"SI","2012-08-24","94.8","null","null","Joe Kelly",407886,523260,"null","called_strike",,,,,"6","null","R","R","R","CIN","STL","S","null","null",0,0,2012,"-1.2447250000000000","1.23486666666666666667","0.5150","2.3470","null","null","null",0,5,"Bot","null","null",,,"null",,"null",,,,,,,"3.6200","1.7300","null","null","null","null","null","null",319611,"null","null","null","null","null","null","null","null","null","null","null","null","null","null","null","null","null",41,"1"
"SI","2012-08-24","94.3","null","null","Joe Kelly",408252,523260,"strikeout","swinging_strike",,,,,"4","Brandon Phillips strikes out swinging.","R","R","R","CIN","STL","S","null","null",3,2,2012,"-1.08746666666666666667","0.57983333333333333333","-0.3460","2.3220","null","null","null",2,4,"Bot","null","null",,,"null",,"null",,,,,,,"2.9500","1.5000","null","null","null","null","null","null",319611,"null","null","null","null","null","null","null","null","null","null","null","null","0.00",1,0,0,"null",37,"8"
"SL","2012-08-24","81.7","null","null","Joe Kelly",408252,523260,"null","ball",,,,,"13","null","R","R","R","CIN","STL","B","null","null",2,2,2012,"1.3869166666666667","-0.54963333333333333333","-1.0680","2.0710","null","null","null",2,4,"Bot","null","null",,,"null",,"null",,,,,,,"3.0600","1.4000","null","null","null","null","null","null",319611,"null","null","null","null","null","null","null","null","null","null","null","null","null","null","null","null","null",37,"7"
"CH","2012-08-24","85.7","null","null","Joe Kelly",408252,523260,"null","foul",,,,,"4","null","R","R","R","CIN","STL","S","null","null",2,2,2012,"-1.3379666666666667","0.72890000000000000000","-0.7020","2.2560","null","null","null",2,4,"Bot","null","null",,,"null",,"null",,,,,,,"2.9500","1.5000","null","null","null","null","null","null",319611,"null","null","null","null","null","null","null","null","null","null","null","null","null","null","null","null","null",37,"6"
"FF","2012-08-24","96.1","null","null","Joe Kelly",408252,523260,"null","ball",,,,,"11","null","R","R","R","CIN","STL","B","null","null",1,2,2012,"-0.78825833333333333333","0.97686666666666666667","-1.2780","4.6010","null","null","null",2,4,"Bot","null","null",,,"null",,"null",,,,,,,"3.0000","1.4700","null","null","null","null","null","null",319611,"null","null","null","null","null","null","null","null","null","null","null","null","null","null","null","null","null",37,"5"
"SL","2012-08-24","82.7","null","null","Joe Kelly",408252,523260,"null","ball",,,,,"14","null","R","R","R","CIN","STL","B","null","null",0,2,2012,"0.92488333333333333333","-0.06803333333333333333","1.0350","0.6520","null","null","null",2,4,"Bot","null","null",,,"null",,"null",,,,,,,"3.1000","1.5000","null","null","null","null","null","null",319611,"null","null","null","null","null","null","null","null","null","null","null","null","null","null","null","null","null",37,"4"
"SI","2012-08-24","97.2","null","null","Joe Kelly",408252,523260,"null","foul",,,,,"11","null","R","R","R","CIN","STL","S","null","null",0,2,2012,"-0.95386666666666666667","0.54113333333333333333","-0.3510","3.3330","null","null","null",2,4,"Bot","null","null",,,"null",,"null",,,,,,,"2.9500","1.5000","null","null","null","null","null","null",319611,"null","null","null","null","null","null","null","null","null","null","null","null","null","null","null","null","null",37,"3"
"SL","2012-08-24","84.2","null","null","Joe Kelly",408252,523260,"null","swinging_strike",,,,,"14","null","R","R","R","CIN","STL","S","null","null",0,1,2012,"1.0863166666666667","-0.29593333333333333333","1.2790","0.3230","null","null","null",2,4,"Bot","null","null",,,"null",,"null",,,,,,,"2.9500","1.5000","null","null","null","null","null","null",319611,"null","null","null","null","null","null","null","null","null","null","null","null","null","null","null","null","null",37,"2"
"SI","2012-08-24","96.8","null","null","Joe Kelly",408252,523260,"null","swinging_strike",,,,,"11","null","R","R","R","CIN","STL","S","null","null",0,0,2012,"-1.2168916666666667","0.66583333333333333333","-1.2130","3.1970","null","null","null",2,4,"Bot","null","null",,,"null",,"null",,,,,,,"2.9500","1.5000","null","null","null","null","null","null",319611,"null","null","null","null","null","null","null","null","null","null","null","null","null","null","null","null","null",37,"1"
"SL","2012-08-24","80.8","null","null","Joe Kelly",453211,523260,"strikeout","swinging_strike_blocked",,,,,"14","Drew Stubbs strikes out swinging.","R","R","R","CIN","STL","S","null","null",1,2,2012,"1.3229000000000000","-0.44356666666666666667","1.6500","0.3230","null","null","null",1,4,"Bot","null","null",,,"null",,"null",,,,,,,"3.5200","1.6600","null","null","null","null","null","null",319611,"null","null","null","null","null","null","null","null","null","null","null","null","0.00",1,0,0,"null",36,"4"
"SL","2012-08-24","80.0","null","null","Joe Kelly",453211,523260,"null","called_strike",,,,,"11","null","R","R","R","CIN","STL","S","null","null",1,1,2012,"1.4773750000000000","-0.70013333333333333333","-0.9190","2.6730","null","null","null",1,4,"Bot","null","null",,,"null",,"null",,,,,,,"3.6600","1.6600","null","null","null","null","null","null",319611,"null","null","null","null","null","null","null","null","null","null","null","null","null","null","null","null","null",36,"3"
"SI","2012-08-24","93.7","null","null","Joe Kelly",453211,523260,"null","called_strike",,,,,"14","null","R","R","R","CIN","STL","S","null","null",1,0,2012,"-1.19462500000000000000","1.3982666666666667","0.8420","2.1740","null","null","null",1,4,"Bot","null","null",,,"null",,"null",,,,,,,"3.6600","1.6600","null","null","null","null","null","null",319611,"null","null","null","null","null","null","null","null","null","null","null","null","null","null","null","null","null",36,"2"
"FF","2012-08-24","95.3","null","null","Joe Kelly",453211,523260,"null","ball",,,,,"12","null","R","R","R","CIN","STL","B","null","null",0,0,2012,"-0.80495833333333333333","1.02846666666666666667","0.0170","4.3290","null","null","null",1,4,"Bot","null","null",,,"null",,"null",,,,,,,"3.6600","1.6300","null","null","null","null","null","null",319611,"null","null","null","null","null","null","null","null","null","null","null","null","null","null","null","null","null",36,"1"
"SL","2012-08-24","81.3","null","null","Joe Kelly",446359,523260,"strikeout","swinging_strike_blocked",,,,,"14","Zack Cozart strikes out swinging.","R","R","R","CIN","STL","S","null","null",2,2,2012,"0.75649166666666666667","-0.36473333333333333333","0.3210","0.5080","null","null","null",0,4,"Bot","null","null",,,"null",,"null",,,,,,,"3.3800","1.5400","null","null","null","null","null","null",319611,"null","null","null","null","null","null","null","null","null","null","null","null","0.00",1,0,0,"null",35,"5"
"SI","2012-08-24","94.5","null","null","Joe Kelly",446359,523260,"null","foul",,,,,"13","null","R","R","R","CIN","STL","S","null","null",2,1,2012,"-1.20854166666666666667","0.70740000000000000000","-1.2020","2.4320","null","null","null",0,4,"Bot","null","null",,,"null",,"null",,,,,,,"3.3800","1.5400","null","null","null","null","null","null",319611,"null","null","null","null","null","null","null","null","null","null","null","null","null","null","null","null","null",35,"4"
"SI","2012-08-24","94.0","null","null","Joe Kelly",446359,523260,"null","ball",,,,,"14","null","R","R","R","CIN","STL","B","null","null",1,1,2012,"-1.3393583333333333","1.09010000000000000000","1.5880","1.6020","null","null","null",0,4,"Bot","null","null",,,"null",,"null",,,,,,,"3.3800","1.5400","null","null","null","null","null","null",319611,"null","null","null","null","null","null","null","null","null","null","null","null","null","null","null","null","null",35,"3"
"SL","2012-08-24","81.1","null","null","Joe Kelly",446359,523260,"null","ball",,,,,"14","null","R","R","R","CIN","STL","B","null","null",0,1,2012,"1.0292583333333333","0.08103333333333333333","1.1650","1.2260","null","null","null",0,4,"Bot","null","null",,,"null",,"null",,,,,,,"3.3300","1.4400","null","null","null","null","null","null",319611,"null","null","null","null","null","null","null","null","null","null","null","null","null","null","null","null","null",35,"2"
"SI","2012-08-24","94.6","null","null","Joe Kelly",446359,523260,"null","called_strike",,,,,"4","null","R","R","R","CIN","STL","S","null","null",0,0,2012,"-1.3699750000000000","0.78480000000000000000","-0.4630","2.2380","null","null","null",0,4,"Bot","null","null",,,"null",,"null",,,,,,,"3.3800","1.5000","null","null","null","null","null","null",319611,"null","null","null","null","null","null","null","null","null","null","null","null","null","null","null","null","null",35,"1"
"SL","2012-08-24","81.2","null","null","Joe Kelly",502009,523260,"strikeout","swinging_strike",,,,,"14","Mat Latos strikes out swinging.","R","R","R","CIN","STL","S","null","null",1,2,2012,"0.91375000000000000000","-0.12393333333333333333","2.1650","0.8090","407886.00","453943.00","121409.00",2,3,"Bot","null","null",,,"null",,"null",,,,,,,"3.3800","1.6500","null","null","null","null","null","null",319611,"null","null","null","null","null","null","null","null","null","null","null","null","0.00",1,0,0,"null",29,"4"
"SI","2012-08-24","95.8","null","null","Joe Kelly",502009,523260,"null","foul",,,,,"13","null","R","R","R","CIN","STL","S","null","null",1,1,2012,"-1.4381666666666667","0.50243333333333333333","-1.1030","2.0790","407886.00","453943.00","121409.00",2,3,"Bot","null","null",,,"null",,"null",,,,,,,"3.3800","1.6500","null","null","null","null","null","null",319611,"null","null","null","null","null","null","null","null","null","null","null","null","null","null","null","null","null",29,"3"
"SI","2012-08-24","94.3","null","null","Joe Kelly",502009,523260,"null","called_strike",,,,,"8","null","R","R","R","CIN","STL","S","null","null",1,0,2012,"-1.4186833333333333","0.75326666666666666667","-0.1450","1.8220","407886.00","453943.00","121409.00",2,3,"Bot","null","null",,,"null",,"null",,,,,,,"3.8100","1.8200","null","null","null","null","null","null",319611,"null","null","null","null","null","null","null","null","null","null","null","null","null","null","null","null","null",29,"2"
"FF","2012-08-24","96.1","null","null","Joe Kelly",502009,523260,"null","ball",,,,,"12","null","R","R","R","CIN","STL","B","null","null",0,0,2012,"-0.82722500000000000000","0.99263333333333333333","0.8360","3.1550","407886.00","453943.00","121409.00",2,3,"Bot","null","null",,,"null",,"null",,,,,,,"4.0000","1.8800","null","null","null","null","null","null",319611,"null","null","null","null","null","null","null","null","null","null","null","null","null","null","null","null","null",29,"1"
"SI","2012-08-24","96.2","null","null","Joe Kelly",452672,523260,"strikeout","swinging_strike",,,,,"12","Ryan Hanigan strikes out swinging.","R","R","R","CIN","STL","S","null","null",2,2,2012,"-1.05128333333333333333","1.00123333333333333333","0.8660","2.6280","407886.00","453943.00","121409.00",1,3,"Bot","null","null",,,"null",,"null",,,,,,,"3.2200","1.5500","null","null","null","null","null","null",319611,"null","null","null","null","null","null","null","null","null","null","null","null","0.00",1,0,0,"null",28,"5"
"SI","2012-08-24","94.2","null","null","Joe Kelly",452672,523260,"null","called_strike",,,,,"6","null","R","R","R","CIN","STL","S","null","null",2,1,2012,"-1.4771333333333333","0.64576666666666666667","0.5680","2.5770","407886.00","453943.00","121409.00",1,3,"Bot","null","null",,,"null",,"null",,,,,,,"3.1500","1.4500","null","null","null","null","null","null",319611,"null","null","null","null","null","null","null","null","null","null","null","null","null","null","null","null","null",28,"4"
"SL","2012-08-24","79.7","null","null","Joe Kelly",452672,523260,"null","ball",,,,,"14","null","R","R","R","CIN","STL","B","null","null",1,1,2012,"1.0863166666666667","-0.23573333333333333333","0.4140","1.1580","407886.00","453943.00","121409.00",1,3,"Bot","null","null",,,"null",,"null",,,,,,,"3.1100","1.4200","null","null","null","null","null","null",319611,"null","null","null","null","null","null","null","null","null","null","null","null","null","null","null","null","null",28,"3"
"SL","2012-08-24","79.6","null","null","Joe Kelly",452672,523260,"null","blocked_ball",,,,,"14","null","R","R","R","CIN","STL","B","null","null",0,1,2012,"1.0765750000000000","-0.14830000000000000000","0.5950","0.7150","407886.00","453943.00","121409.00",1,3,"Bot","null","null",,,"null",,"null",,,,,,,"3.2200","1.4500","null","null","null","null","null","null",319611,"null","null","null","null","null","null","null","null","null","null","null","null","null","null","null","null","null",28,"2"
"SL","2012-08-24","80.1","null","null","Joe Kelly",452672,523260,"null","called_strike",,,,,"5","null","R","R","R","CIN","STL","S","null","null",0,0,2012,"1.2533166666666667","-0.08666666666666666667","-0.1040","2.3090","407886.00","453943.00","121409.00",1,3,"Bot","null","null",,,"null",,"null",,,,,,,"3.2200","1.4800","null","null","null","null","null","null",319611,"null","null","null","null","null","null","null","null","null","null","null","null","null","null","null","null","null",28,"1"
"SL","2012-08-24","80.8","null","null","Joe Kelly",121409,523260,"single","hit_into_play_no_out",,,,,"14","Scott Rolen singles on a ground ball to pitcher Joe Kelly.   Ryan Ludwick to 3rd.    Todd Frazier to 2nd.","R","R","R","CIN","STL","X","null","ground_ball",1,2,2012,"1.1405916666666667","-0.09383333333333333333","0.2690","1.1470","null","407886.00","453943.00",1,3,"Bot","116.47","182.73",,,"null",,"null",,,,,,,"3.4500","1.6500","null","null","null","null","null","null",319611,"null","null","null","null","null","null","null","null","null","null","null","null","0.90",1,1,0,"null",27,"4"
"SL","2012-08-24","80.8","null","null","Joe Kelly",121409,523260,"null","swinging_strike_blocked",,,,,"14","null","R","R","R","CIN","STL","S","null","null",1,1,2012,"1.0056000000000000","0.11973333333333333333","1.2390","1.0460","null","407886.00","453943.00",1,3,"Bot","null","null",,,"null",,"null",,,,,,,"3.4500","1.6500","null","null","null","null","null","null",319611,"null","null","null","null","null","null","null","null","null","null","null","null","null","null","null","null","null",27,"3"
"FF","2012-08-24","94.5","null","null","Joe Kelly",121409,523260,"null","called_strike",,,,,"5","null","R","R","R","CIN","STL","S","null","null",1,0,2012,"-0.80217500000000000000","1.26066666666666666667","0.2050","2.3200","null","407886.00","453943.00",1,3,"Bot","null","null",,,"null",,"null",,,,,,,"3.4500","1.6500","null","null","null","null","null","null",319611,"null","null","null","null","null","null","null","null","null","null","null","null","null","null","null","null","null",27,"2"
"SL","2012-08-24","81.0","null","null","Joe Kelly",121409,523260,"null","ball",,,,,"13","null","R","R","R","CIN","STL","B","null","null",0,0,2012,"0.87617500000000000000","-0.23860000000000000000","-1.1680","1.8270","null","407886.00","453943.00",1,3,"Bot","null","null",,,"null",,"null",,,,,,,"3.4500","1.6500","null","null","null","null","null","null",319611,"null","null","null","null","null","null","null","null","null","null","null","null","null","null","null","null","null",27,"1"
"SI","2012-08-24","94.2","null","null","Joe Kelly",453943,523260,"single","hit_into_play_score",,,,,"1","Todd Frazier singles on a soft ground ball to center fielder Jon Jay.   Brandon Phillips scores.    Ryan Ludwick to 2nd.","R","R","R","CIN","STL","X","null","ground_ball",2,1,2012,"-1.3003916666666667","0.47950000000000000000","-0.6340","2.9190","null","408252.00","407886.00",1,3,"Bot","125.50","102.41",,,"null",,"null",,,,,,,"3.3400","1.5100","null","null","null","null","null","null",319611,"null","null","null","null","null","null","null","null","null","null","null","null","0.90",1,1,0,"null",26,"4"
"SI","2012-08-24","94.6","null","null","Joe Kelly",453943,523260,"null","foul",,,,,"4","null","R","R","R","CIN","STL","S","null","null",2,0,2012,"-1.3282250000000000","0.69306666666666666667","-0.6510","2.4340","null","408252.00","407886.00",1,3,"Bot","null","null",,,"null",,"null",,,,,,,"3.3400","1.5100","null","null","null","null","null","null",319611,"null","null","null","null","null","null","null","null","null","null","null","null","null","null","null","null","null",26,"3"
"SI","2012-08-24","92.7","null","null","Joe Kelly",453943,523260,"null","ball",,,,,"13","null","R","R","R","CIN","STL","B","null","null",1,0,2012,"-1.6288250000000000","0.73176666666666666667","-0.9030","1.0420","null","408252.00","407886.00",1,3,"Bot","null","null",,,"null",,"null",,,,,,,"3.4000","1.4700","null","null","null","null","null","null",319611,"null","null","null","null","null","null","null","null","null","null","null","null","null","null","null","null","null",26,"2"
"SI","2012-08-24","93.4","null","null","Joe Kelly",453943,523260,"null","ball",,,,,"11","null","R","R","R","CIN","STL","B","null","null",0,0,2012,"-1.02762500000000000000","0.52536666666666666667","-2.0030","3.5380","null","408252.00","407886.00",1,3,"Bot","null","null",,,"null",,"null",,,,,,,"3.4300","1.5000","null","null","null","null","null","null",319611,"null","null","null","null","null","null","null","null","null","null","null","null","null","null","null","null","null",26,"1"
"CH","2012-08-24","86.2","null","null","Joe Kelly",457803,523260,"field_out","hit_into_play",,,,,"4","Jay Bruce flies out to left fielder Matt Holliday.","R","L","R","CIN","STL","X","7","fly_ball",1,1,2012,"-1.3560583333333333","0.50816666666666666667","-0.6360","2.4430","null","408252.00","407886.00",0,3,"Bot","91.37","102.41",,,"null",,"null",,,,,,,"3.6500","1.7600","null","null","null","null","null","null",319611,"null","null","null","null","null","null","null","null","null","null","null","null","0.00",1,0,0,"null",25,"3"
"SI","2012-08-24","93.3","null","null","Joe Kelly",457803,523260,"null","foul",,,,,"11","null","R","L","R","CIN","STL","S","null","null",1,0,2012,"-1.21132500000000000000","0.77906666666666666667","-1.2260","2.7330","null","408252.00","407886.00",0,3,"Bot","null","null",,,"null",,"null",,,,,,,"3.6500","1.7600","null","null","null","null","null","null",319611,"null","null","null","null","null","null","null","null","null","null","null","null","null","null","null","null","null",25,"2"
"SI","2012-08-24","92.6","null","null","Joe Kelly",457803,523260,"null","ball",,,,,"11","null","R","L","R","CIN","STL","B","null","null",0,0,2012,"-1.15844166666666666667","0.57123333333333333333","-1.9340","3.1730","null","408252.00","407886.00",0,3,"Bot","null","null",,,"null",,"null",,,,,,,"3.7600","1.7600","null","null","null","null","null","null",319611,"null","null","null","null","null","null","null","null","null","null","null","null","null","null","null","null","null",25,"1"
"SL","2012-08-19","79.5","null","null","Joe Kelly",425549,523260,"hit_by_pitch","hit_by_pitch",,,,,"11","Clint Barmes hit by pitch.    James McDonald to 3rd.    Pedro Alvarez to 2nd.","R","R","R","STL","PIT","B","null","null",0,0,2012,"0.77319166666666666667","-0.28733333333333333333","-1.8050","3.8010","null","457428.00","476883.00",2,17,"Top","null","null",,,"null",,"null",,,,,,,"3.3500","1.4800","null","null","null","null","null","null",319545,"null","null","null","null","null","null","null","null","null","null","null","null","0.70",1,0,0,"null",122,"1"
"IN","2012-08-19","59.4","null","null","Joe Kelly",476883,523260,"intent_walk","intent_ball",,,,,"11","Joe Kelly intentionally walks Pedro Alvarez.","R","L","R","STL","PIT","B","null","null",3,1,2012,"-0.42920833333333333333","0.69306666666666666667","-7.2280","4.8940","null","457428.00","null",2,17,"Top","null","null",,,"null",,"null",,,,,,,"3.4700","1.6600","null","null","null","null","null","null",319545,"null","null","null","null","null","null","null","null","null","null","null","null","0.70",1,0,0,"null",121,"5"
"SI","2012-08-19","94.7","null","null","Joe Kelly",476883,523260,"null","ball",,,,,"11","null","R","L","R","STL","PIT","B","null","null",2,1,2012,"-1.3449250000000000","0.51246666666666666667","-2.1240","2.7230","null","457428.00","null",2,17,"Top","null","null",,,"null",,"null",,,,,,,"3.4700","1.6600","null","null","null","null","null","null",319545,"null","null","null","null","null","null","null","null","null","null","null","null","null","null","null","null","null",121,"4"
"CH","2012-08-19","88.2","null","null","Joe Kelly",476883,523260,"null","ball",,,,,"14","null","R","L","R","STL","PIT","B","null","null",1,1,2012,"-1.8626250000000000","0.63000000000000000000","0.6530","0.3020","null","null","457428.00",2,17,"Top","null","null",,,"null",,"null",,,,,,,"3.4700","1.6600","null","null","null","null","null","null",319545,"null","null","null","null","null","null","null","null","null","null","null","null","null","null","null","null","null",121,"3"
"SI","2012-08-19","95.1","null","null","Joe Kelly",476883,523260,"null","swinging_strike",,,,,"7","null","R","L","R","STL","PIT","S","null","null",1,0,2012,"-1.5439333333333333","0.56406666666666666667","-0.7370","2.1780","null","null","457428.00",2,17,"Top","null","null",,,"null",,"null",,,,,,,"3.4700","1.6600","null","null","null","null","null","null",319545,"null","null","null","null","null","null","null","null","null","null","null","null","null","null","null","null","null",121,"2"
"SI","2012-08-19","94.1","null","null","Joe Kelly",476883,523260,"null","ball",,,,,"13","null","R","L","R","STL","PIT","B","null","null",0,0,2012,"-1.6204750000000000","0.58556666666666666667","-1.6330","2.3510","null","null","457428.00",2,17,"Top","null","null",,,"null",,"null",,,,,,,"3.4700","1.6600","null","null","null","null","null","null",319545,"null","null","null","null","null","null","null","null","null","null","null","null","null","null","null","null","null",121,"1"
"SI","2012-08-19","94.1","null","null","Joe Kelly",502374,523260,"field_out","hit_into_play",,,,,"5","Michael McKenry flies out to center fielder Jon Jay.","R","R","R","STL","PIT","X","8","fly_ball",2,2,2012,"-1.19323333333333333333","0.73750000000000000000","0.2200","2.2480","null","null","457428.00",1,17,"Top","127.51","85.34",,,"null",,"null",,,,,,,"3.4400","1.5700","null","null","null","null","null","null",319545,"null","null","null","null","null","null","null","null","null","null","null","null","0.00",1,0,0,"null",120,"5"
"SI","2012-08-19","94.7","null","null","Joe Kelly",502374,523260,"null","ball",,,,,"12","null","R","R","R","STL","PIT","B","null","null",1,2,2012,"-0.86062500000000000000","0.84786666666666666667","1.3570","2.9160","null","null","457428.00",1,17,"Top","null","null",,,"null",,"null",,,,,,,"3.3400","1.3100","null","null","null","null","null","null",319545,"null","null","null","null","null","null","null","null","null","null","null","null","null","null","null","null","null",120,"4"
"SI","2012-08-19","94.7","null","null","Joe Kelly",502374,523260,"null","foul",,,,,"8","null","R","R","R","STL","PIT","S","null","null",1,1,2012,"-1.8139166666666667","0.57123333333333333333","0.0590","1.6990","null","null","457428.00",1,17,"Top","null","null",,,"null",,"null",,,,,,,"3.4400","1.5700","null","null","null","null","null","null",319545,"null","null","null","null","null","null","null","null","null","null","null","null","null","null","null","null","null",120,"3"
"SI","2012-08-19","96.1","null","null","Joe Kelly",502374,523260,"null","blocked_ball",,,,,"14","null","R","R","R","STL","PIT","B","null","null",0,1,2012,"-1.7457250000000000","0.65580000000000000000","1.2000","0.5370","null","null","457428.00",1,17,"Top","null","null",,,"null",,"null",,,,,,,"3.5800","1.5700","null","null","null","null","null","null",319545,"null","null","null","null","null","null","null","null","null","null","null","null","null","null","null","null","null",120,"2"
"SI","2012-08-19","95.3","null","null","Joe Kelly",502374,523260,"null","called_strike",,,,,"8","null","R","R","R","STL","PIT","S","null","null",0,0,2012,"-1.9419500000000000","1.04136666666666666667","0.0370","2.2020","null","null","457428.00",1,17,"Top","null","null",,,"null",,"null",,,,,,,"3.6200","1.5700","null","null","null","null","null","null",319545,"null","null","null","null","null","null","null","null","null","null","null","null","null","null","null","null","null",120,"1"
"CH","2012-08-19","86.6","null","null","Joe Kelly",457428,523260,"single","hit_into_play_no_out",,,,,"5","James McDonald singles on a line drive to center fielder Jon Jay.","R","L","R","STL","PIT","X","null","line_drive",1,1,2012,"-1.6260416666666667","0.06526666666666666667","-0.2450","2.6860","null","null","null",1,17,"Top","122.49","93.37",,,"null",,"null",,,,,,,"3.5700","1.6600","null","null","null","null","null","null",319545,"null","null","null","null","null","null","null","null","null","null","null","null","0.90",1,1,0,"null",119,"3"
"SI","2012-08-19","93.8","null","null","Joe Kelly",457428,523260,"null","foul",,,,,"4","null","R","L","R","STL","PIT","S","null","null",1,0,2012,"-1.8668000000000000","0.45656666666666666667","-0.7750","2.3320","null","null","null",1,17,"Top","null","null",,,"null",,"null",,,,,,,"3.5700","1.6600","null","null","null","null","null","null",319545,"null","null","null","null","null","null","null","null","null","null","null","null","null","null","null","null","null",119,"2"
"SI","2012-08-19","92.4","null","null","Joe Kelly",457428,523260,"null","ball",,,,,"11","null","R","L","R","STL","PIT","B","null","null",0,0,2012,"-1.5049666666666667","0.31180000000000000000","-1.6700","3.4880","null","null","null",1,17,"Top","null","null",,,"null",,"null",,,,,,,"3.9100","1.6600","null","null","null","null","null","null",319545,"null","null","null","null","null","null","null","null","null","null","null","null","null","null","null","null","null",119,"1"
"SI","2012-08-19","94.2","null","null","Joe Kelly",474568,523260,"field_out","hit_into_play",,,,,"11","Jordy Mercer flies out to left fielder Matt Holliday.","R","R","R","STL","PIT","X","7","fly_ball",3,2,2012,"-1.3087416666666667","0.39063333333333333333","-0.9130","3.2190","null","null","null",0,17,"Top","60.24","88.35",,,"null",,"null",,,,,,,"3.5100","1.6900","null","null","null","null","null","null",319545,"null","null","null","null","null","null","null","null","null","null","null","null","0.00",1,0,0,"null",118,"7"
"SI","2012-08-19","95.1","null","null","Joe Kelly",474568,523260,"null","foul",,,,,"11","null","R","R","R","STL","PIT","S","null","null",3,2,2012,"-1.4632166666666667","0.39923333333333333333","-1.4180","2.7350","null","null","null",0,17,"Top","null","null",,,"null",,"null",,,,,,,"3.5100","1.6900","null","null","null","null","null","null",319545,"null","null","null","null","null","null","null","null","null","null","null","null","null","null","null","null","null",118,"6"
"SI","2012-08-19","96.4","null","null","Joe Kelly",474568,523260,"null","ball",,,,,"12","null","R","R","R","STL","PIT","B","null","null",2,2,2012,"-1.3351833333333333","0.66153333333333333333","0.5070","3.6320","null","null","null",0,17,"Top","null","null",,,"null",,"null",,,,,,,"3.5100","1.6900","null","null","null","null","null","null",319545,"null","null","null","null","null","null","null","null","null","null","null","null","null","null","null","null","null",118,"5"
"SI","2012-08-19","94.6","null","null","Joe Kelly",474568,523260,"null","called_strike",,,,,"6","null","R","R","R","STL","PIT","S","null","null",2,1,2012,"-1.4172916666666667","0.85073333333333333333","0.6280","2.7680","null","null","null",0,17,"Top","null","null",,,"null",,"null",,,,,,,"3.5100","1.6900","null","null","null","null","null","null",319545,"null","null","null","null","null","null","null","null","null","null","null","null","null","null","null","null","null",118,"4"
"SI","2012-08-19","94.4","null","null","Joe Kelly",474568,523260,"null","ball",,,,,"14","null","R","R","R","STL","PIT","B","null","null",1,1,2012,"-1.14591666666666666667","0.97543333333333333333","0.8990","1.4670","null","null","null",0,17,"Top","null","null",,,"null",,"null",,,,,,,"3.5100","1.6900","null","null","null","null","null","null",319545,"null","null","null","null","null","null","null","null","null","null","null","null","null","null","null","null","null",118,"3"
"SI","2012-08-19","94.1","null","null","Joe Kelly",474568,523260,"null","ball",,,,,"12","null","R","R","R","STL","PIT","B","null","null",0,1,2012,"-1.3449250000000000","0.72316666666666666667","1.2370","3.0450","null","null","null",0,17,"Top","null","null",,,"null",,"null",,,,,,,"3.5100","1.6900","null","null","null","null","null","null",319545,"null","null","null","null","null","null","null","null","null","null","null","null","null","null","null","null","null",118,"2"
"SI","2012-08-19","93.3","null","null","Joe Kelly",474568,523260,"null","swinging_strike",,,,,"8","null","R","R","R","STL","PIT","S","null","null",0,0,2012,"-1.5926416666666667","0.22436666666666666667","-0.2440","1.6880","null","null","null",0,17,"Top","null","null",,,"null",,"null",,,,,,,"3.5100","1.6900","null","null","null","null","null","null",319545,"null","null","null","null","null","null","null","null","null","null","null","null","null","null","null","null","null",118,"1"
"SI","2012-08-19","95.3","null","null","Joe Kelly",457705,523260,"field_out","hit_into_play",,,,,"8","Andrew McCutchen grounds out, shortstop Rafael Furcal to first baseman Daniel Descalso.","R","R","R","STL","PIT","X","6","ground_ball",2,0,2012,"-1.5773333333333333","0.61710000000000000000","-0.1140","1.8310","null","null","543281.00",2,16,"Top","119.48","165.66",,,"null",,"null",,,,,,,"3.4700","1.6000","null","null","null","null","null","null",319545,"null","null","null","null","null","null","null","null","null","null","null","null","0.00",1,0,0,"null",114,"3"
"SI","2012-08-19","95.5","null","null","Joe Kelly",457705,523260,"null","ball",,,,,"14","null","R","R","R","STL","PIT","B","null","null",1,0,2012,"-1.3727583333333333","0.84786666666666666667","0.2020","1.2540","null","null","543281.00",2,16,"Top","null","null",,,"null",,"null",,,,,,,"3.5800","1.6000","null","null","null","null","null","null",319545,"null","null","null","null","null","null","null","null","null","null","null","null","null","null","null","null","null",114,"2"
"SI","2012-08-19","94.8","null","null","Joe Kelly",457705,523260,"null","ball",,,,,"13","null","R","R","R","STL","PIT","B","null","null",0,0,2012,"-1.4172916666666667","0.86363333333333333333","-0.5940","1.2850","null","null","543281.00",2,16,"Top","null","null",,,"null",,"null",,,,,,,"3.5800","1.6000","null","null","null","null","null","null",319545,"null","null","null","null","null","null","null","null","null","null","null","null","null","null","null","null","null",114,"1"
"SL","2012-08-19","81.5","null","null","Joe Kelly",543281,523260,"single","hit_into_play_no_out",,,,,"14","Josh Harrison singles on a soft line drive to center fielder Jon Jay.","R","R","R","STL","PIT","X","null","line_drive",0,2,2012,"0.24575000000000000000","0.25303333333333333333","0.3330","0.7490","null","null","null",2,16,"Top","125.50","105.42",,,"null",,"null",,,,,,,"3.3700","1.5400","null","null","null","null","null","null",319545,"null","null","null","null","null","null","null","null","null","null","null","null","0.90",1,1,0,"null",113,"3"
"SI","2012-08-19","96.1","null","null","Joe Kelly",543281,523260,"null","swinging_strike",,,,,"14","null","R","R","R","STL","PIT","S","null","null",0,1,2012,"-1.5007916666666667","1.19760000000000000000","1.7200","0.5790","null","null","467798.00",1,16,"Top","null","null",,,"null",,"null",,,,,,,"3.3700","1.5400","null","null","null","null","null","null",319545,"null","null","null","null","null","null","null","null","null","null","null","null","null","null","null","null","null",113,"2"
"SI","2012-08-19","94.9","null","null","Joe Kelly",543281,523260,"null","called_strike",,,,,"9","null","R","R","R","STL","PIT","S","null","null",0,0,2012,"-1.7777333333333333","0.96253333333333333333","0.4960","2.0690","null","null","467798.00",1,16,"Top","null","null",,,"null",,"null",,,,,,,"3.7100","1.5400","null","null","null","null","null","null",319545,"null","null","null","null","null","null","null","null","null","null","null","null","null","null","null","null","null",113,"1"
"null","2012-08-19","null","null","null","Joe Kelly",467798,523260,"fielders_choice_out","hit_into_play",,,,,"null","Jose Tabata reaches on a fielder's choice out, first baseman Daniel Descalso to third baseman David Freese.   Garrett Jones out at 3rd.","R","R","R","STL","PIT","X","3","ground_ball",0,0,2012,"null","null","null","null","null","434540.00","null",0,16,"Top","131.53","189.76",,,"null",,"null",,,,,,,"null","null","null","null","null","null","null","null",319545,"null","null","null","null","null","null","null","null","null","null","null","null","0.00",1,0,0,"null",112,"1"
"SI","2012-08-19","94.6","null","null","Joe Kelly",434540,523260,"double","hit_into_play_no_out",,,,,"4","Garrett Jones doubles (21) on a line drive to right fielder Carlos Beltran.","R","L","R","STL","PIT","X","null","line_drive",1,1,2012,"-1.4103333333333333","0.64003333333333333333","-0.3160","2.7730","null","null","null",0,16,"Top","208.84","89.36",,,"null",,"null",,,,,,,"3.7300","1.6600","null","null","null","null","null","null",319545,"null","null","null","null","null","null","null","null","null","null","null","null","1.25",1,1,1,"null",111,"3"
"SL","2012-08-19","82.2","null","null","Joe Kelly",434540,523260,"null","ball",,,,,"14","null","R","L","R","STL","PIT","B","null","null",0,1,2012,"0.44336666666666666667","-0.76176666666666666667","0.0030","0.8830","null","null","null",0,16,"Top","null","null",,,"null",,"null",,,,,,,"3.7800","1.6600","null","null","null","null","null","null",319545,"null","null","null","null","null","null","null","null","null","null","null","null","null","null","null","null","null",111,"2"
"CH","2012-08-19","84.8","null","null","Joe Kelly",434540,523260,"null","swinging_strike",,,,,"4","null","R","L","R","STL","PIT","S","null","null",0,0,2012,"-1.7888666666666667","0.35623333333333333333","-0.3350","2.4130","null","null","null",0,16,"Top","null","null",,,"null",,"null",,,,,,,"3.7300","1.6600","null","null","null","null","null","null",319545,"null","null","null","null","null","null","null","null","null","null","null","null","null","null","null","null","null",111,"1"
"SI","2012-08-19","95.4","null","null","Joe Kelly",425549,523260,"strikeout","swinging_strike",,,,,"3","Clint Barmes strikes out swinging.","R","R","R","STL","PIT","S","null","null",2,2,2012,"-1.18349166666666666667","0.89946666666666666667","0.7300","3.1300","null","null","null",2,15,"Top","null","null",,,"null",,"null",,,,,,,"3.3500","1.4800","null","null","null","null","null","null",319545,"null","null","null","null","null","null","null","null","null","null","null","null","0.00",1,0,0,"null",106,"7"
"SL","2012-08-19","82.9","null","null","Joe Kelly",425549,523260,"null","foul",,,,,"13","null","R","R","R","STL","PIT","S","null","null",2,2,2012,"0.61454166666666666667","-0.53386666666666666667","-0.5630","1.1200","null","null","null",2,15,"Top","null","null",,,"null",,"null",,,,,,,"3.3500","1.4800","null","null","null","null","null","null",319545,"null","null","null","null","null","null","null","null","null","null","null","null","null","null","null","null","null",106,"6"
"SL","2012-08-19","83.9","null","null","Joe Kelly",425549,523260,"null","foul",,,,,"7","null","R","R","R","STL","PIT","S","null","null",2,2,2012,"0.83720833333333333333","-0.49516666666666666667","-0.3900","1.8160","null","null","null",2,15,"Top","null","null",,,"null",,"null",,,,,,,"3.3500","1.4800","null","null","null","null","null","null",319545,"null","null","null","null","null","null","null","null","null","null","null","null","null","null","null","null","null",106,"5"
"SI","2012-08-19","94.9","null","null","Joe Kelly",425549,523260,"null","foul",,,,,"7","null","R","R","R","STL","PIT","S","null","null",2,1,2012,"-1.3727583333333333","0.77906666666666666667","-0.5450","1.3760","null","null","null",2,15,"Top","null","null",,,"null",,"null",,,,,,,"3.3500","1.4800","null","null","null","null","null","null",319545,"null","null","null","null","null","null","null","null","null","null","null","null","null","null","null","null","null",106,"4"
"SL","2012-08-19","81.4","null","null","Joe Kelly",425549,523260,"null","ball",,,,,"12","null","R","R","R","STL","PIT","B","null","null",1,1,2012,"0.87756666666666666667","0.33330000000000000000","0.0240","4.2930","null","null","null",2,15,"Top","null","null",,,"null",,"null",,,,,,,"3.3500","1.4000","null","null","null","null","null","null",319545,"null","null","null","null","null","null","null","null","null","null","null","null","null","null","null","null","null",106,"3"
"SL","2012-08-19","84.8","null","null","Joe Kelly",425549,523260,"null","ball",,,,,"14","null","R","R","R","STL","PIT","B","null","null",0,1,2012,"0.27915000000000000000","-0.03076666666666666667","1.8770","0.0280","null","null","null",2,15,"Top","null","null",,,"null",,"null",,,,,,,"3.3500","1.4800","null","null","null","null","null","null",319545,"null","null","null","null","null","null","null","null","null","null","null","null","null","null","null","null","null",106,"2"
"SL","2012-08-19","83.5","null","null","Joe Kelly",425549,523260,"null","called_strike",,,,,"1","null","R","R","R","STL","PIT","S","null","null",0,0,2012,"0.14555000000000000000","-0.23000000000000000000","-0.5390","2.7960","null","null","null",2,15,"Top","null","null",,,"null",,"null",,,,,,,"3.2700","1.4000","null","null","null","null","null","null",319545,"null","null","null","null","null","null","null","null","null","null","null","null","null","null","null","null","null",106,"1"
"SI","2012-08-19","95.6","null","null","Joe Kelly",476883,523260,"field_out","hit_into_play",,,,,"4","Pedro Alvarez flies out to center fielder Jon Jay.","R","L","R","STL","PIT","X","8","fly_ball",2,1,2012,"-1.7345916666666667","0.62570000000000000000","-0.5840","2.3440","null","null","null",1,15,"Top","121.49","51.20",,,"null",,"null",,,,,,,"3.4700","1.6600","null","null","null","null","null","null",319545,"null","null","null","null","null","null","null","null","null","null","null","null","0.00",1,0,0,"null",105,"4"
"CH","2012-08-19","86.1","null","null","Joe Kelly",476883,523260,"null","called_strike",,,,,"8","null","R","L","R","STL","PIT","S","null","null",2,0,2012,"-1.8194833333333333","0.57553333333333333333","0.0660","2.3310","null","null","null",1,15,"Top","null","null",,,"null",,"null",,,,,,,"3.6300","1.7900","null","null","null","null","null","null",319545,"null","null","null","null","null","null","null","null","null","null","null","null","null","null","null","null","null",105,"3"
"SI","2012-08-19","94.2","null","null","Joe Kelly",476883,523260,"null","ball",,,,,"13","null","R","L","R","STL","PIT","B","null","null",1,0,2012,"-1.8876750000000000","0.61996666666666666667","-1.6980","1.9970","null","null","null",1,15,"Top","null","null",,,"null",,"null",,,,,,,"3.5800","1.7800","null","null","null","null","null","null",319545,"null","null","null","null","null","null","null","null","null","null","null","null","null","null","null","null","null",105,"2"
"SI","2012-08-19","95.8","null","null","Joe Kelly",476883,523260,"null","ball",,,,,"13","null","R","L","R","STL","PIT","B","null","null",0,0,2012,"-1.4868750000000000","0.91953333333333333333","-0.9260","1.2840","null","null","null",1,15,"Top","null","null",,,"null",,"null",,,,,,,"3.5500","1.7900","null","null","null","null","null","null",319545,"null","null","null","null","null","null","null","null","null","null","null","null","null","null","null","null","null",105,"1"
"SI","2012-08-19","94.6","null","null","Joe Kelly",502374,523260,"field_out","hit_into_play",,,,,"4","Michael McKenry flies out to center fielder Jon Jay.","R","R","R","STL","PIT","X","8","fly_ball",0,1,2012,"-1.3992000000000000","0.80486666666666666667","-0.6050","2.5610","null","null","null",0,15,"Top","93.37","39.16",,,"null",,"null",,,,,,,"3.4400","1.5700","null","null","null","null","null","null",319545,"null","null","null","null","null","null","null","null","null","null","null","null","0.00",1,0,0,"null",104,"2"
"SL","2012-08-19","80.9","null","null","Joe Kelly",502374,523260,"null","called_strike",,,,,"5","null","R","R","R","STL","PIT","S","null","null",0,0,2012,"0.14415833333333333333","-0.20563333333333333333","-0.2050","2.2870","null","null","null",0,15,"Top","null","null",,,"null",,"null",,,,,,,"3.5400","1.5700","null","null","null","null","null","null",319545,"null","null","null","null","null","null","null","null","null","null","null","null","null","null","null","null","null",104,"1"
"CH","2012-08-19","85.1","null","null","Joe Kelly",501983,523260,"field_out","hit_into_play",,,,,"9","Travis Snider pops out to first baseman Daniel Descalso in foul territory.","R","L","R","STL","PIT","X","3","popup",1,1,2012,"-1.7039750000000000","0.76043333333333333333","0.3720","1.7970","null","null","474568.00",2,14,"Top","142.57","187.75",,,"null",,"null",,,,,,,"3.4900","1.6700","null","null","null","null","null","null",319545,"null","null","null","null","null","null","null","null","null","null","null","null","0.00",1,0,0,"null",98,"3"
"CH","2012-08-19","85.8","null","null","Joe Kelly",501983,523260,"null","called_strike",,,,,"2","null","R","L","R","STL","PIT","S","null","null",1,0,2012,"-1.7540750000000000","0.89803333333333333333","0.0830","3.1110","null","null","474568.00",2,14,"Top","null","null",,,"null",,"null",,,,,,,"3.4900","1.6700","null","null","null","null","null","null",319545,"null","null","null","null","null","null","null","null","null","null","null","null","null","null","null","null","null",98,"2"
"SI","2012-08-19","93.9","null","null","Joe Kelly",501983,523260,"null","ball",,,,,"11","null","R","L","R","STL","PIT","B","null","null",0,0,2012,"-1.5912500000000000","1.18326666666666666667","-1.2570","3.6000","null","null","474568.00",2,14,"Top","null","null",,,"null",,"null",,,,,,,"3.4900","1.6700","null","null","null","null","null","null",319545,"null","null","null","null","null","null","null","null","null","null","null","null","null","null","null","null","null",98,"1"
"SI","2012-08-19","96.2","null","null","Joe Kelly",474568,523260,"single","hit_into_play_no_out",,,,,"8","Jordy Mercer singles on a ground ball to shortstop Rafael Furcal.","R","R","R","STL","PIT","X","null","ground_ball",0,1,2012,"-1.3978083333333333","1.00696666666666666667","-0.2610","1.7440","null","null","null",2,14,"Top","113.45","144.58",,,"null",,"null",,,,,,,"3.5100","1.6900","null","null","null","null","null","null",319545,"null","null","null","null","null","null","null","null","null","null","null","null","0.90",1,1,0,"null",97,"2"
"SI","2012-08-19","95.9","null","null","Joe Kelly",474568,523260,"null","called_strike",,,,,"1","null","R","R","R","STL","PIT","S","null","null",0,0,2012,"-1.3115250000000000","0.86076666666666666667","-0.3180","3.1160","null","null","null",2,14,"Top","null","null",,,"null",,"null",,,,,,,"3.5100","1.6900","null","null","null","null","null","null",319545,"null","null","null","null","null","null","null","null","null","null","null","null","null","null","null","null","null",97,"1"
"SL","2012-08-19","82.4","null","null","Joe Kelly",457705,523260,"field_out","hit_into_play",,,,,"5","Andrew McCutchen flies out to center fielder Jon Jay.","R","R","R","STL","PIT","X","8","fly_ball",1,0,2012,"0.68551666666666666667","-0.25866666666666666667","0.2660","2.5110","null","null","null",1,14,"Top","104.42","66.27",,,"null",,"null",,,,,,,"3.4700","1.6000","null","null","null","null","null","null",319545,"null","null","null","null","null","null","null","null","null","null","null","null","0.00",1,0,0,"null",96,"2"
"SL","2012-08-19","81.1","null","null","Joe Kelly",457705,523260,"null","ball",,,,,"11","null","R","R","R","STL","PIT","B","null","null",0,0,2012,"0.77040833333333333333","-0.38480000000000000000","-1.1820","3.4530","null","null","null",1,14,"Top","null","null",,,"null",,"null",,,,,,,"3.4700","1.6000","null","null","null","null","null","null",319545,"null","null","null","null","null","null","null","null","null","null","null","null","null","null","null","null","null",96,"1"
"SI","2012-08-19","96.7","null","null","Joe Kelly",543281,523260,"field_out","hit_into_play",,,,,"4","Josh Harrison flies out to right fielder Carlos Beltran.","R","R","R","STL","PIT","X","9","fly_ball",1,2,2012,"-1.2850833333333333","1.06286666666666666667","-0.4950","2.5700","null","null","null",0,14,"Top","195.78","84.34",,,"null",,"null",,,,,,,"3.3700","1.5400","null","null","null","null","null","null",319545,"null","null","null","null","null","null","null","null","null","null","null","null","0.00",1,0,0,"null",95,"4"
"SL","2012-08-19","82.4","null","null","Joe Kelly",543281,523260,"null","foul",,,,,"5","null","R","R","R","STL","PIT","S","null","null",1,1,2012,"0.40300833333333333333","-0.23573333333333333333","0.1300","2.1980","null","null","null",0,14,"Top","null","null",,,"null",,"null",,,,,,,"3.3700","1.5400","null","null","null","null","null","null",319545,"null","null","null","null","null","null","null","null","null","null","null","null","null","null","null","null","null",95,"3"
"SI","2012-08-19","93.8","null","null","Joe Kelly",543281,523260,"null","called_strike",,,,,"11","null","R","R","R","STL","PIT","S","null","null",1,0,2012,"-1.6204750000000000","0.81346666666666666667","-1.1140","2.5070","null","null","null",0,14,"Top","null","null",,,"null",,"null",,,,,,,"3.4500","1.4700","null","null","null","null","null","null",319545,"null","null","null","null","null","null","null","null","null","null","null","null","null","null","null","null","null",95,"2"
"SI","2012-08-19","94.3","null","null","Joe Kelly",543281,523260,"null","ball",,,,,"11","null","R","R","R","STL","PIT","B","null","null",0,0,2012,"-1.02901666666666666667","0.93530000000000000000","-1.4440","2.7740","null","null","null",0,14,"Top","null","null",,,"null",,"null",,,,,,,"3.3700","1.4400","null","null","null","null","null","null",319545,"null","null","null","null","null","null","null","null","null","null","null","null","null","null","null","null","null",95,"1"
"SL","2012-08-19","81.2","null","null","Joe Kelly",543281,523260,"pickoff_caught_stealing_2b","blocked_ball",,,,,"14","With Josh Harrison batting, Jose Tabata picked off and caught stealing 2nd base, catcher Yadier Molina to first baseman Daniel Descalso.","R","R","R","STL","PIT","B","null","null",1,2,2012,"0.87756666666666666667","0.00793333333333333333","0.1760","0.2600","null","null","467798.00",2,13,"Top","null","null",,,"null",,"null",,,,,,,"3.5400","1.4300","null","null","null","null","null","null",319545,"null","null","null","null","null","null","null","null","null","null","null","null","0.00",0,0,0,"null",90,"4"
"SL","2012-08-19","81.1","null","null","Joe Kelly",543281,523260,"null","swinging_strike",,,,,"14","null","R","R","R","STL","PIT","S","null","null",1,1,2012,"0.66464166666666666667","0.39350000000000000000","1.4430","1.4140","null","null","467798.00",2,13,"Top","null","null",,,"null",,"null",,,,,,,"3.3700","1.5400","null","null","null","null","null","null",319545,"null","null","null","null","null","null","null","null","null","null","null","null","null","null","null","null","null",90,"3"
"SI","2012-08-19","95.7","null","null","Joe Kelly",543281,523260,"null","called_strike",,,,,"8","null","R","R","R","STL","PIT","S","null","null",1,0,2012,"-1.6817083333333333","0.85360000000000000000","0.0240","1.7320","null","null","467798.00",2,13,"Top","null","null",,,"null",,"null",,,,,,,"3.5800","1.5400","null","null","null","null","null","null",319545,"null","null","null","null","null","null","null","null","null","null","null","null","null","null","null","null","null",90,"2"
"SI","2012-08-19","95.7","null","null","Joe Kelly",543281,523260,"null","ball",,,,,"13","null","R","R","R","STL","PIT","B","null","null",0,0,2012,"-1.6608333333333333","1.15746666666666666667","-0.5560","1.0350","null","null","467798.00",2,13,"Top","null","null",,,"null",,"null",,,,,,,"3.5900","1.5400","null","null","null","null","null","null",319545,"null","null","null","null","null","null","null","null","null","null","null","null","null","null","null","null","null",90,"1"
"SI","2012-08-19","96.4","null","null","Joe Kelly",467798,523260,"walk","ball",,,,,"12","Jose Tabata walks.","R","R","R","STL","PIT","B","null","null",3,2,2012,"-1.06798333333333333333","0.82063333333333333333","1.8780","3.3050","null","null","null",2,13,"Top","null","null",,,"null",,"null",,,,,,,"3.5500","1.6000","null","null","null","null","null","null",319545,"null","null","null","null","null","null","null","null","null","null","null","null","0.70",1,0,0,"null",89,"7"
"SI","2012-08-19","97.9","null","null","Joe Kelly",467798,523260,"null","ball",,,,,"7","null","R","R","R","STL","PIT","B","null","null",2,2,2012,"-1.5244500000000000","1.10443333333333333333","-0.4420","1.5320","null","null","null",2,13,"Top","null","null",,,"null",,"null",,,,,,,"3.5500","1.5600","null","null","null","null","null","null",319545,"null","null","null","null","null","null","null","null","null","null","null","null","null","null","null","null","null",89,"6"
"SI","2012-08-19","97.9","null","null","Joe Kelly",467798,523260,"null","foul",,,,,"1","null","R","R","R","STL","PIT","S","null","null",2,2,2012,"-1.12643333333333333333","0.37486666666666666667","-0.7910","2.9930","null","null","null",2,13,"Top","null","null",,,"null",,"null",,,,,,,"3.5500","1.6000","null","null","null","null","null","null",319545,"null","null","null","null","null","null","null","null","null","null","null","null","null","null","null","null","null",89,"5"
"SI","2012-08-19","96.5","null","null","Joe Kelly",467798,523260,"null","foul",,,,,"8","null","R","R","R","STL","PIT","S","null","null",2,1,2012,"-1.3811083333333333","0.82350000000000000000","-0.0430","2.0890","null","null","null",2,13,"Top","null","null",,,"null",,"null",,,,,,,"3.5500","1.6000","null","null","null","null","null","null",319545,"null","null","null","null","null","null","null","null","null","null","null","null","null","null","null","null","null",89,"4"
"SI","2012-08-19","96.4","null","null","Joe Kelly",467798,523260,"null","called_strike",,,,,"1","null","R","R","R","STL","PIT","S","null","null",2,0,2012,"-1.6343916666666667","0.54256666666666666667","-0.4470","3.1570","null","null","null",2,13,"Top","null","null",,,"null",,"null",,,,,,,"3.5500","1.6000","null","null","null","null","null","null",319545,"null","null","null","null","null","null","null","null","null","null","null","null","null","null","null","null","null",89,"3"
"SI","2012-08-19","96.0","null","null","Joe Kelly",467798,523260,"null","ball",,,,,"14","null","R","R","R","STL","PIT","B","null","null",1,0,2012,"-1.11112500000000000000","0.85646666666666666667","0.4230","1.1380","null","null","null",2,13,"Top","null","null",,,"null",,"null",,,,,,,"3.7000","1.6000","null","null","null","null","null","null",319545,"null","null","null","null","null","null","null","null","null","null","null","null","null","null","null","null","null",89,"2"
"SI","2012-08-19","96.5","null","null","Joe Kelly",467798,523260,"null","ball",,,,,"11","null","R","R","R","STL","PIT","B","null","null",0,0,2012,"-1.5355833333333333","0.69020000000000000000","-2.0960","2.8120","null","null","null",2,13,"Top","null","null",,,"null",,"null",,,,,,,"3.6900","1.6000","null","null","null","null","null","null",319545,"null","null","null","null","null","null","null","null","null","null","null","null","null","null","null","null","null",89,"1"
"SI","2012-08-19","97.5","null","null","Joe Kelly",434540,523260,"strikeout","swinging_strike",,,,,"1","Garrett Jones strikes out swinging.","R","L","R","STL","PIT","S","null","null",0,2,2012,"-1.4437333333333333","0.83066666666666666667","-0.5010","3.1970","null","null","null",1,13,"Top","null","null",,,"null",,"null",,,,,,,"3.7300","1.6600","null","null","null","null","null","null",319545,"null","null","null","null","null","null","null","null","null","null","null","null","0.00",1,0,0,"null",88,"4"
"SI","2012-08-19","98.0","null","null","Joe Kelly",434540,523260,"null","foul",,,,,"3","null","R","L","R","STL","PIT","S","null","null",0,2,2012,"-1.3894583333333333","1.25923333333333333333","0.4240","3.1600","null","null","null",1,13,"Top","null","null",,,"null",,"null",,,,,,,"3.7300","1.6600","null","null","null","null","null","null",319545,"null","null","null","null","null","null","null","null","null","null","null","null","null","null","null","null","null",88,"3"
"SL","2012-08-19","83.5","null","null","Joe Kelly",434540,523260,"null","called_strike",,,,,"11","null","R","L","R","STL","PIT","S","null","null",0,1,2012,"0.28193333333333333333","-0.9266000000000000","-1.1880","2.8900","null","null","null",1,13,"Top","null","null",,,"null",,"null",,,,,,,"3.7300","1.6600","null","null","null","null","null","null",319545,"null","null","null","null","null","null","null","null","null","null","null","null","null","null","null","null","null",88,"2"
"SI","2012-08-19","96.7","null","null","Joe Kelly",434540,523260,"null","foul",,,,,"7","null","R","L","R","STL","PIT","S","null","null",0,0,2012,"-1.3713666666666667","0.62426666666666666667","-0.7280","2.2950","null","null","null",1,13,"Top","null","null",,,"null",,"null",,,,,,,"3.7300","1.6600","null","null","null","null","null","null",319545,"null","null","null","null","null","null","null","null","null","null","null","null","null","null","null","null","null",88,"1"
"SL","2012-08-19","84.6","null","null","Joe Kelly",425549,523260,"strikeout","foul_tip",,,,,"6","Clint Barmes strikes out on a foul tip.","R","R","R","STL","PIT","S","null","null",1,2,2012,"0.38213333333333333333","0.04233333333333333333","0.3680","2.3560","null","null","null",0,13,"Top","null","null",,,"null",,"null",,,,,,,"3.3500","1.4800","null","null","null","null","null","null",319545,"null","null","null","null","null","null","null","null","null","null","null","null","0.00",1,0,0,"null",87,"4"
"SL","2012-08-19","85.2","null","null","Joe Kelly",425549,523260,"null","ball",,,,,"14","null","R","R","R","STL","PIT","B","null","null",0,2,2012,"0.29445833333333333333","0.36913333333333333333","2.1040","1.5560","null","null","null",0,13,"Top","null","null",,,"null",,"null",,,,,,,"3.2700","1.3600","null","null","null","null","null","null",319545,"null","null","null","null","null","null","null","null","null","null","null","null","null","null","null","null","null",87,"3"
"SI","2012-08-19","98.3","null","null","Joe Kelly",425549,523260,"null","foul",,,,,"1","null","R","R","R","STL","PIT","S","null","null",0,1,2012,"-1.5912500000000000","0.86220000000000000000","-0.6240","2.8180","null","null","null",0,13,"Top","null","null",,,"null",,"null",,,,,,,"3.3500","1.4800","null","null","null","null","null","null",319545,"null","null","null","null","null","null","null","null","null","null","null","null","null","null","null","null","null",87,"2"
"SI","2012-08-19","97.4","null","null","Joe Kelly",425549,523260,"null","called_strike",,,,,"8","null","R","R","R","STL","PIT","S","null","null",0,0,2012,"-1.5703750000000000","0.81920000000000000000","-0.1150","1.6250","null","null","null",0,13,"Top","null","null",,,"null",,"null",,,,,,,"3.1800","1.2800","null","null","null","null","null","null",319545,"null","null","null","null","null","null","null","null","null","null","null","null","null","null","null","null","null",87,"1"
"SI","2012-08-19","99.6","null","null","Joe Kelly",476883,523260,"strikeout","swinging_strike",,,,,"11","Pedro Alvarez strikes out swinging.","R","L","R","STL","PIT","S","null","null",1,2,2012,"-1.7095416666666667","0.88800000000000000000","-1.3850","2.8500","null","null","null",2,12,"Top","null","null",,,"null",,"null",,,,,,,"3.4700","1.6600","null","null","null","null","null","null",319545,"null","null","null","null","null","null","null","null","null","null","null","null","0.00",1,0,0,"null",82,"4"
"SI","2012-08-19","96.5","null","null","Joe Kelly",476883,523260,"null","swinging_strike",,,,,"1","null","R","L","R","STL","PIT","S","null","null",1,1,2012,"-1.7304166666666667","0.85646666666666666667","-0.4770","3.0890","null","null","null",2,12,"Top","null","null",,,"null",,"null",,,,,,,"3.4700","1.6600","null","null","null","null","null","null",319545,"null","null","null","null","null","null","null","null","null","null","null","null","null","null","null","null","null",82,"3"
"SI","2012-08-19","97.2","null","null","Joe Kelly",476883,523260,"null","ball",,,,,"3","null","R","L","R","STL","PIT","B","null","null",0,1,2012,"-1.5063583333333333","1.10730000000000000000","0.5790","2.9110","null","null","null",2,12,"Top","null","null",,,"null",,"null",,,,,,,"3.4700","1.6000","null","null","null","null","null","null",319545,"null","null","null","null","null","null","null","null","null","null","null","null","null","null","null","null","null",82,"2"
"SL","2012-08-19","83.9","null","null","Joe Kelly",476883,523260,"null","swinging_strike",,,,,"8","null","R","L","R","STL","PIT","S","null","null",0,0,2012,"0.65211666666666666667","-0.51810000000000000000","0.2530","1.5880","null","null","null",2,12,"Top","null","null",,,"null",,"null",,,,,,,"3.4700","1.6600","null","null","null","null","null","null",319545,"null","null","null","null","null","null","null","null","null","null","null","null","null","null","null","null","null",82,"1"
"SI","2012-08-19","96.9","null","null","Joe Kelly",502374,523260,"field_out","hit_into_play",,,,,"11","Michael McKenry grounds out softly, third baseman David Freese to first baseman Daniel Descalso.","R","R","R","STL","PIT","X","5","ground_ball",2,2,2012,"-1.8194833333333333","0.52106666666666666667","-1.7070","3.0180","null","null","null",1,12,"Top","111.45","182.73",,,"null",,"null",,,,,,,"3.4400","1.5700","null","null","null","null","null","null",319545,"null","null","null","null","null","null","null","null","null","null","null","null","0.00",1,0,0,"null",81,"5"
"SI","2012-08-19","97.5","null","null","Joe Kelly",502374,523260,"null","foul",,,,,"9","null","R","R","R","STL","PIT","S","null","null",2,1,2012,"-1.6385666666666667","0.95393333333333333333","0.3890","2.0580","null","null","null",1,12,"Top","null","null",,,"null",,"null",,,,,,,"3.4400","1.5700","null","null","null","null","null","null",319545,"null","null","null","null","null","null","null","null","null","null","null","null","null","null","null","null","null",81,"4"
"SI","2012-08-19","97.5","null","null","Joe Kelly",502374,523260,"null","called_strike",,,,,"5","null","R","R","R","STL","PIT","S","null","null",2,0,2012,"-1.6831000000000000","1.08436666666666666667","-0.1120","2.1720","null","null","null",1,12,"Top","null","null",,,"null",,"null",,,,,,,"3.4400","1.5700","null","null","null","null","null","null",319545,"null","null","null","null","null","null","null","null","null","null","null","null","null","null","null","null","null",81,"3"
"SI","2012-08-19","96.1","null","null","Joe Kelly",502374,523260,"null","ball",,,,,"8","null","R","R","R","STL","PIT","B","null","null",1,0,2012,"-1.3699750000000000","0.97973333333333333333","-0.0790","1.3740","null","null","null",1,12,"Top","null","null",,,"null",,"null",,,,,,,"3.6100","1.4800","null","null","null","null","null","null",319545,"null","null","null","null","null","null","null","null","null","null","null","null","null","null","null","null","null",81,"2"
"SL","2012-08-19","83.0","null","null","Joe Kelly",502374,523260,"null","ball",,,,,"9","null","R","R","R","STL","PIT","B","null","null",0,0,2012,"0.52686666666666666667","-0.50233333333333333333","0.5060","1.5680","null","null","null",1,12,"Top","null","null",,,"null",,"null",,,,,,,"3.4400","1.5700","null","null","null","null","null","null",319545,"null","null","null","null","null","null","null","null","null","null","null","null","null","null","null","null","null",81,"1"
"SI","2012-08-19","96.4","null","null","Joe Kelly",501983,523260,"field_out","hit_into_play",,,,,"8","Travis Snider grounds out, second baseman Skip Schumaker to first baseman Daniel Descalso.","R","L","R","STL","PIT","X","4","ground_ball",1,2,2012,"-1.4298166666666667","0.91810000000000000000","0.1240","2.2330","null","null","null",0,12,"Top","142.57","157.63",,,"null",,"null",,,,,,,"3.4900","1.6700","null","null","null","null","null","null",319545,"null","null","null","null","null","null","null","null","null","null","null","null","0.00",1,0,0,"null",80,"4"
"SI","2012-08-19","96.4","null","null","Joe Kelly",501983,523260,"null","foul",,,,,"13","null","R","L","R","STL","PIT","S","null","null",1,1,2012,"-1.6761416666666667","0.56980000000000000000","-1.2440","2.0450","null","null","null",0,12,"Top","null","null",,,"null",,"null",,,,,,,"3.4900","1.6700","null","null","null","null","null","null",319545,"null","null","null","null","null","null","null","null","null","null","null","null","null","null","null","null","null",80,"3"
"SI","2012-08-19","98.0","null","null","Joe Kelly",501983,523260,"null","ball",,,,,"9","null","R","L","R","STL","PIT","B","null","null",0,1,2012,"-1.8501000000000000","0.63286666666666666667","0.4550","1.8480","null","null","null",0,12,"Top","null","null",,,"null",,"null",,,,,,,"3.5400","1.6700","null","null","null","null","null","null",319545,"null","null","null","null","null","null","null","null","null","null","null","null","null","null","null","null","null",80,"2"
"SI","2012-08-19","97.1","null","null","Joe Kelly",501983,523260,"null","called_strike",,,,,"1","null","R","L","R","STL","PIT","S","null","null",0,0,2012,"-1.5230583333333333","0.67300000000000000000","-0.7530","3.1440","null","null","null",0,12,"Top","null","null",,,"null",,"null",,,,,,,"3.4900","1.6700","null","null","null","null","null","null",319545,"null","null","null","null","null","null","null","null","null","null","null","null","null","null","null","null","null",80,"1"
"SI","2012-08-14","94.9","null","null","Joe Kelly",572253,523260,"field_out","hit_into_play",,,,,"7","Ryan Wheeler flies out to left fielder Matt Holliday.","R","L","R","STL","ARI","X","7","fly_ball",2,2,2012,"-1.4632166666666667","0.89946666666666666667","-0.5180","2.1300","null","null","null",0,7,"Top","35.14","81.33",,,"null",,"null",,,,,,,"3.6300","1.7100","null","null","null","null","null","null",319463,"null","null","null","null","null","null","null","null","null","null","null","null","0.00",1,0,0,"null",49,"5"
"SL","2012-08-14","81.8","null","null","Joe Kelly",572253,523260,"null","ball",,,,,"13","null","R","L","R","STL","ARI","B","null","null",1,2,2012,"0.59366666666666666667","-1.0599000000000000","-1.6820","2.4140","null","null","null",0,7,"Top","null","null",,,"null",,"null",,,,,,,"3.4700","1.7100","null","null","null","null","null","null",319463,"null","null","null","null","null","null","null","null","null","null","null","null","null","null","null","null","null",49,"4"
"SI","2012-08-14","96.0","null","null","Joe Kelly",572253,523260,"null","foul",,,,,"6","null","R","L","R","STL","ARI","S","null","null",1,1,2012,"-1.4799166666666667","1.27070000000000000000","0.3730","2.8440","null","null","null",0,7,"Top","null","null",,,"null",,"null",,,,,,,"3.6300","1.7100","null","null","null","null","null","null",319463,"null","null","null","null","null","null","null","null","null","null","null","null","null","null","null","null","null",49,"3"
"SI","2012-08-14","94.0","null","null","Joe Kelly",572253,523260,"null","swinging_strike",,,,,"11","null","R","L","R","STL","ARI","S","null","null",1,0,2012,"-1.3908500000000000","0.39206666666666666667","-0.9790","2.9610","null","null","null",0,7,"Top","null","null",,,"null",,"null",,,,,,,"3.6300","1.7100","null","null","null","null","null","null",319463,"null","null","null","null","null","null","null","null","null","null","null","null","null","null","null","null","null",49,"2"
"SI","2012-08-14","94.6","null","null","Joe Kelly",572253,523260,"null","ball",,,,,"11","null","R","L","R","STL","ARI","B","null","null",0,0,2012,"-1.7151083333333333","0.47376666666666666667","-1.7800","2.6400","null","null","null",0,7,"Top","null","null",,,"null",,"null",,,,,,,"3.5500","1.7100","null","null","null","null","null","null",319463,"null","null","null","null","null","null","null","null","null","null","null","null","null","null","null","null","null",49,"1"
"CH","2012-08-14","85.5","null","null","Joe Kelly",471083,523260,"home_run","hit_into_play_score",,,,,"4","Miguel Montero homers (14) on a fly ball to center field.   Justin Upton scores.","R","L","R","STL","ARI","X","null","fly_ball",0,0,2012,"-1.9015916666666667","0.30176666666666666667","-0.8290","2.0820","null","null","457708.00",0,7,"Top","117.47","16.06",,,"null",,"null",,,,,,,"3.3600","1.4900","null","null","null","null","null","null",319463,"null","null","null","null","null","null","null","null","null","null","null","null","2.00",1,0,3,"null",48,"1"
"SI","2012-08-14","95.5","null","null","Joe Kelly",457708,523260,"single","hit_into_play_no_out",,,,,"4","Justin Upton singles on a sharp ground ball to right fielder Carlos Beltran.","R","R","R","STL","ARI","X","null","ground_ball",1,1,2012,"-1.7958250000000000","1.19330000000000000000","-0.3560","2.9090","null","null","null",0,7,"Top","161.65","82.33",,,"null",,"null",,,,,,,"3.6300","1.6300","null","null","null","null","null","null",319463,"null","null","null","null","null","null","null","null","null","null","null","null","0.90",1,1,0,"null",47,"3"
"SL","2012-08-14","83.2","null","null","Joe Kelly",457708,523260,"null","ball",,,,,"14","null","R","R","R","STL","ARI","B","null","null",0,1,2012,"0.56583333333333333333","-0.17410000000000000000","1.3100","-0.0370","null","null","null",0,7,"Top","null","null",,,"null",,"null",,,,,,,"3.5900","1.6300","null","null","null","null","null","null",319463,"null","null","null","null","null","null","null","null","null","null","null","null","null","null","null","null","null",47,"2"
"SL","2012-08-14","80.9","null","null","Joe Kelly",457708,523260,"null","swinging_strike",,,,,"2","null","R","R","R","STL","ARI","S","null","null",0,0,2012,"0.59645000000000000000","-0.07806666666666666667","-0.0190","3.2290","null","null","null",0,7,"Top","null","null",,,"null",,"null",,,,,,,"3.6300","1.6300","null","null","null","null","null","null",319463,"null","null","null","null","null","null","null","null","null","null","null","null","null","null","null","null","null",47,"1"
"SI","2012-08-14","95.3","null","null","Joe Kelly",502671,523260,"strikeout","swinging_strike",,,,,"4","Paul Goldschmidt strikes out swinging.","R","R","R","STL","ARI","S","null","null",3,2,2012,"-1.15983333333333333333","1.14170000000000000000","-0.2830","2.5660","null","null","null",2,6,"Top","null","null",,,"null",,"null",,,,,,,"3.3500","1.5600","null","null","null","null","null","null",319463,"null","null","null","null","null","null","null","null","null","null","null","null","0.00",1,0,0,"null",40,"6"
"SI","2012-08-14","95.5","null","null","Joe Kelly",502671,523260,"null","foul",,,,,"13","null","R","R","R","STL","ARI","S","null","null",3,1,2012,"-1.6803166666666667","0.62426666666666666667","-0.9400","1.7970","null","null","null",2,6,"Top","null","null",,,"null",,"null",,,,,,,"3.3500","1.5600","null","null","null","null","null","null",319463,"null","null","null","null","null","null","null","null","null","null","null","null","null","null","null","null","null",40,"5"
"SI","2012-08-14","96.1","null","null","Joe Kelly",502671,523260,"null","ball",,,,,"14","null","R","R","R","STL","ARI","B","null","null",2,1,2012,"-1.6246500000000000","0.96253333333333333333","0.4280","1.1530","null","null","null",2,6,"Top","null","null",,,"null",,"null",,,,,,,"3.5000","1.5600","null","null","null","null","null","null",319463,"null","null","null","null","null","null","null","null","null","null","null","null","null","null","null","null","null",40,"4"
"CH","2012-08-14","85.5","null","null","Joe Kelly",502671,523260,"null","ball",,,,,"14","null","R","R","R","STL","ARI","B","null","null",1,1,2012,"-1.7833000000000000","0.44366666666666666667","1.1260","1.6300","null","null","null",2,6,"Top","null","null",,,"null",,"null",,,,,,,"3.3800","1.5600","null","null","null","null","null","null",319463,"null","null","null","null","null","null","null","null","null","null","null","null","null","null","null","null","null",40,"3"
"SL","2012-08-14","83.7","null","null","Joe Kelly",502671,523260,"null","ball",,,,,"14","null","R","R","R","STL","ARI","B","null","null",0,1,2012,"0.41692500000000000000","-0.22570000000000000000","0.1820","1.3640","null","null","null",2,6,"Top","null","null",,,"null",,"null",,,,,,,"3.4300","1.5600","null","null","null","null","null","null",319463,"null","null","null","null","null","null","null","null","null","null","null","null","null","null","null","null","null",40,"2"
"SI","2012-08-14","95.4","null","null","Joe Kelly",502671,523260,"null","foul_tip",,,,,"4","null","R","R","R","STL","ARI","S","null","null",0,0,2012,"-1.5968166666666667","0.83066666666666666667","-0.6130","2.6190","null","null","null",2,6,"Top","null","null",,,"null",,"null",,,,,,,"3.3500","1.5600","null","null","null","null","null","null",319463,"null","null","null","null","null","null","null","null","null","null","null","null","null","null","null","null","null",40,"1"
"CH","2012-08-14","87.8","null","null","Joe Kelly",430585,523260,"field_out","hit_into_play",,,,,"4","Jason Kubel grounds out, second baseman Skip Schumaker to first baseman Allen Craig.","R","L","R","STL","ARI","X","4","ground_ball",0,1,2012,"-1.8821083333333333","0.63286666666666666667","-0.5810","2.4460","null","null","null",1,6,"Top","147.59","160.64",,,"null",,"null",,,,,,,"3.3500","1.6100","null","null","null","null","null","null",319463,"null","null","null","null","null","null","null","null","null","null","null","null","0.00",1,0,0,"null",39,"2"
"SL","2012-08-14","82.9","null","null","Joe Kelly",430585,523260,"null","called_strike",,,,,"9","null","R","L","R","STL","ARI","S","null","null",0,0,2012,"0.46285000000000000000","-0.56110000000000000000","0.3000","1.9470","null","null","null",1,6,"Top","null","null",,,"null",,"null",,,,,,,"3.4200","1.6100","null","null","null","null","null","null",319463,"null","null","null","null","null","null","null","null","null","null","null","null","null","null","null","null","null",39,"1"
"SI","2012-08-14","96.4","null","null","Joe Kelly",431094,523260,"field_out","hit_into_play",,,,,"6","Aaron Hill grounds out, pitcher Joe Kelly to first baseman Allen Craig.","R","R","R","STL","ARI","X","1","ground_ball",0,2,2012,"-1.2753416666666667","0.94676666666666666667","0.7780","2.3650","null","null","null",0,6,"Top","124.50","183.73",,,"null",,"null",,,,,,,"3.2800","1.4700","null","null","null","null","null","null",319463,"null","null","null","null","null","null","null","null","null","null","null","null","0.00",1,0,0,"null",38,"4"
"SI","2012-08-14","95.1","null","null","Joe Kelly",431094,523260,"null","foul",,,,,"11","null","R","R","R","STL","ARI","S","null","null",0,2,2012,"-1.4493000000000000","0.66010000000000000000","-0.9480","2.4150","null","null","null",0,6,"Top","null","null",,,"null",,"null",,,,,,,"3.2800","1.4700","null","null","null","null","null","null",319463,"null","null","null","null","null","null","null","null","null","null","null","null","null","null","null","null","null",38,"3"
"SL","2012-08-14","82.7","null","null","Joe Kelly",431094,523260,"null","foul",,,,,"2","null","R","R","R","STL","ARI","S","null","null",0,1,2012,"0.53939166666666666667","-0.15833333333333333333","0.2350","3.2180","null","null","null",0,6,"Top","null","null",,,"null",,"null",,,,,,,"3.2800","1.4700","null","null","null","null","null","null",319463,"null","null","null","null","null","null","null","null","null","null","null","null","null","null","null","null","null",38,"2"
"SI","2012-08-14","95.2","null","null","Joe Kelly",431094,523260,"null","foul",,,,,"7","null","R","R","R","STL","ARI","S","null","null",0,0,2012,"-1.6984083333333333","0.86076666666666666667","-0.8270","1.6590","null","null","null",0,6,"Top","null","null",,,"null",,"null",,,,,,,"3.2800","1.4700","null","null","null","null","null","null",319463,"null","null","null","null","null","null","null","null","null","null","null","null","null","null","null","null","null",38,"1"
"SI","2012-08-14","96.4","null","null","Joe Kelly",452220,523260,"field_out","hit_into_play",,,,,"7","Stephen Drew lines out to center fielder Jon Jay.","R","L","R","STL","ARI","X","8","line_drive",0,0,2012,"-1.7777333333333333","0.81633333333333333333","-0.2990","2.1230","null","null","null",2,5,"Top","114.46","34.14",,,"null",,"null",,,,,,,"3.4500","1.6500","null","null","null","null","null","null",319463,"null","null","null","null","null","null","null","null","null","null","null","null","0.00",1,0,0,"null",34,"1"
"SI","2012-08-14","98.1","null","null","Joe Kelly",453178,523260,"strikeout","called_strike",,,,,"3","Ian Kennedy called out on strikes.","R","R","R","STL","ARI","S","null","null",1,2,2012,"-1.5314083333333333","0.88513333333333333333","0.3370","3.1540","null","null","null",1,5,"Top","null","null",,,"null",,"null",,,,,,,"3.3900","1.5900","null","null","null","null","null","null",319463,"null","null","null","null","null","null","null","null","null","null","null","null","0.00",1,0,0,"null",33,"4"
"SI","2012-08-14","97.9","null","null","Joe Kelly",453178,523260,"null","ball",,,,,"13","null","R","R","R","STL","ARI","B","null","null",0,2,2012,"-1.2572500000000000","1.22770000000000000000","-0.1060","1.0240","null","null","null",1,5,"Top","null","null",,,"null",,"null",,,,,,,"3.3900","1.5900","null","null","null","null","null","null",319463,"null","null","null","null","null","null","null","null","null","null","null","null","null","null","null","null","null",33,"3"
"SI","2012-08-14","97.4","null","null","Joe Kelly",453178,523260,"null","called_strike",,,,,"9","null","R","R","R","STL","ARI","S","null","null",0,1,2012,"-1.2308083333333333","1.4025666666666667","0.4970","1.8030","null","null","null",1,5,"Top","null","null",,,"null",,"null",,,,,,,"3.5200","1.5900","null","null","null","null","null","null",319463,"null","null","null","null","null","null","null","null","null","null","null","null","null","null","null","null","null",33,"2"
"SI","2012-08-14","96.0","null","null","Joe Kelly",453178,523260,"null","called_strike",,,,,"6","null","R","R","R","STL","ARI","S","null","null",0,0,2012,"-1.18766666666666666667","1.07863333333333333333","0.6070","2.5870","null","null","null",1,5,"Top","null","null",,,"null",,"null",,,,,,,"3.4000","1.5900","null","null","null","null","null","null",319463,"null","null","null","null","null","null","null","null","null","null","null","null","null","null","null","null","null",33,"1"
"CH","2012-08-14","84.6","null","null","Joe Kelly",467827,523260,"field_out","hit_into_play",,,,,"7","Gerardo Parra lines out softly to second baseman Skip Schumaker.","R","L","R","STL","ARI","X","4","line_drive",0,2,2012,"-1.7805166666666667","0.35480000000000000000","-0.4010","1.6470","null","null","null",0,5,"Top","139.56","150.60",,,"null",,"null",,,,,,,"3.1600","1.4800","null","null","null","null","null","null",319463,"null","null","null","null","null","null","null","null","null","null","null","null","0.00",1,0,0,"null",32,"3"
"SL","2012-08-14","82.0","null","null","Joe Kelly",467827,523260,"null","foul_tip",,,,,"6","null","R","L","R","STL","ARI","S","null","null",0,1,2012,"0.22487500000000000000","-0.56683333333333333333","0.4990","2.1090","null","null","null",0,5,"Top","null","null",,,"null",,"null",,,,,,,"3.1600","1.4800","null","null","null","null","null","null",319463,"null","null","null","null","null","null","null","null","null","null","null","null","null","null","null","null","null",32,"2"
"CH","2012-08-14","86.5","null","null","Joe Kelly",467827,523260,"null","called_strike",,,,,"8","null","R","L","R","STL","ARI","S","null","null",0,0,2012,"-1.7819083333333333","0.38776666666666666667","-0.2160","1.9190","null","null","null",0,5,"Top","null","null",,,"null",,"null",,,,,,,"3.1500","1.4800","null","null","null","null","null","null",319463,"null","null","null","null","null","null","null","null","null","null","null","null","null","null","null","null","null",32,"1"
"SI","2012-08-14","96.0","null","null","Joe Kelly",572253,523260,"strikeout","swinging_strike",,,,,"11","Ryan Wheeler strikes out swinging.","R","L","R","STL","ARI","S","null","null",1,2,2012,"-1.6998000000000000","0.49526666666666666667","-1.2510","3.1610","null","null","471083.00",2,4,"Top","null","null",,,"null",,"null",,,,,,,"3.6300","1.7100","null","null","null","null","null","null",319463,"null","null","null","null","null","null","null","null","null","null","null","null","0.00",1,0,0,"null",26,"5"
"CU","2012-08-14","78.2","null","null","Joe Kelly",572253,523260,"null","foul",,,,,"13","null","R","L","R","STL","ARI","S","null","null",1,2,2012,"0.32368333333333333333","-0.75746666666666666667","-0.3930","1.4020","null","null","471083.00",2,4,"Top","null","null",,,"null",,"null",,,,,,,"3.6300","1.7100","null","null","null","null","null","null",319463,"null","null","null","null","null","null","null","null","null","null","null","null","null","null","null","null","null",26,"4"
"SL","2012-08-14","82.2","null","null","Joe Kelly",572253,523260,"null","foul",,,,,"9","null","R","L","R","STL","ARI","S","null","null",1,1,2012,"0.45867500000000000000","-0.71876666666666666667","0.4180","1.8510","null","null","471083.00",2,4,"Top","null","null",,,"null",,"null",,,,,,,"3.6300","1.7100","null","null","null","null","null","null",319463,"null","null","null","null","null","null","null","null","null","null","null","null","null","null","null","null","null",26,"3"
"CH","2012-08-14","85.9","null","null","Joe Kelly",572253,523260,"null","ball",,,,,"13","null","R","L","R","STL","ARI","B","null","null",0,1,2012,"-1.7485083333333333","0.50530000000000000000","-0.6120","0.9310","null","null","471083.00",2,4,"Top","null","null",,,"null",,"null",,,,,,,"3.5800","1.7100","null","null","null","null","null","null",319463,"null","null","null","null","null","null","null","null","null","null","null","null","null","null","null","null","null",26,"2"
"SI","2012-08-14","95.2","null","null","Joe Kelly",572253,523260,"null","foul",,,,,"11","null","R","L","R","STL","ARI","S","null","null",0,0,2012,"-1.6218666666666667","0.74466666666666666667","-0.8340","3.1800","null","null","471083.00",2,4,"Top","null","null",,,"null",,"null",,,,,,,"3.6300","1.7100","null","null","null","null","null","null",319463,"null","null","null","null","null","null","null","null","null","null","null","null","null","null","null","null","null",26,"1"
"SL","2012-08-14","80.9","null","null","Joe Kelly",471083,523260,"walk","ball",,,,,"11","Miguel Montero walks.","R","L","R","STL","ARI","B","null","null",3,2,2012,"0.18451666666666666667","-1.1258333333333333","-1.7810","4.0540","null","null","null",2,4,"Top","null","null",,,"null",,"null",,,,,,,"3.3900","1.4900","null","null","null","null","null","null",319463,"null","null","null","null","null","null","null","null","null","null","null","null","0.70",1,0,0,"null",25,"6"
"CH","2012-08-14","87.0","null","null","Joe Kelly",471083,523260,"null","called_strike",,,,,"1","null","R","L","R","STL","ARI","S","null","null",3,1,2012,"-1.6789250000000000","0.34333333333333333333","-0.4990","2.9710","null","null","null",2,4,"Top","null","null",,,"null",,"null",,,,,,,"3.3900","1.4900","null","null","null","null","null","null",319463,"null","null","null","null","null","null","null","null","null","null","null","null","null","null","null","null","null",25,"5"
"CH","2012-08-14","88.0","null","null","Joe Kelly",471083,523260,"null","ball",,,,,"14","null","R","L","R","STL","ARI","B","null","null",2,1,2012,"-1.8083500000000000","0.82063333333333333333","0.5430","0.9220","null","null","null",2,4,"Top","null","null",,,"null",,"null",,,,,,,"3.4300","1.4900","null","null","null","null","null","null",319463,"null","null","null","null","null","null","null","null","null","null","null","null","null","null","null","null","null",25,"4"
"CH","2012-08-14","87.7","null","null","Joe Kelly",471083,523260,"null","ball",,,,,"13","null","R","L","R","STL","ARI","B","null","null",1,1,2012,"-1.7332000000000000","0.99693333333333333333","-0.1610","0.7860","null","null","null",2,4,"Top","null","null",,,"null",,"null",,,,,,,"3.4300","1.4900","null","null","null","null","null","null",319463,"null","null","null","null","null","null","null","null","null","null","null","null","null","null","null","null","null",25,"3"
"SI","2012-08-14","95.7","null","null","Joe Kelly",471083,523260,"null","swinging_strike",,,,,"7","null","R","L","R","STL","ARI","S","null","null",1,0,2012,"-1.7540750000000000","0.84070000000000000000","-0.4110","1.9480","null","null","null",2,4,"Top","null","null",,,"null",,"null",,,,,,,"3.3600","1.4900","null","null","null","null","null","null",319463,"null","null","null","null","null","null","null","null","null","null","null","null","null","null","null","null","null",25,"2"
"SI","2012-08-14","96.2","null","null","Joe Kelly",471083,523260,"null","ball",,,,,"1","null","R","L","R","STL","ARI","B","null","null",0,0,2012,"-1.5829000000000000","0.75183333333333333333","-0.5820","3.2900","null","null","null",2,4,"Top","null","null",,,"null",,"null",,,,,,,"3.5100","1.4900","null","null","null","null","null","null",319463,"null","null","null","null","null","null","null","null","null","null","null","null","null","null","null","null","null",25,"1"
"SL","2012-08-14","82.5","null","null","Joe Kelly",457708,523260,"field_out","hit_into_play",,,,,"5","Justin Upton grounds out, shortstop Rafael Furcal to first baseman Allen Craig.","R","R","R","STL","ARI","X","6","ground_ball",1,0,2012,"0.63541666666666666667","-0.22283333333333333333","0.2520","2.3250","null","null","null",1,4,"Top","108.43","157.63",,,"null",,"null",,,,,,,"3.6300","1.6300","null","null","null","null","null","null",319463,"null","null","null","null","null","null","null","null","null","null","null","null","0.00",1,0,0,"null",24,"2"
"SI","2012-08-14","94.8","null","null","Joe Kelly",457708,523260,"null","ball",,,,,"11","null","R","R","R","STL","ARI","B","null","null",0,0,2012,"-1.3866750000000000","0.67013333333333333333","-1.1270","3.1670","null","null","null",1,4,"Top","null","null",,,"null",,"null",,,,,,,"3.7600","1.6300","null","null","null","null","null","null",319463,"null","null","null","null","null","null","null","null","null","null","null","null","null","null","null","null","null",24,"1"
"SI","2012-08-14","95.7","null","null","Joe Kelly",502671,523260,"field_out","hit_into_play",,,,,"2","Paul Goldschmidt lines out to right fielder Carlos Beltran.","R","R","R","STL","ARI","X","9","line_drive",3,2,2012,"-1.4214666666666667","1.10873333333333333333","-0.2100","3.1770","null","null","null",0,4,"Top","202.81","72.29",,,"null",,"null",,,,,,,"3.3500","1.5600","null","null","null","null","null","null",319463,"null","null","null","null","null","null","null","null","null","null","null","null","0.00",1,0,0,"null",23,"6"
"SI","2012-08-14","94.4","null","null","Joe Kelly",502671,523260,"null","called_strike",,,,,"9","null","R","R","R","STL","ARI","S","null","null",3,1,2012,"-1.7638166666666667","0.44080000000000000000","0.7330","1.7790","null","null","null",0,4,"Top","null","null",,,"null",,"null",,,,,,,"3.5100","1.5600","null","null","null","null","null","null",319463,"null","null","null","null","null","null","null","null","null","null","null","null","null","null","null","null","null",23,"5"
"SL","2012-08-14","81.2","null","null","Joe Kelly",502671,523260,"null","ball",,,,,"12","null","R","R","R","STL","ARI","B","null","null",2,1,2012,"-0.05485000000000000000","-0.07663333333333333333","0.7700","3.6640","null","null","null",0,4,"Top","null","null",,,"null",,"null",,,,,,,"3.5100","1.6300","null","null","null","null","null","null",319463,"null","null","null","null","null","null","null","null","null","null","null","null","null","null","null","null","null",23,"4"
"SI","2012-08-14","96.1","null","null","Joe Kelly",502671,523260,"null","ball",,,,,"12","null","R","R","R","STL","ARI","B","null","null",1,1,2012,"-1.9043750000000000","0.97973333333333333333","1.2330","2.9100","null","null","null",0,4,"Top","null","null",,,"null",,"null",,,,,,,"3.4600","1.5600","null","null","null","null","null","null",319463,"null","null","null","null","null","null","null","null","null","null","null","null","null","null","null","null","null",23,"3"
"SI","2012-08-14","93.8","null","null","Joe Kelly",502671,523260,"null","called_strike",,,,,"9","null","R","R","R","STL","ARI","S","null","null",1,0,2012,"-1.19601666666666666667","1.17753333333333333333","0.7140","1.7260","null","null","null",0,4,"Top","null","null",,,"null",,"null",,,,,,,"3.5000","1.5600","null","null","null","null","null","null",319463,"null","null","null","null","null","null","null","null","null","null","null","null","null","null","null","null","null",23,"2"
"SL","2012-08-14","83.0","null","null","Joe Kelly",502671,523260,"null","ball",,,,,"14","null","R","R","R","STL","ARI","B","null","null",0,0,2012,"-0.04650000000000000000","0.15700000000000000000","1.1720","2.4400","null","null","null",0,4,"Top","null","null",,,"null",,"null",,,,,,,"3.5000","1.5600","null","null","null","null","null","null",319463,"null","null","null","null","null","null","null","null","null","null","null","null","null","null","null","null","null",23,"1"
"SL","2012-08-14","82.5","null","null","Joe Kelly",430585,523260,"grounded_into_double_play","hit_into_play",,,,,"7","Jason Kubel grounds into a double play, second baseman Skip Schumaker to shortstop Rafael Furcal to first baseman Allen Craig.   Aaron Hill out at 2nd.","R","L","R","STL","ARI","X","4","ground_ball",1,2,2012,"0.10240833333333333333","-0.78183333333333333333","-0.6700","1.8510","452220.00","null","431094.00",1,3,"Top","136.55","155.62",,,"null",,"null",,,,,,,"3.3500","1.6100","null","null","null","null","null","null",319463,"null","null","null","null","null","null","null","null","null","null","null","null","0.00",1,0,0,"null",18,"5"
"CH","2012-08-14","86.4","null","null","Joe Kelly",430585,523260,"null","ball",,,,,"13","null","R","L","R","STL","ARI","B","null","null",0,2,2012,"-1.7039750000000000","0.31753333333333333333","-1.8150","2.3660","452220.00","null","431094.00",1,3,"Top","null","null",,,"null",,"null",,,,,,,"3.3400","1.6100","null","null","null","null","null","null",319463,"null","null","null","null","null","null","null","null","null","null","null","null","null","null","null","null","null",18,"4"
"SI","2012-08-14","96.8","null","null","Joe Kelly",430585,523260,"null","foul",,,,,"3","null","R","L","R","STL","ARI","S","null","null",0,2,2012,"-1.3560583333333333","1.5086333333333333","0.5150","3.0930","452220.00","null","431094.00",1,3,"Top","null","null",,,"null",,"null",,,,,,,"3.3500","1.6100","null","null","null","null","null","null",319463,"null","null","null","null","null","null","null","null","null","null","null","null","null","null","null","null","null",18,"3"
"CH","2012-08-14","86.4","null","null","Joe Kelly",430585,523260,"null","swinging_strike",,,,,"13","null","R","L","R","STL","ARI","S","null","null",0,1,2012,"-1.7749500000000000","0.51390000000000000000","-0.7210","1.2660","452220.00","null","431094.00",1,3,"Top","null","null",,,"null",,"null",,,,,,,"3.3500","1.6100","null","null","null","null","null","null",319463,"null","null","null","null","null","null","null","null","null","null","null","null","null","null","null","null","null",18,"2"
"SI","2012-08-14","95.1","null","null","Joe Kelly",430585,523260,"null","called_strike",,,,,"13","null","R","L","R","STL","ARI","S","null","null",0,0,2012,"-1.8180916666666667","0.41356666666666666667","-0.8150","1.4670","452220.00","null","431094.00",1,3,"Top","null","null",,,"null",,"null",,,,,,,"3.3400","1.6100","null","null","null","null","null","null",319463,"null","null","null","null","null","null","null","null","null","null","null","null","null","null","null","null","null",18,"1"
"SI","2012-08-14","95.2","null","null","Joe Kelly",431094,523260,"walk","ball",,,,,"13","Aaron Hill walks.","R","R","R","STL","ARI","B","null","null",3,1,2012,"-1.6260416666666667","0.83496666666666666667","-1.5630","2.2030","452220.00","null","null",1,3,"Top","null","null",,,"null",,"null",,,,,,,"3.2700","1.4700","null","null","null","null","null","null",319463,"null","null","null","null","null","null","null","null","null","null","null","null","0.70",1,0,0,"null",17,"5"
"CH","2012-08-14","85.7","null","null","Joe Kelly",431094,523260,"null","ball",,,,,"13","null","R","R","R","STL","ARI","B","null","null",2,1,2012,"-1.7151083333333333","-0.06086666666666666667","-1.1570","2.1440","452220.00","null","null",1,3,"Top","null","null",,,"null",,"null",,,,,,,"3.2000","1.4700","null","null","null","null","null","null",319463,"null","null","null","null","null","null","null","null","null","null","null","null","null","null","null","null","null",17,"4"
"CH","2012-08-14","86.1","null","null","Joe Kelly",431094,523260,"null","blocked_ball",,,,,"14","null","R","R","R","STL","ARI","B","null","null",1,1,2012,"-1.8208750000000000","0.80486666666666666667","0.0600","0.7410","452220.00","null","null",1,3,"Top","null","null",,,"null",,"null",,,,,,,"3.2800","1.4700","null","null","null","null","null","null",319463,"null","null","null","null","null","null","null","null","null","null","null","null","null","null","null","null","null",17,"3"
"SL","2012-08-14","81.7","null","null","Joe Kelly",431094,523260,"null","called_strike",,,,,"5","null","R","R","R","STL","ARI","S","null","null",1,0,2012,"0.68830000000000000000","-0.29593333333333333333","0.0310","2.3700","452220.00","null","null",1,3,"Top","null","null",,,"null",,"null",,,,,,,"3.2700","1.4700","null","null","null","null","null","null",319463,"null","null","null","null","null","null","null","null","null","null","null","null","null","null","null","null","null",17,"2"
"SL","2012-08-14","83.5","null","null","Joe Kelly",431094,523260,"null","ball",,,,,"12","null","R","R","R","STL","ARI","B","null","null",0,0,2012,"0.22487500000000000000","-0.27156666666666666667","1.0850","2.6260","452220.00","null","null",1,3,"Top","null","null",,,"null",,"null",,,,,,,"3.2000","1.4700","null","null","null","null","null","null",319463,"null","null","null","null","null","null","null","null","null","null","null","null","null","null","null","null","null",17,"1"
"SI","2012-08-14","96.6","null","null","Joe Kelly",452220,523260,"triple","hit_into_play_no_out",,,,,"5","Stephen Drew triples (1) on a line drive to center fielder Jon Jay.","R","L","R","STL","ARI","X","null","line_drive",1,1,2012,"-1.4270333333333333","1.07433333333333333333","-0.0730","2.6060","null","null","null",1,3,"Top","130.52","59.24",,,"null",,"null",,,,,,,"3.4500","1.6500","null","null","null","null","null","null",319463,"null","null","null","null","null","null","null","null","null","null","null","null","1.60",1,1,2,"null",16,"3"
"CH","2012-08-14","85.8","null","null","Joe Kelly",452220,523260,"null","called_strike",,,,,"9","null","R","L","R","STL","ARI","S","null","null",1,0,2012,"-1.7499000000000000","0.76473333333333333333","0.4070","1.8720","null","null","null",1,3,"Top","null","null",,,"null",,"null",,,,,,,"3.3500","1.6500","null","null","null","null","null","null",319463,"null","null","null","null","null","null","null","null","null","null","null","null","null","null","null","null","null",16,"2"
"SI","2012-08-14","94.6","null","null","Joe Kelly",452220,523260,"null","ball",,,,,"11","null","R","L","R","STL","ARI","B","null","null",0,0,2012,"-1.6524833333333333","0.82206666666666666667","-1.1270","2.9070","null","null","null",1,3,"Top","null","null",,,"null",,"null",,,,,,,"3.3100","1.6500","null","null","null","null","null","null",319463,"null","null","null","null","null","null","null","null","null","null","null","null","null","null","null","null","null",16,"1"
"SI","2012-08-14","95.9","null","null","Joe Kelly",453178,523260,"strikeout","swinging_strike",,,,,"5","Ian Kennedy strikes out swinging.","R","R","R","STL","ARI","S","null","null",2,2,2012,"-1.6886666666666667","0.91953333333333333333","-0.1610","2.1650","null","null","null",0,3,"Top","null","null",,,"null",,"null",,,,,,,"3.3900","1.5900","null","null","null","null","null","null",319463,"null","null","null","null","null","null","null","null","null","null","null","null","0.00",1,0,0,"null",15,"5"
"SI","2012-08-14","93.9","null","null","Joe Kelly",453178,523260,"null","called_strike",,,,,"8","null","R","R","R","STL","ARI","S","null","null",2,1,2012,"-1.7332000000000000","0.71600000000000000000","-0.1520","1.7970","null","null","null",0,3,"Top","null","null",,,"null",,"null",,,,,,,"3.3900","1.5900","null","null","null","null","null","null",319463,"null","null","null","null","null","null","null","null","null","null","null","null","null","null","null","null","null",15,"4"
"SI","2012-08-14","92.1","null","null","Joe Kelly",453178,523260,"null","ball",,,,,"12","null","R","R","R","STL","ARI","B","null","null",1,1,2012,"-1.4520833333333333","0.96253333333333333333","1.1450","3.0110","null","null","null",0,3,"Top","null","null",,,"null",,"null",,,,,,,"3.5100","1.5900","null","null","null","null","null","null",319463,"null","null","null","null","null","null","null","null","null","null","null","null","null","null","null","null","null",15,"3"
"SI","2012-08-14","95.1","null","null","Joe Kelly",453178,523260,"null","ball",,,,,"12","null","R","R","R","STL","ARI","B","null","null",0,1,2012,"-1.5662000000000000","1.01843333333333333333","1.4220","3.2150","null","null","null",0,3,"Top","null","null",,,"null",,"null",,,,,,,"3.4300","1.5900","null","null","null","null","null","null",319463,"null","null","null","null","null","null","null","null","null","null","null","null","null","null","null","null","null",15,"2"
"SI","2012-08-14","91.4","null","null","Joe Kelly",453178,523260,"null","called_strike",,,,,"5","null","R","R","R","STL","ARI","S","null","null",0,0,2012,"-1.11669166666666666667","0.94963333333333333333","0.1670","2.7790","null","null","null",0,3,"Top","null","null",,,"null",,"null",,,,,,,"3.3700","1.5900","null","null","null","null","null","null",319463,"null","null","null","null","null","null","null","null","null","null","null","null","null","null","null","null","null",15,"1"
"CH","2012-08-14","85.5","null","null","Joe Kelly",467827,523260,"field_out","hit_into_play",,,,,"13","Gerardo Parra grounds out, second baseman Skip Schumaker to first baseman Allen Craig.","R","L","R","STL","ARI","X","4","ground_ball",2,1,2012,"-1.7526833333333333","0.81346666666666666667","-0.3500","1.3110","null","null","572253.00",2,2,"Top","134.54","151.61",,,"null",,"null",,,,,,,"3.1600","1.4800","null","null","null","null","null","null",319463,"null","null","null","null","null","null","null","null","null","null","null","null","0.00",1,0,0,"null",11,"4"
"CH","2012-08-14","84.4","null","null","Joe Kelly",467827,523260,"null","ball",,,,,"13","null","R","L","R","STL","ARI","B","null","null",1,1,2012,"-1.5662000000000000","-0.04796666666666666667","-1.9800","1.9110","null","null","572253.00",2,2,"Top","null","null",,,"null",,"null",,,,,,,"3.0300","1.3200","null","null","null","null","null","null",319463,"null","null","null","null","null","null","null","null","null","null","null","null","null","null","null","null","null",11,"3"
"SI","2012-08-14","94.2","null","null","Joe Kelly",467827,523260,"null","foul",,,,,"4","null","R","L","R","STL","ARI","S","null","null",1,0,2012,"-1.4882666666666667","0.78336666666666666667","-0.4370","2.6100","null","null","572253.00",2,2,"Top","null","null",,,"null",,"null",,,,,,,"3.1600","1.4800","null","null","null","null","null","null",319463,"null","null","null","null","null","null","null","null","null","null","null","null","null","null","null","null","null",11,"2"
"SI","2012-08-14","94.9","null","null","Joe Kelly",467827,523260,"null","ball",,,,,"14","null","R","L","R","STL","ARI","B","null","null",0,0,2012,"-1.7958250000000000","1.03993333333333333333","0.0120","0.9140","null","null","572253.00",2,2,"Top","null","null",,,"null",,"null",,,,,,,"3.0700","1.4800","null","null","null","null","null","null",319463,"null","null","null","null","null","null","null","null","null","null","null","null","null","null","null","null","null",11,"1"
"CH","2012-08-14","87.1","null","null","Joe Kelly",572253,523260,"single","hit_into_play_no_out",,,,,"13","Ryan Wheeler singles on a line drive to left fielder Matt Holliday.","R","L","R","STL","ARI","X","null","line_drive",0,2,2012,"-1.7916500000000000","0.13263333333333333333","-1.1440","2.4900","null","null","null",2,2,"Top","87.35","98.39",,,"null",,"null",,,,,,,"3.6300","1.7100","null","null","null","null","null","null",319463,"null","null","null","null","null","null","null","null","null","null","null","null","0.90",1,1,0,"null",10,"4"
"SI","2012-08-14","97.4","null","null","Joe Kelly",572253,523260,"null","foul",,,,,"11","null","R","L","R","STL","ARI","S","null","null",0,2,2012,"-1.6608333333333333","0.63143333333333333333","-1.2830","2.9410","null","null","null",2,2,"Top","null","null",,,"null",,"null",,,,,,,"3.6300","1.7100","null","null","null","null","null","null",319463,"null","null","null","null","null","null","null","null","null","null","null","null","null","null","null","null","null",10,"3"
"SI","2012-08-14","97.0","null","null","Joe Kelly",572253,523260,"null","foul",,,,,"5","null","R","L","R","STL","ARI","S","null","null",0,1,2012,"-1.6176916666666667","1.13740000000000000000","0.2480","2.5770","null","null","null",2,2,"Top","null","null",,,"null",,"null",,,,,,,"3.6300","1.7100","null","null","null","null","null","null",319463,"null","null","null","null","null","null","null","null","null","null","null","null","null","null","null","null","null",10,"2"
"SI","2012-08-14","97.6","null","null","Joe Kelly",572253,523260,"null","called_strike",,,,,"7","null","R","L","R","STL","ARI","S","null","null",0,0,2012,"-1.7916500000000000","1.27213333333333333333","-0.3560","2.0150","null","null","null",2,2,"Top","null","null",,,"null",,"null",,,,,,,"3.5900","1.7100","null","null","null","null","null","null",319463,"null","null","null","null","null","null","null","null","null","null","null","null","null","null","null","null","null",10,"1"
"CH","2012-08-14","84.8","null","null","Joe Kelly",471083,523260,"grounded_into_double_play","hit_into_play",,,,,"13","Miguel Montero grounds into a double play, second baseman Skip Schumaker to shortstop Rafael Furcal to first baseman Allen Craig.   Justin Upton out at 2nd.","R","L","R","STL","ARI","X","4","ground_ball",0,1,2012,"-1.8487083333333333","0.31323333333333333333","-1.0560","2.0270","null","null","457708.00",0,2,"Top","141.57","153.61",,,"null",,"null",,,,,,,"3.3600","1.4900","null","null","null","null","null","null",319463,"null","null","null","null","null","null","null","null","null","null","null","null","0.00",1,0,0,"null",9,"2"
"SI","2012-08-14","94.8","null","null","Joe Kelly",471083,523260,"null","called_strike",,,,,"8","null","R","L","R","STL","ARI","S","null","null",0,0,2012,"-1.5035750000000000","0.95823333333333333333","-0.2710","1.6930","null","null","457708.00",0,2,"Top","null","null",,,"null",,"null",,,,,,,"3.5000","1.4900","null","null","null","null","null","null",319463,"null","null","null","null","null","null","null","null","null","null","null","null","null","null","null","null","null",9,"1"
"SI","2012-08-14","96.5","null","null","Joe Kelly",457708,523260,"single","hit_into_play_no_out",,,,,"8","Justin Upton singles on a ground ball to center fielder Jon Jay.","R","R","R","STL","ARI","X","null","ground_ball",2,1,2012,"-1.7833000000000000","1.03133333333333333333","-0.2090","2.1980","null","null","null",0,2,"Top","108.43","74.30",,,"null",,"null",,,,,,,"3.6300","1.6300","null","null","null","null","null","null",319463,"null","null","null","null","null","null","null","null","null","null","null","null","0.90",1,1,0,"null",8,"4"
"SI","2012-08-14","96.5","null","null","Joe Kelly",457708,523260,"null","called_strike",,,,,"9","null","R","R","R","STL","ARI","S","null","null",2,0,2012,"-1.7944333333333333","0.98116666666666666667","0.3980","1.6580","null","null","null",0,2,"Top","null","null",,,"null",,"null",,,,,,,"3.6400","1.6300","null","null","null","null","null","null",319463,"null","null","null","null","null","null","null","null","null","null","null","null","null","null","null","null","null",8,"3"
"SI","2012-08-14","95.8","null","null","Joe Kelly",457708,523260,"null","ball",,,,,"14","null","R","R","R","STL","ARI","B","null","null",1,0,2012,"-1.7666000000000000","1.05856666666666666667","1.6540","2.3740","null","null","null",0,2,"Top","null","null",,,"null",,"null",,,,,,,"3.6000","1.6300","null","null","null","null","null","null",319463,"null","null","null","null","null","null","null","null","null","null","null","null","null","null","null","null","null",8,"2"
"SI","2012-08-14","96.2","null","null","Joe Kelly",457708,523260,"null","ball",,,,,"8","null","R","R","R","STL","ARI","B","null","null",0,0,2012,"-1.3310083333333333","1.11016666666666666667","0.1530","1.5790","null","null","null",0,2,"Top","null","null",,,"null",,"null",,,,,,,"3.6400","1.6300","null","null","null","null","null","null",319463,"null","null","null","null","null","null","null","null","null","null","null","null","null","null","null","null","null",8,"1"
"CH","2012-08-14","84.1","null","null","Joe Kelly",502671,523260,"strikeout","swinging_strike",,,,,"13","Paul Goldschmidt strikes out swinging.","R","R","R","STL","ARI","S","null","null",2,2,2012,"-1.6761416666666667","0.26736666666666666667","-1.8810","2.3000","null","430585.00","null",2,1,"Top","null","null",,,"null",,"null",,,,,,,"3.3500","1.5600","null","null","null","null","null","null",319463,"null","null","null","null","null","null","null","null","null","null","null","null","0.00",1,0,0,"null",4,"5"
"SL","2012-08-14","84.1","null","null","Joe Kelly",502671,523260,"null","blocked_ball",,,,,"14","null","R","R","R","STL","ARI","B","null","null",1,2,2012,"0.56861666666666666667","-0.00210000000000000000","0.1070","0.8910","null","430585.00","null",2,1,"Top","null","null",,,"null",,"null",,,,,,,"3.5100","1.5600","null","null","null","null","null","null",319463,"null","null","null","null","null","null","null","null","null","null","null","null","null","null","null","null","null",4,"4"
"SI","2012-08-14","94.8","null","null","Joe Kelly",502671,523260,"null","foul",,,,,"7","null","R","R","R","STL","ARI","S","null","null",1,1,2012,"-1.5773333333333333","1.04996666666666666667","-0.5180","1.6870","null","430585.00","null",2,1,"Top","null","null",,,"null",,"null",,,,,,,"3.3500","1.5600","null","null","null","null","null","null",319463,"null","null","null","null","null","null","null","null","null","null","null","null","null","null","null","null","null",4,"3"
"SL","2012-08-14","83.4","null","null","Joe Kelly",502671,523260,"null","blocked_ball",,,,,"14","null","R","R","R","STL","ARI","B","null","null",0,1,2012,"0.33899166666666666667","0.18280000000000000000","1.9760","0.8500","null","430585.00","null",2,1,"Top","null","null",,,"null",,"null",,,,,,,"3.4200","1.5600","null","null","null","null","null","null",319463,"null","null","null","null","null","null","null","null","null","null","null","null","null","null","null","null","null",4,"2"
"SI","2012-08-14","94.6","null","null","Joe Kelly",502671,523260,"null","called_strike",,,,,"2","null","R","R","R","STL","ARI","S","null","null",0,0,2012,"-1.4604333333333333","0.62570000000000000000","0.1050","3.0830","null","430585.00","null",2,1,"Top","null","null",,,"null",,"null",,,,,,,"3.4700","1.5600","null","null","null","null","null","null",319463,"null","null","null","null","null","null","null","null","null","null","null","null","null","null","null","null","null",4,"1"
"SI","2012-08-14","97.5","null","null","Joe Kelly",430585,523260,"double","hit_into_play_no_out",,,,,"1","Jason Kubel hits a ground-rule double (25) on a fly ball to left field.","R","L","R","STL","ARI","X","null","fly_ball",1,2,2012,"-1.7165000000000000","0.62856666666666666667","-0.5290","3.1880","null","null","null",2,1,"Top","52.21","64.26",,,"null",,"null",,,,,,,"3.3500","1.6100","null","null","null","null","null","null",319463,"null","null","null","null","null","null","null","null","null","null","null","null","1.25",1,1,1,"null",3,"4"
"SI","2012-08-14","96.9","null","null","Joe Kelly",430585,523260,"null","foul",,,,,"8","null","R","L","R","STL","ARI","S","null","null",1,1,2012,"-1.4381666666666667","1.09010000000000000000","0.0260","2.0710","null","null","null",2,1,"Top","null","null",,,"null",,"null",,,,,,,"3.3500","1.6100","null","null","null","null","null","null",319463,"null","null","null","null","null","null","null","null","null","null","null","null","null","null","null","null","null",3,"3"
"SI","2012-08-14","96.3","null","null","Joe Kelly",430585,523260,"null","ball",,,,,"9","null","R","L","R","STL","ARI","B","null","null",0,1,2012,"-1.4506916666666667","1.01556666666666666667","0.3910","1.5910","null","null","null",2,1,"Top","null","null",,,"null",,"null",,,,,,,"3.4300","1.6100","null","null","null","null","null","null",319463,"null","null","null","null","null","null","null","null","null","null","null","null","null","null","null","null","null",3,"2"
"SI","2012-08-14","97.8","null","null","Joe Kelly",430585,523260,"null","called_strike",,,,,"8","null","R","L","R","STL","ARI","S","null","null",0,0,2012,"-1.7610333333333333","0.71886666666666666667","0.1060","2.1590","null","null","null",2,1,"Top","null","null",,,"null",,"null",,,,,,,"3.4200","1.7500","null","null","null","null","null","null",319463,"null","null","null","null","null","null","null","null","null","null","null","null","null","null","null","null","null",3,"1"
"SI","2012-08-14","95.8","null","null","Joe Kelly",431094,523260,"field_out","hit_into_play",,,,,"8","Aaron Hill grounds out, third baseman David Freese to first baseman Allen Craig.","R","R","R","STL","ARI","X","5","ground_ball",1,0,2012,"-1.5467166666666667","0.62856666666666666667","-0.2460","1.9500","null","null","null",1,1,"Top","106.43","172.69",,,"null",,"null",,,,,,,"3.2800","1.4700","null","null","null","null","null","null",319463,"null","null","null","null","null","null","null","null","null","null","null","null","0.00",1,0,0,"null",2,"2"
"SI","2012-08-14","97.4","null","null","Joe Kelly",431094,523260,"null","ball",,,,,"3","null","R","R","R","STL","ARI","B","null","null",0,0,2012,"-1.15148333333333333333","0.94246666666666666667","0.4010","3.1900","null","null","null",1,1,"Top","null","null",,,"null",,"null",,,,,,,"3.2000","1.4700","null","null","null","null","null","null",319463,"null","null","null","null","null","null","null","null","null","null","null","null","null","null","null","null","null",2,"1"
"SI","2012-08-14","97.1","null","null","Joe Kelly",452220,523260,"strikeout","called_strike",,,,,"6","Stephen Drew called out on strikes.","R","L","R","STL","ARI","S","null","null",3,2,2012,"-1.5996000000000000","0.97543333333333333333","0.4040","2.2560","null","null","null",0,1,"Top","null","null",,,"null",,"null",,,,,,,"3.4400","1.6500","null","null","null","null","null","null",319463,"null","null","null","null","null","null","null","null","null","null","null","null","0.00",1,0,0,"null",1,"6"
"CH","2012-08-14","86.2","null","null","Joe Kelly",452220,523260,"null","ball",,,,,"13","null","R","L","R","STL","ARI","B","null","null",2,2,2012,"-1.5439333333333333","0.38346666666666666667","-0.2500","1.5030","null","null","null",0,1,"Top","null","null",,,"null",,"null",,,,,,,"3.4500","1.6500","null","null","null","null","null","null",319463,"null","null","null","null","null","null","null","null","null","null","null","null","null","null","null","null","null",1,"5"
"CH","2012-08-14","86.4","null","null","Joe Kelly",452220,523260,"null","ball",,,,,"13","null","R","L","R","STL","ARI","B","null","null",1,2,2012,"-1.6831000000000000","0.81490000000000000000","-0.1580","0.6890","null","null","null",0,1,"Top","null","null",,,"null",,"null",,,,,,,"3.3500","1.6500","null","null","null","null","null","null",319463,"null","null","null","null","null","null","null","null","null","null","null","null","null","null","null","null","null",1,"4"
"SL","2012-08-14","82.1","null","null","Joe Kelly",452220,523260,"null","ball",,,,,"13","null","R","L","R","STL","ARI","B","null","null",0,2,2012,"0.71195833333333333333","-0.55823333333333333333","-1.4480","2.2510","null","null","null",0,1,"Top","null","null",,,"null",,"null",,,,,,,"3.3400","1.6500","null","null","null","null","null","null",319463,"null","null","null","null","null","null","null","null","null","null","null","null","null","null","null","null","null",1,"3"
"SI","2012-08-14","96.2","null","null","Joe Kelly",452220,523260,"null","foul",,,,,"4","null","R","L","R","STL","ARI","S","null","null",0,1,2012,"-1.2322000000000000","1.02416666666666666667","-0.2980","2.3880","null","null","null",0,1,"Top","null","null",,,"null",,"null",,,,,,,"3.4500","1.6500","null","null","null","null","null","null",319463,"null","null","null","null","null","null","null","null","null","null","null","null","null","null","null","null","null",1,"2"
"SI","2012-08-14","92.0","null","null","Joe Kelly",452220,523260,"null","called_strike",,,,,"4","null","R","L","R","STL","ARI","S","null","null",0,0,2012,"-1.7011916666666667","0.35766666666666666667","-0.5340","2.6820","null","null","null",0,1,"Top","null","null",,,"null",,"null",,,,,,,"3.2900","1.6500","null","null","null","null","null","null",319463,"null","null","null","null","null","null","null","null","null","null","null","null","null","null","null","null","null",1,"1"
"SI","2012-08-08","95.1","null","null","Joe Kelly",444135,523260,"field_error","hit_into_play_score",,,,,"1","Ryan Theriot reaches on a force attempt, fielding error by second baseman Tyler Greene.   Buster Posey scores.    Hunter Pence scores.    Brandon Belt to 3rd.","R","R","R","STL","SF","X","4","ground_ball",0,0,2012,"-1.6316083333333333","0.89086666666666666667","-0.7640","2.9240","457763.00","452254.00","474832.00",0,6,"Top","139.56","152.61",,,"null",,"null",,,,,,,"3.2900","1.4900","null","null","null","null","null","null",319394,"null","null","null","null","null","null","null","null","null","null","null","null","0.00",1,0,0,"null",42,"1"
"CH","2012-08-08","83.8","null","null","Joe Kelly",474832,523260,"single","hit_into_play_no_out",,,,,"13","Brandon Belt singles on a line drive to left fielder Matt Holliday.   Buster Posey to 3rd.    Hunter Pence to 2nd.","R","L","R","STL","SF","X","null","line_drive",1,0,2012,"-1.7443333333333333","0.22723333333333333333","-1.0330","2.0950","null","457763.00","452254.00",0,6,"Top","77.31","107.43",,,"null",,"null",,,,,,,"3.1900","1.4900","null","null","null","null","null","null",319394,"null","null","null","null","null","null","null","null","null","null","null","null","0.90",1,1,0,"null",41,"2"
"CH","2012-08-08","84.8","null","null","Joe Kelly",474832,523260,"null","ball",,,,,"13","null","R","L","R","STL","SF","B","null","null",0,0,2012,"-1.8709750000000000","0.63860000000000000000","-0.8170","1.3520","null","457763.00","452254.00",0,6,"Top","null","null",,,"null",,"null",,,,,,,"3.1600","1.5800","null","null","null","null","null","null",319394,"null","null","null","null","null","null","null","null","null","null","null","null","null","null","null","null","null",41,"1"
"SI","2012-08-08","94.6","null","null","Joe Kelly",452254,523260,"single","hit_into_play_score",,,,,"4","Hunter Pence singles on a sharp ground ball to center fielder Jon Jay.   Melky Cabrera scores.    Buster Posey to 2nd.","R","R","R","STL","SF","X","null","ground_ball",0,0,2012,"-1.6942333333333333","0.84786666666666666667","-0.8020","2.5300","null","466320.00","457763.00",0,6,"Top","123.49","90.36",,,"null",,"null",,,,,,,"3.5200","1.7200","null","null","null","null","null","null",319394,"null","null","null","null","null","null","null","null","null","null","null","null","0.90",1,1,0,"null",40,"1"
"CH","2012-08-08","85.3","null","null","Joe Kelly",457763,523260,"walk","ball",,,,,"9","Buster Posey walks.","R","R","R","STL","SF","B","null","null",3,1,2012,"-1.7902583333333333","0.21863333333333333333","0.5350","1.8360","null","466320.00","null",0,6,"Top","null","null",,,"null",,"null",,,,,,,"3.6600","1.6200","null","null","null","null","null","null",319394,"null","null","null","null","null","null","null","null","null","null","null","null","0.70",1,0,0,"null",39,"5"
"SI","2012-08-08","95.8","null","null","Joe Kelly",457763,523260,"null","called_strike",,,,,"4","null","R","R","R","STL","SF","S","null","null",3,0,2012,"-1.5968166666666667","0.91236666666666666667","-0.6060","2.8410","null","466320.00","null",0,6,"Top","null","null",,,"null",,"null",,,,,,,"3.7500","1.6300","null","null","null","null","null","null",319394,"null","null","null","null","null","null","null","null","null","null","null","null","null","null","null","null","null",39,"4"
"SI","2012-08-08","95.1","null","null","Joe Kelly",457763,523260,"null","ball",,,,,"13","null","R","R","R","STL","SF","B","null","null",2,0,2012,"-1.6121250000000000","0.98116666666666666667","-1.3690","2.0590","null","466320.00","null",0,6,"Top","null","null",,,"null",,"null",,,,,,,"3.5500","1.5000","null","null","null","null","null","null",319394,"null","null","null","null","null","null","null","null","null","null","null","null","null","null","null","null","null",39,"3"
"CH","2012-08-08","82.4","null","null","Joe Kelly",457763,523260,"null","ball",,,,,"13","null","R","R","R","STL","SF","B","null","null",1,0,2012,"-1.6747500000000000","0.30176666666666666667","-1.2490","1.6870","null","466320.00","null",0,6,"Top","null","null",,,"null",,"null",,,,,,,"3.6600","1.8300","null","null","null","null","null","null",319394,"null","null","null","null","null","null","null","null","null","null","null","null","null","null","null","null","null",39,"2"
"SI","2012-08-08","94.8","null","null","Joe Kelly",457763,523260,"null","ball",,,,,"13","null","R","R","R","STL","SF","B","null","null",0,0,2012,"-1.5007916666666667","0.60563333333333333333","-1.7200","2.4240","null","466320.00","null",0,6,"Top","null","null",,,"null",,"null",,,,,,,"3.6200","1.5800","null","null","null","null","null","null",319394,"null","null","null","null","null","null","null","null","null","null","null","null","null","null","null","null","null",39,"1"
"SI","2012-08-08","92.4","null","null","Joe Kelly",466320,523260,"double","hit_into_play_no_out",,,,,"13","Melky Cabrera doubles (24) on a line drive to left fielder Matt Holliday.","R","L","R","STL","SF","X","null","line_drive",1,0,2012,"-1.5383666666666667","0.32040000000000000000","-0.9110","2.4670","null","null","null",0,6,"Top","69.28","106.43",,,"null",,"null",,,,,,,"3.3700","1.6300","null","null","null","null","null","null",319394,"null","null","null","null","null","null","null","null","null","null","null","null","1.25",1,1,1,"null",38,"2"
"SI","2012-08-08","95.4","null","null","Joe Kelly",466320,523260,"null","ball",,,,,"11","null","R","L","R","STL","SF","B","null","null",0,0,2012,"-1.3588416666666667","0.58556666666666666667","-0.8360","3.4500","null","null","null",0,6,"Top","null","null",,,"null",,"null",,,,,,,"3.4600","1.7100","null","null","null","null","null","null",319394,"null","null","null","null","null","null","null","null","null","null","null","null","null","null","null","null","null",38,"1"
"SI","2012-08-08","97.8","null","null","Joe Kelly",340192,523260,"field_out","hit_into_play",,,,,"9","Marco Scutaro grounds out, shortstop Daniel Descalso to first baseman Matt Carpenter.","R","R","R","STL","SF","X","6","ground_ball",1,2,2012,"-1.2767333333333333","0.50386666666666666667","0.5720","1.8550","null","null","null",2,5,"Top","116.47","162.65",,,"null",,"null",,,,,,,"3.2500","1.5300","null","null","null","null","null","null",319394,"null","null","null","null","null","null","null","null","null","null","null","null","0.00",1,0,0,"null",34,"4"
"SI","2012-08-08","99.2","null","null","Joe Kelly",340192,523260,"null","ball",,,,,"14","null","R","R","R","STL","SF","B","null","null",0,2,2012,"-1.3644083333333333","1.10156666666666666667","0.8270","1.2860","null","null","null",2,5,"Top","null","null",,,"null",,"null",,,,,,,"3.2700","1.5100","null","null","null","null","null","null",319394,"null","null","null","null","null","null","null","null","null","null","null","null","null","null","null","null","null",34,"3"
"SI","2012-08-08","98.3","null","null","Joe Kelly",340192,523260,"null","called_strike",,,,,"3","null","R","R","R","STL","SF","S","null","null",0,1,2012,"-1.3922416666666667","0.55833333333333333333","0.2860","2.8710","null","null","null",2,5,"Top","null","null",,,"null",,"null",,,,,,,"3.2200","1.5500","null","null","null","null","null","null",319394,"null","null","null","null","null","null","null","null","null","null","null","null","null","null","null","null","null",34,"2"
"SI","2012-08-08","98.5","null","null","Joe Kelly",340192,523260,"null","called_strike",,,,,"4","null","R","R","R","STL","SF","S","null","null",0,0,2012,"-1.3087416666666667","1.17180000000000000000","-0.7360","2.5680","null","null","null",2,5,"Top","null","null",,,"null",,"null",,,,,,,"3.2900","1.4600","null","null","null","null","null","null",319394,"null","null","null","null","null","null","null","null","null","null","null","null","null","null","null","null","null",34,"1"
"SI","2012-08-08","95.9","null","null","Joe Kelly",434636,523260,"field_out","hit_into_play",,,,,"5","Angel Pagan grounds out sharply, shortstop Daniel Descalso to first baseman Matt Carpenter.","R","L","R","STL","SF","X","6","ground_ball",0,0,2012,"-1.5188833333333333","0.76903333333333333333","-0.1660","2.0220","null","null","null",1,5,"Top","107.43","155.62",,,"null",,"null",,,,,,,"3.1000","1.4900","null","null","null","null","null","null",319394,"null","null","null","null","null","null","null","null","null","null","null","null","0.00",1,0,0,"null",33,"1"
"SI","2012-08-08","95.1","null","null","Joe Kelly",285064,523260,"field_out","hit_into_play",,,,,"11","Ryan Vogelsong grounds out softly, second baseman Tyler Greene to first baseman Matt Carpenter.","R","R","R","STL","SF","X","4","ground_ball",2,2,2012,"-1.2683833333333333","0.73176666666666666667","-1.3140","3.2420","null","null","null",0,5,"Top","139.56","154.62",,,"null",,"null",,,,,,,"3.4500","1.5700","null","null","null","null","null","null",319394,"null","null","null","null","null","null","null","null","null","null","null","null","0.00",1,0,0,"null",32,"6"
"SI","2012-08-08","95.2","null","null","Joe Kelly",285064,523260,"null","foul",,,,,"1","null","R","R","R","STL","SF","S","null","null",2,2,2012,"-0.99700833333333333333","1.03420000000000000000","-0.7760","3.2570","null","null","null",0,5,"Top","null","null",,,"null",,"null",,,,,,,"3.4500","1.5700","null","null","null","null","null","null",319394,"null","null","null","null","null","null","null","null","null","null","null","null","null","null","null","null","null",32,"5"
"SL","2012-08-08","81.1","null","null","Joe Kelly",285064,523260,"null","ball",,,,,"3","null","R","R","R","STL","SF","B","null","null",1,2,2012,"0.58531666666666666667","-0.42636666666666666667","0.8060","3.1970","null","null","null",0,5,"Top","null","null",,,"null",,"null",,,,,,,"3.3500","1.4700","null","null","null","null","null","null",319394,"null","null","null","null","null","null","null","null","null","null","null","null","null","null","null","null","null",32,"4"
"SI","2012-08-08","95.7","null","null","Joe Kelly",285064,523260,"null","foul",,,,,"6","null","R","R","R","STL","SF","S","null","null",1,1,2012,"-1.4813083333333333","0.77046666666666666667","0.3730","2.1790","null","null","null",0,5,"Top","null","null",,,"null",,"null",,,,,,,"3.4500","1.5700","null","null","null","null","null","null",319394,"null","null","null","null","null","null","null","null","null","null","null","null","null","null","null","null","null",32,"3"
"SI","2012-08-08","93.1","null","null","Joe Kelly",285064,523260,"null","called_strike",,,,,"8","null","R","R","R","STL","SF","S","null","null",1,0,2012,"-1.09581666666666666667","0.84356666666666666667","-0.2030","1.8280","null","null","null",0,5,"Top","null","null",,,"null",,"null",,,,,,,"3.5800","1.5500","null","null","null","null","null","null",319394,"null","null","null","null","null","null","null","null","null","null","null","null","null","null","null","null","null",32,"2"
"SI","2012-08-08","92.5","null","null","Joe Kelly",285064,523260,"null","ball",,,,,"8","null","R","R","R","STL","SF","B","null","null",0,0,2012,"-1.04432500000000000000","0.84213333333333333333","-0.1360","1.3790","null","null","null",0,5,"Top","null","null",,,"null",,"null",,,,,,,"3.5100","1.4700","null","null","null","null","null","null",319394,"null","null","null","null","null","null","null","null","null","null","null","null","null","null","null","null","null",32,"1"
"CH","2012-08-08","85.1","null","null","Joe Kelly",543063,523260,"field_out","hit_into_play",,,,,"8","Brandon Crawford grounds out sharply to first baseman Matt Carpenter.","R","L","R","STL","SF","X","3","ground_ball",2,2,2012,"-1.4270333333333333","0.34333333333333333333","0.0860","1.9160","null","474832.00","null",2,4,"Top","152.61","163.65",,,"null",,"null",,,,,,,"3.1600","1.3900","null","null","null","null","null","null",319394,"null","null","null","null","null","null","null","null","null","null","null","null","0.00",1,0,0,"null",26,"7"
"SI","2012-08-08","96.1","null","null","Joe Kelly",543063,523260,"null","ball",,,,,"12","null","R","L","R","STL","SF","B","null","null",1,2,2012,"-1.5801166666666667","0.70023333333333333333","0.9270","3.0350","null","474832.00","null",2,4,"Top","null","null",,,"null",,"null",,,,,,,"3.0500","1.3000","null","null","null","null","null","null",319394,"null","null","null","null","null","null","null","null","null","null","null","null","null","null","null","null","null",26,"6"
"SL","2012-08-08","79.2","null","null","Joe Kelly",543063,523260,"null","ball",,,,,"13","null","R","L","R","STL","SF","B","null","null",0,2,2012,"0.69943333333333333333","-1.0355333333333333","-2.0370","2.0270","null","474832.00","null",2,4,"Top","null","null",,,"null",,"null",,,,,,,"3.1600","1.2900","null","null","null","null","null","null",319394,"null","null","null","null","null","null","null","null","null","null","null","null","null","null","null","null","null",26,"5"
"SI","2012-08-08","95.2","null","null","Joe Kelly",543063,523260,"null","foul",,,,,"2","null","R","L","R","STL","SF","S","null","null",0,2,2012,"-1.08746666666666666667","1.04423333333333333333","-0.0450","2.8170","null","474832.00","null",2,4,"Top","null","null",,,"null",,"null",,,,,,,"3.1600","1.3900","null","null","null","null","null","null",319394,"null","null","null","null","null","null","null","null","null","null","null","null","null","null","null","null","null",26,"4"
"SI","2012-08-08","96.6","null","null","Joe Kelly",543063,523260,"null","foul",,,,,"5","null","R","L","R","STL","SF","S","null","null",0,2,2012,"-1.5049666666666667","1.4183333333333333","0.0170","2.1320","null","474832.00","null",2,4,"Top","null","null",,,"null",,"null",,,,,,,"3.1600","1.3900","null","null","null","null","null","null",319394,"null","null","null","null","null","null","null","null","null","null","null","null","null","null","null","null","null",26,"3"
"SL","2012-08-08","80.6","null","null","Joe Kelly",543063,523260,"null","called_strike",,,,,"4","null","R","L","R","STL","SF","S","null","null",0,1,2012,"0.52686666666666666667","-0.86210000000000000000","-0.5280","2.2810","null","474832.00","null",2,4,"Top","null","null",,,"null",,"null",,,,,,,"3.1300","1.2000","null","null","null","null","null","null",319394,"null","null","null","null","null","null","null","null","null","null","null","null","null","null","null","null","null",26,"2"
"CH","2012-08-08","84.7","null","null","Joe Kelly",543063,523260,"null","swinging_strike",,,,,"8","null","R","L","R","STL","SF","S","null","null",0,0,2012,"-1.7805166666666667","0.28886666666666666667","0.1580","1.7080","null","474832.00","null",2,4,"Top","null","null",,,"null",,"null",,,,,,,"3.1600","1.3900","null","null","null","null","null","null",319394,"null","null","null","null","null","null","null","null","null","null","null","null","null","null","null","null","null",26,"1"
"SI","2012-08-08","96.2","null","null","Joe Kelly",444135,523260,"strikeout","called_strike",,,,,"12","Ryan Theriot called out on strikes.","R","R","R","STL","SF","S","null","null",2,2,2012,"-1.4005916666666667","1.21623333333333333333","0.8330","3.1460","null","474832.00","null",1,4,"Top","null","null",,,"null",,"null",,,,,,,"3.3400","1.4600","null","null","null","null","null","null",319394,"null","null","null","null","null","null","null","null","null","null","null","null","0.00",1,0,0,"null",25,"9"
"SI","2012-08-08","95.0","null","null","Joe Kelly",444135,523260,"null","foul",,,,,"11","null","R","R","R","STL","SF","S","null","null",2,2,2012,"-1.3031750000000000","0.68303333333333333333","-0.9520","3.3960","null","474832.00","null",1,4,"Top","null","null",,,"null",,"null",,,,,,,"3.2900","1.4900","null","null","null","null","null","null",319394,"null","null","null","null","null","null","null","null","null","null","null","null","null","null","null","null","null",25,"8"
"SI","2012-08-08","93.3","null","null","Joe Kelly",444135,523260,"null","foul",,,,,"11","null","R","R","R","STL","SF","S","null","null",2,2,2012,"-1.3129166666666667","0.76473333333333333333","-1.7910","2.6360","null","474832.00","null",1,4,"Top","null","null",,,"null",,"null",,,,,,,"3.2900","1.4900","null","null","null","null","null","null",319394,"null","null","null","null","null","null","null","null","null","null","null","null","null","null","null","null","null",25,"7"
"SI","2012-08-08","97.8","null","null","Joe Kelly",444135,523260,"null","foul",,,,,"3","null","R","R","R","STL","SF","S","null","null",2,2,2012,"-1.5467166666666667","1.02273333333333333333","0.5140","2.7780","null","474832.00","null",1,4,"Top","null","null",,,"null",,"null",,,,,,,"3.2900","1.4900","null","null","null","null","null","null",319394,"null","null","null","null","null","null","null","null","null","null","null","null","null","null","null","null","null",25,"6"
"SL","2012-08-08","81.0","null","null","Joe Kelly",444135,523260,"null","foul",,,,,"11","null","R","R","R","STL","SF","S","null","null",2,2,2012,"0.64098333333333333333","-0.28590000000000000000","-0.8720","2.5770","null","474832.00","null",1,4,"Top","null","null",,,"null",,"null",,,,,,,"3.2900","1.4900","null","null","null","null","null","null",319394,"null","null","null","null","null","null","null","null","null","null","null","null","null","null","null","null","null",25,"5"
"SI","2012-08-08","95.0","null","null","Joe Kelly",444135,523260,"null","foul",,,,,"13","null","R","R","R","STL","SF","S","null","null",2,1,2012,"-1.5787250000000000","0.75326666666666666667","-1.1220","2.3670","null","474832.00","null",1,4,"Top","null","null",,,"null",,"null",,,,,,,"3.2900","1.4900","null","null","null","null","null","null",319394,"null","null","null","null","null","null","null","null","null","null","null","null","null","null","null","null","null",25,"4"
"SL","2012-08-08","79.6","null","null","Joe Kelly",444135,523260,"null","called_strike",,,,,"5","null","R","R","R","STL","SF","S","null","null",2,0,2012,"0.64794166666666666667","-0.18126666666666666667","0.1050","2.6310","null","474832.00","null",1,4,"Top","null","null",,,"null",,"null",,,,,,,"3.4300","1.4700","null","null","null","null","null","null",319394,"null","null","null","null","null","null","null","null","null","null","null","null","null","null","null","null","null",25,"3"
"SI","2012-08-08","95.0","null","null","Joe Kelly",444135,523260,"null","blocked_ball",,,,,"13","null","R","R","R","STL","SF","B","null","null",1,0,2012,"-1.7220666666666667","1.12736666666666666667","-1.2570","1.4710","null","474832.00","null",1,4,"Top","null","null",,,"null",,"null",,,,,,,"3.4700","1.4700","null","null","null","null","null","null",319394,"null","null","null","null","null","null","null","null","null","null","null","null","null","null","null","null","null",25,"2"
"SL","2012-08-08","79.8","null","null","Joe Kelly",444135,523260,"null","ball",,,,,"14","null","R","R","R","STL","SF","B","null","null",0,0,2012,"0.76901666666666666667","0.18996666666666666667","2.0040","2.1950","null","474832.00","null",1,4,"Top","null","null",,,"null",,"null",,,,,,,"3.4600","1.4600","null","null","null","null","null","null",319394,"null","null","null","null","null","null","null","null","null","null","null","null","null","null","null","null","null",25,"1"
"SI","2012-08-08","95.4","null","null","Joe Kelly",474832,523260,"double","hit_into_play_no_out",,,,,"5","Brandon Belt doubles (16) on a line drive to center fielder Jon Jay.","R","L","R","STL","SF","X","null","line_drive",1,0,2012,"-1.3922416666666667","1.09583333333333333333","0.1960","2.1530","null","null","null",1,4,"Top","151.61","62.25",,,"null",,"null",,,,,,,"3.1900","1.4900","null","null","null","null","null","null",319394,"null","null","null","null","null","null","null","null","null","null","null","null","1.25",1,1,1,"null",24,"2"
"CH","2012-08-08","86.4","null","null","Joe Kelly",474832,523260,"null","ball",,,,,"8","null","R","L","R","STL","SF","B","null","null",0,0,2012,"-1.9391666666666667","0.33043333333333333333","0.1020","1.5360","null","null","null",1,4,"Top","null","null",,,"null",,"null",,,,,,,"3.2700","1.4500","null","null","null","null","null","null",319394,"null","null","null","null","null","null","null","null","null","null","null","null","null","null","null","null","null",24,"1"
"SI","2012-08-08","94.2","null","null","Joe Kelly",452254,523260,"field_out","hit_into_play",,,,,"1","Hunter Pence flies out to center fielder Jon Jay.","R","R","R","STL","SF","X","8","fly_ball",2,0,2012,"-1.5648083333333333","1.14600000000000000000","-0.7910","3.0860","null","null","null",0,4,"Top","87.35","79.32",,,"null",,"null",,,,,,,"3.5200","1.7200","null","null","null","null","null","null",319394,"null","null","null","null","null","null","null","null","null","null","null","null","0.00",1,0,0,"null",23,"3"
"SI","2012-08-08","94.3","null","null","Joe Kelly",452254,523260,"null","ball",,,,,"13","null","R","R","R","STL","SF","B","null","null",1,0,2012,"-1.6705750000000000","0.99263333333333333333","-1.7840","2.5350","null","null","null",0,4,"Top","null","null",,,"null",,"null",,,,,,,"3.6700","1.7800","null","null","null","null","null","null",319394,"null","null","null","null","null","null","null","null","null","null","null","null","null","null","null","null","null",23,"2"
"SL","2012-08-08","80.1","null","null","Joe Kelly",452254,523260,"null","ball",,,,,"14","null","R","R","R","STL","SF","B","null","null",0,0,2012,"0.61454166666666666667","-0.02790000000000000000","1.2270","1.4820","null","null","null",0,4,"Top","null","null",,,"null",,"null",,,,,,,"3.5400","1.5800","null","null","null","null","null","null",319394,"null","null","null","null","null","null","null","null","null","null","null","null","null","null","null","null","null",23,"1"
"SI","2012-08-08","95.3","null","null","Joe Kelly",457763,523260,"grounded_into_double_play","hit_into_play",,,,,"13","Buster Posey grounds into a double play, shortstop Daniel Descalso to second baseman Tyler Greene to first baseman Matt Carpenter.   Marco Scutaro out at 2nd.","R","R","R","STL","SF","X","6","ground_ball",0,0,2012,"-1.5954250000000000","1.02416666666666666667","-1.0820","2.2950","null","null","340192.00",1,3,"Top","108.43","155.62",,,"null",,"null",,,,,,,"3.4800","1.6400","null","null","null","null","null","null",319394,"null","null","null","null","null","null","null","null","null","null","null","null","0.00",1,0,0,"null",19,"1"
"CH","2012-08-08","83.5","null","null","Joe Kelly",466320,523260,"field_out","hit_into_play",,,,,"7","Melky Cabrera pops out to third baseman David Freese.","R","L","R","STL","SF","X","5","popup",0,1,2012,"-1.5467166666666667","0.48380000000000000000","-0.4150","1.6120","null","null","340192.00",0,3,"Top","100.40","169.68",,,"null",,"null",,,,,,,"3.3700","1.6300","null","null","null","null","null","null",319394,"null","null","null","null","null","null","null","null","null","null","null","null","0.00",1,0,0,"null",18,"2"
"SI","2012-08-08","95.3","null","null","Joe Kelly",466320,523260,"null","foul",,,,,"5","null","R","L","R","STL","SF","S","null","null",0,0,2012,"-1.4172916666666667","0.94533333333333333333","-0.1520","2.3320","null","null","340192.00",0,3,"Top","null","null",,,"null",,"null",,,,,,,"3.3700","1.6300","null","null","null","null","null","null",319394,"null","null","null","null","null","null","null","null","null","null","null","null","null","null","null","null","null",18,"1"
"SI","2012-08-08","94.4","null","null","Joe Kelly",340192,523260,"single","hit_into_play_score",,,,,"14","Marco Scutaro singles on a ground ball to right fielder Carlos Beltran.   Angel Pagan scores.","R","R","R","STL","SF","X","null","ground_ball",1,0,2012,"-1.14591666666666666667","1.12880000000000000000","0.0430","1.3960","434636.00","null","null",0,3,"Top","169.68","114.46",,,"null",,"null",,,,,,,"3.2500","1.5300","null","null","null","null","null","null",319394,"null","null","null","null","null","null","null","null","null","null","null","null","0.90",1,1,0,"null",17,"2"
"SL","2012-08-08","79.7","null","null","Joe Kelly",340192,523260,"null","ball",,,,,"11","null","R","R","R","STL","SF","B","null","null",0,0,2012,"0.45450000000000000000","-0.47940000000000000000","-1.0480","4.0080","434636.00","null","null",0,3,"Top","null","null",,,"null",,"null",,,,,,,"3.2500","1.4700","null","null","null","null","null","null",319394,"null","null","null","null","null","null","null","null","null","null","null","null","null","null","null","null","null",17,"1"
"SI","2012-08-08","95.5","null","null","Joe Kelly",434636,523260,"single","hit_into_play_no_out",,,,,"9","Angel Pagan singles on a ground ball to shortstop Daniel Descalso, deflected by second baseman Tyler Greene.","R","L","R","STL","SF","X","4","ground_ball",1,2,2012,"-1.4827000000000000","1.3309000000000000","0.5060","1.7710","null","null","null",0,3,"Top","143.57","155.62",,,"null",,"null",,,,,,,"3.1000","1.4900","null","null","null","null","null","null",319394,"null","null","null","null","null","null","null","null","null","null","null","null","0.90",1,1,0,"null",16,"6"
"CH","2012-08-08","83.5","null","null","Joe Kelly",434636,523260,"null","foul",,,,,"13","null","R","L","R","STL","SF","S","null","null",1,2,2012,"-1.8000000000000000","0.57840000000000000000","-0.9000","2.0080","null","null","null",0,3,"Top","null","null",,,"null",,"null",,,,,,,"3.1000","1.4900","null","null","null","null","null","null",319394,"null","null","null","null","null","null","null","null","null","null","null","null","null","null","null","null","null",16,"5"
"SL","2012-08-08","81.5","null","null","Joe Kelly",434636,523260,"null","ball",,,,,"7","null","R","L","R","STL","SF","B","null","null",0,2,2012,"0.48233333333333333333","-0.75316666666666666667","-0.7420","1.3680","null","null","null",0,3,"Top","null","null",,,"null",,"null",,,,,,,"3.0700","1.4100","null","null","null","null","null","null",319394,"null","null","null","null","null","null","null","null","null","null","null","null","null","null","null","null","null",16,"4"
"CH","2012-08-08","84.9","null","null","Joe Kelly",434636,523260,"null","foul",,,,,"13","null","R","L","R","STL","SF","S","null","null",0,2,2012,"-1.6608333333333333","0.52106666666666666667","-1.2410","1.7620","null","null","null",0,3,"Top","null","null",,,"null",,"null",,,,,,,"3.1000","1.4900","null","null","null","null","null","null",319394,"null","null","null","null","null","null","null","null","null","null","null","null","null","null","null","null","null",16,"3"
"SI","2012-08-08","94.7","null","null","Joe Kelly",434636,523260,"null","called_strike",,,,,"14","null","R","L","R","STL","SF","S","null","null",0,1,2012,"-1.3671916666666667","1.19616666666666666667","0.9100","2.1670","null","null","null",0,3,"Top","null","null",,,"null",,"null",,,,,,,"3.0800","1.4100","null","null","null","null","null","null",319394,"null","null","null","null","null","null","null","null","null","null","null","null","null","null","null","null","null",16,"2"
"SI","2012-08-08","95.5","null","null","Joe Kelly",434636,523260,"null","called_strike",,,,,"4","null","R","L","R","STL","SF","S","null","null",0,0,2012,"-1.8417500000000000","0.82780000000000000000","-0.5390","2.0740","null","null","null",0,3,"Top","null","null",,,"null",,"null",,,,,,,"3.0800","1.4500","null","null","null","null","null","null",319394,"null","null","null","null","null","null","null","null","null","null","null","null","null","null","null","null","null",16,"1"
"SI","2012-08-08","98.1","null","null","Joe Kelly",285064,523260,"field_out","hit_into_play",,,,,"5","Ryan Vogelsong grounds out, second baseman Tyler Greene to first baseman Matt Carpenter.","R","R","R","STL","SF","X","4","ground_ball",0,1,2012,"-1.6775333333333333","0.85503333333333333333","0.0230","2.7340","null","null","null",2,2,"Top","140.56","157.63",,,"null",,"null",,,,,,,"3.4500","1.5700","null","null","null","null","null","null",319394,"null","null","null","null","null","null","null","null","null","null","null","null","0.00",1,0,0,"null",12,"2"
"SI","2012-08-08","94.5","null","null","Joe Kelly",285064,523260,"null","called_strike",,,,,"7","null","R","R","R","STL","SF","S","null","null",0,0,2012,"-1.3212666666666667","1.15173333333333333333","-0.4550","1.9110","null","null","null",2,2,"Top","null","null",,,"null",,"null",,,,,,,"3.5600","1.4700","null","null","null","null","null","null",319394,"null","null","null","null","null","null","null","null","null","null","null","null","null","null","null","null","null",12,"1"
"CH","2012-08-08","86.7","null","null","Joe Kelly",543063,523260,"field_out","hit_into_play",,,,,"4","Brandon Crawford grounds out, second baseman Tyler Greene to first baseman Matt Carpenter.","R","L","R","STL","SF","X","4","ground_ball",1,2,2012,"-1.8681916666666667","0.48810000000000000000","-0.4100","2.1820","null","null","null",1,2,"Top","144.58","156.63",,,"null",,"null",,,,,,,"3.1600","1.3900","null","null","null","null","null","null",319394,"null","null","null","null","null","null","null","null","null","null","null","null","0.00",1,0,0,"null",11,"4"
"SL","2012-08-08","82.0","null","null","Joe Kelly",543063,523260,"null","ball",,,,,"13","null","R","L","R","STL","SF","B","null","null",0,2,2012,"0.44754166666666666667","-0.9739000000000000","-0.1660","0.4730","null","null","null",1,2,"Top","null","null",,,"null",,"null",,,,,,,"3.1400","1.3400","null","null","null","null","null","null",319394,"null","null","null","null","null","null","null","null","null","null","null","null","null","null","null","null","null",11,"3"
"SI","2012-08-08","94.7","null","null","Joe Kelly",543063,523260,"null","called_strike",,,,,"6","null","R","L","R","STL","SF","S","null","null",0,1,2012,"-1.2906500000000000","1.02130000000000000000","0.8150","2.3050","null","null","null",1,2,"Top","null","null",,,"null",,"null",,,,,,,"3.2500","1.4600","null","null","null","null","null","null",319394,"null","null","null","null","null","null","null","null","null","null","null","null","null","null","null","null","null",11,"2"
"SI","2012-08-08","96.7","null","null","Joe Kelly",543063,523260,"null","called_strike",,,,,"7","null","R","L","R","STL","SF","S","null","null",0,0,2012,"-1.9503000000000000","0.72603333333333333333","-0.6610","1.8070","null","null","null",1,2,"Top","null","null",,,"null",,"null",,,,,,,"3.2900","1.5000","null","null","null","null","null","null",319394,"null","null","null","null","null","null","null","null","null","null","null","null","null","null","null","null","null",11,"1"
"SI","2012-08-08","95.3","null","null","Joe Kelly",444135,523260,"field_out","hit_into_play",,,,,"8","Ryan Theriot grounds out, shortstop Daniel Descalso to first baseman Matt Carpenter.","R","R","R","STL","SF","X","6","ground_ball",2,1,2012,"-1.7930416666666667","0.71600000000000000000","-0.1450","1.8980","null","null","null",0,2,"Top","115.46","162.65",,,"null",,"null",,,,,,,"3.2900","1.4900","null","null","null","null","null","null",319394,"null","null","null","null","null","null","null","null","null","null","null","null","0.00",1,0,0,"null",10,"4"
"SI","2012-08-08","93.0","null","null","Joe Kelly",444135,523260,"null","foul",,,,,"13","null","R","R","R","STL","SF","S","null","null",2,0,2012,"-1.7332000000000000","1.17610000000000000000","-0.9950","2.3810","null","null","null",0,2,"Top","null","null",,,"null",,"null",,,,,,,"3.2900","1.4900","null","null","null","null","null","null",319394,"null","null","null","null","null","null","null","null","null","null","null","null","null","null","null","null","null",10,"3"
"SI","2012-08-08","94.0","null","null","Joe Kelly",444135,523260,"null","ball",,,,,"7","null","R","R","R","STL","SF","B","null","null",1,0,2012,"-1.5244500000000000","1.25063333333333333333","-0.3300","1.5560","null","null","null",0,2,"Top","null","null",,,"null",,"null",,,,,,,"3.5800","1.5000","null","null","null","null","null","null",319394,"null","null","null","null","null","null","null","null","null","null","null","null","null","null","null","null","null",10,"2"
"SI","2012-08-08","94.4","null","null","Joe Kelly",444135,523260,"null","ball",,,,,"12","null","R","R","R","STL","SF","B","null","null",0,0,2012,"-1.4966166666666667","1.4513000000000000","1.0360","3.1800","null","null","null",0,2,"Top","null","null",,,"null",,"null",,,,,,,"3.4700","1.4700","null","null","null","null","null","null",319394,"null","null","null","null","null","null","null","null","null","null","null","null","null","null","null","null","null",10,"1"
"SI","2012-08-08","94.9","null","null","Joe Kelly",474832,523260,"field_out","hit_into_play",,,,,"7","Brandon Belt flies out to left fielder Matt Holliday.","R","L","R","STL","SF","X","7","fly_ball",1,2,2012,"-1.19740833333333333333","0.99550000000000000000","-0.5800","1.8560","null","457763.00","452254.00",2,1,"Top","31.12","100.40",,,"null",,"null",,,,,,,"3.1900","1.4900","null","null","null","null","null","null",319394,"null","null","null","null","null","null","null","null","null","null","null","null","0.00",1,0,0,"null",6,"4"
"CH","2012-08-08","84.8","null","null","Joe Kelly",474832,523260,"null","blocked_ball",,,,,"13","null","R","L","R","STL","SF","B","null","null",0,2,2012,"-1.6232583333333333","0.33616666666666666667","-1.0130","0.3960","null","457763.00","452254.00",2,1,"Top","null","null",,,"null",,"null",,,,,,,"3.1900","1.5400","null","null","null","null","null","null",319394,"null","null","null","null","null","null","null","null","null","null","null","null","null","null","null","null","null",6,"3"
"SI","2012-08-08","94.8","null","null","Joe Kelly",474832,523260,"null","foul",,,,,"11","null","R","L","R","STL","SF","S","null","null",0,1,2012,"-1.10555833333333333333","0.98690000000000000000","-0.3280","3.3140","null","457763.00","452254.00",2,1,"Top","null","null",,,"null",,"null",,,,,,,"3.1900","1.4900","null","null","null","null","null","null",319394,"null","null","null","null","null","null","null","null","null","null","null","null","null","null","null","null","null",6,"2"
"CH","2012-08-08","82.8","null","null","Joe Kelly",474832,523260,"null","foul",,,,,"13","null","R","L","R","STL","SF","S","null","null",0,0,2012,"-1.4548666666666667","0.31753333333333333333","-0.9150","1.8970","null","457763.00","452254.00",2,1,"Top","null","null",,,"null",,"null",,,,,,,"3.1900","1.4900","null","null","null","null","null","null",319394,"null","null","null","null","null","null","null","null","null","null","null","null","null","null","null","null","null",6,"1"
"SL","2012-08-08","81.1","null","null","Joe Kelly",452254,523260,"single","hit_into_play_score",,,,,"9","Hunter Pence singles on a ground ball to left fielder Matt Holliday, deflected by shortstop Daniel Descalso.   Melky Cabrera scores.    Buster Posey to 2nd.","R","R","R","STL","SF","X","6","ground_ball",2,2,2012,"0.40161666666666666667","-0.19560000000000000000","0.4520","1.9830","null","466320.00","457763.00",2,1,"Top","70.28","105.42",,,"null",,"null",,,,,,,"3.5200","1.7200","null","null","null","null","null","null",319394,"null","null","null","null","null","null","null","null","null","null","null","null","0.90",1,1,0,"null",5,"5"
"CH","2012-08-08","84.1","null","null","Joe Kelly",452254,523260,"null","blocked_ball",,,,,"13","null","R","R","R","STL","SF","B","null","null",1,2,2012,"-1.9516916666666667","0.52106666666666666667","-0.2310","-0.0570","null","466320.00","457763.00",2,1,"Top","null","null",,,"null",,"null",,,,,,,"3.4800","1.6600","null","null","null","null","null","null",319394,"null","null","null","null","null","null","null","null","null","null","null","null","null","null","null","null","null",5,"4"
"SI","2012-08-08","94.1","null","null","Joe Kelly",452254,523260,"null","foul",,,,,"13","null","R","R","R","STL","SF","S","null","null",1,1,2012,"-1.5133166666666667","0.82636666666666666667","-0.9050","1.9960","null","466320.00","457763.00",2,1,"Top","null","null",,,"null",,"null",,,,,,,"3.5200","1.7200","null","null","null","null","null","null",319394,"null","null","null","null","null","null","null","null","null","null","null","null","null","null","null","null","null",5,"3"
"SI","2012-08-08","94.5","null","null","Joe Kelly",452254,523260,"null","ball",,,,,"13","null","R","R","R","STL","SF","B","null","null",0,1,2012,"-1.4673916666666667","1.22913333333333333333","-1.0750","1.0720","null","466320.00","457763.00",2,1,"Top","null","null",,,"null",,"null",,,,,,,"3.6300","1.7900","null","null","null","null","null","null",319394,"null","null","null","null","null","null","null","null","null","null","null","null","null","null","null","null","null",5,"2"
"SL","2012-08-08","79.9","null","null","Joe Kelly",452254,523260,"null","swinging_strike",,,,,"14","null","R","R","R","STL","SF","S","null","null",0,0,2012,"0.61315000000000000000","-0.32030000000000000000","0.4330","1.2370","null","466320.00","457763.00",2,1,"Top","null","null",,,"null",,"null",,,,,,,"3.5200","1.7200","null","null","null","null","null","null",319394,"null","null","null","null","null","null","null","null","null","null","null","null","null","null","null","null","null",5,"1"
"SI","2012-08-08","94.1","null","null","Joe Kelly",457763,523260,"single","hit_into_play_no_out",,,,,"11","Buster Posey singles on a ground ball to left fielder Matt Holliday.   Melky Cabrera to 2nd.","R","R","R","STL","SF","X","null","ground_ball",0,0,2012,"-1.3254416666666667","1.00266666666666666667","-1.0560","3.0690","null","null","466320.00",2,1,"Top","71.29","106.43",,,"null",,"null",,,,,,,"3.4800","1.6400","null","null","null","null","null","null",319394,"null","null","null","null","null","null","null","null","null","null","null","null","0.90",1,1,0,"null",4,"1"
"CH","2012-08-08","85.6","null","null","Joe Kelly",466320,523260,"single","hit_into_play_no_out",,,,,"13","Melky Cabrera singles on a line drive to center fielder Jon Jay.","R","L","R","STL","SF","X","null","line_drive",0,2,2012,"-1.6497000000000000","-0.03506666666666666667","-0.9150","1.2450","null","null","null",2,1,"Top","124.50","91.37",,,"null",,"null",,,,,,,"3.3700","1.6300","null","null","null","null","null","null",319394,"null","null","null","null","null","null","null","null","null","null","null","null","0.90",1,1,0,"null",3,"4"
"SI","2012-08-08","96.1","null","null","Joe Kelly",466320,523260,"null","foul",,,,,"2","null","R","L","R","STL","SF","S","null","null",0,2,2012,"-1.5773333333333333","0.75470000000000000000","-0.2120","3.2830","null","null","null",2,1,"Top","null","null",,,"null",,"null",,,,,,,"3.3700","1.6300","null","null","null","null","null","null",319394,"null","null","null","null","null","null","null","null","null","null","null","null","null","null","null","null","null",3,"3"
"SL","2012-08-08","81.5","null","null","Joe Kelly",466320,523260,"null","foul",,,,,"5","null","R","L","R","STL","SF","S","null","null",0,1,2012,"0.38074166666666666667","-0.72593333333333333333","0.0390","2.2120","null","null","null",2,1,"Top","null","null",,,"null",,"null",,,,,,,"3.3700","1.6300","null","null","null","null","null","null",319394,"null","null","null","null","null","null","null","null","null","null","null","null","null","null","null","null","null",3,"2"
"SI","2012-08-08","95.1","null","null","Joe Kelly",466320,523260,"null","called_strike",,,,,"13","null","R","L","R","STL","SF","S","null","null",0,0,2012,"-1.5829000000000000","0.61280000000000000000","-1.1410","1.9400","null","null","null",2,1,"Top","null","null",,,"null",,"null",,,,,,,"3.4200","1.7200","null","null","null","null","null","null",319394,"null","null","null","null","null","null","null","null","null","null","null","null","null","null","null","null","null",3,"1"
"SI","2012-08-08","95.4","null","null","Joe Kelly",340192,523260,"strikeout","foul_tip",,,,,"8","Marco Scutaro strikes out on a foul tip.","R","R","R","STL","SF","S","null","null",2,2,2012,"-1.6775333333333333","0.55403333333333333333","0.1130","1.5200","null","null","null",1,1,"Top","null","null",,,"null",,"null",,,,,,,"3.2500","1.5300","null","null","null","null","null","null",319394,"null","null","null","null","null","null","null","null","null","null","null","null","0.00",1,0,0,"null",2,"5"
"SI","2012-08-08","98.0","null","null","Joe Kelly",340192,523260,"null","ball",,,,,"14","null","R","R","R","STL","SF","B","null","null",1,2,2012,"-1.4632166666666667","1.20906666666666666667","0.9270","2.0410","null","null","null",1,1,"Top","null","null",,,"null",,"null",,,,,,,"3.1600","1.4400","null","null","null","null","null","null",319394,"null","null","null","null","null","null","null","null","null","null","null","null","null","null","null","null","null",2,"4"
"SI","2012-08-08","94.7","null","null","Joe Kelly",340192,523260,"null","foul",,,,,"1","null","R","R","R","STL","SF","S","null","null",1,1,2012,"-1.6622250000000000","1.10300000000000000000","-0.4710","2.9610","null","null","null",1,1,"Top","null","null",,,"null",,"null",,,,,,,"3.2500","1.5300","null","null","null","null","null","null",319394,"null","null","null","null","null","null","null","null","null","null","null","null","null","null","null","null","null",2,"3"
"SI","2012-08-08","94.6","null","null","Joe Kelly",340192,523260,"null","foul",,,,,"5","null","R","R","R","STL","SF","S","null","null",1,0,2012,"-1.5801166666666667","1.04853333333333333333","0.0290","2.0950","null","null","null",1,1,"Top","null","null",,,"null",,"null",,,,,,,"3.2500","1.5300","null","null","null","null","null","null",319394,"null","null","null","null","null","null","null","null","null","null","null","null","null","null","null","null","null",2,"2"
"SI","2012-08-08","95.0","null","null","Joe Kelly",340192,523260,"null","ball",,,,,"9","null","R","R","R","STL","SF","B","null","null",0,0,2012,"-1.4353833333333333","1.3753333333333333","0.3580","1.4290","null","null","null",1,1,"Top","null","null",,,"null",,"null",,,,,,,"3.1800","1.5200","null","null","null","null","null","null",319394,"null","null","null","null","null","null","null","null","null","null","null","null","null","null","null","null","null",2,"1"
"CH","2012-08-08","85.7","null","null","Joe Kelly",434636,523260,"strikeout","swinging_strike",,,,,"13","Angel Pagan strikes out swinging.","R","L","R","STL","SF","S","null","null",2,2,2012,"-1.7526833333333333","0.52823333333333333333","-0.6710","1.3460","null","null","null",0,1,"Top","null","null",,,"null",,"null",,,,,,,"3.1000","1.4900","null","null","null","null","null","null",319394,"null","null","null","null","null","null","null","null","null","null","null","null","0.00",1,0,0,"null",1,"5"
"CH","2012-08-08","84.0","null","null","Joe Kelly",434636,523260,"null","foul",,,,,"4","null","R","L","R","STL","SF","S","null","null",2,1,2012,"-1.7039750000000000","0.42216666666666666667","-0.6240","2.4630","null","null","null",0,1,"Top","null","null",,,"null",,"null",,,,,,,"3.1000","1.4900","null","null","null","null","null","null",319394,"null","null","null","null","null","null","null","null","null","null","null","null","null","null","null","null","null",1,"4"
"SI","2012-08-08","94.7","null","null","Joe Kelly",434636,523260,"null","ball",,,,,"13","null","R","L","R","STL","SF","B","null","null",1,1,2012,"-1.5926416666666667","0.87366666666666666667","-1.2740","1.9700","null","null","null",0,1,"Top","null","null",,,"null",,"null",,,,,,,"3.0100","1.4200","null","null","null","null","null","null",319394,"null","null","null","null","null","null","null","null","null","null","null","null","null","null","null","null","null",1,"3"
"SI","2012-08-08","92.8","null","null","Joe Kelly",434636,523260,"null","foul",,,,,"7","null","R","L","R","STL","SF","S","null","null",1,0,2012,"-1.9057666666666667","1.08723333333333333333","-0.4130","1.5770","null","null","null",0,1,"Top","null","null",,,"null",,"null",,,,,,,"3.1000","1.4900","null","null","null","null","null","null",319394,"null","null","null","null","null","null","null","null","null","null","null","null","null","null","null","null","null",1,"2"
"SI","2012-08-08","92.6","null","null","Joe Kelly",434636,523260,"null","ball",,,,,"13","null","R","L","R","STL","SF","B","null","null",0,0,2012,"-2.0574583333333333","0.78050000000000000000","-1.4990","1.5440","null","null","null",0,1,"Top","null","null",,,"null",,"null",,,,,,,"2.7300","1.1000","null","null","null","null","null","null",319394,"null","null","null","null","null","null","null","null","null","null","null","null","null","null","null","null","null",1,"1"
"SI","2012-08-03","95.6","null","null","Joe Kelly",150116,523260,"sac_bunt","hit_into_play",,,,,"8","Randy Wolf out on a sacrifice bunt, pitcher Joe Kelly to second baseman Daniel Descalso.   Cody Ransom to 2nd.","R","L","R","STL","MIL","X","1","ground_ball",0,1,2012,"-1.6497000000000000","0.80343333333333333333","-0.2090","1.8240","null","null","285068.00",1,6,"Top","120.48","186.75",,,"null",,"null",,,,,,,"3.3800","1.5800","null","null","null","null","null","null",319317,"null","null","null","null","null","null","null","null","null","null","null","null","0.00",1,0,0,"null",50,"2"
"SI","2012-08-03","94.7","null","null","Joe Kelly",150116,523260,"null","called_strike",,,,,"13","null","R","L","R","STL","MIL","S","null","null",0,0,2012,"-1.4339916666666667","0.76043333333333333333","-0.9340","1.4270","null","null","285068.00",1,6,"Top","null","null",,,"null",,"null",,,,,,,"2.9500","1.0700","null","null","null","null","null","null",319317,"null","null","null","null","null","null","null","null","null","null","null","null","null","null","null","null","null",50,"1"
"CH","2012-08-03","82.9","null","null","Joe Kelly",285131,523260,"strikeout","foul_tip",,,,,"13","Cesar Izturis strikes out on a foul tip.","R","L","R","STL","MIL","S","null","null",1,2,2012,"-1.6998000000000000","0.48810000000000000000","-0.9330","2.0450","null","null","285068.00",0,6,"Top","null","null",,,"null",,"null",,,,,,,"3.3000","1.5800","null","null","null","null","null","null",319317,"null","null","null","null","null","null","null","null","null","null","null","null","0.00",1,0,0,"null",49,"4"
"CH","2012-08-03","85.2","null","null","Joe Kelly",285131,523260,"null","foul",,,,,"14","null","R","L","R","STL","MIL","S","null","null",1,1,2012,"-1.6956250000000000","0.44653333333333333333","0.2460","1.3850","null","null","285068.00",0,6,"Top","null","null",,,"null",,"null",,,,,,,"3.3000","1.5800","null","null","null","null","null","null",319317,"null","null","null","null","null","null","null","null","null","null","null","null","null","null","null","null","null",49,"3"
"CH","2012-08-03","84.9","null","null","Joe Kelly",285131,523260,"null","ball",,,,,"14","null","R","L","R","STL","MIL","B","null","null",0,1,2012,"-1.7707750000000000","0.48523333333333333333","0.0660","0.8840","null","null","285068.00",0,6,"Top","null","null",,,"null",,"null",,,,,,,"3.2700","1.6000","null","null","null","null","null","null",319317,"null","null","null","null","null","null","null","null","null","null","null","null","null","null","null","null","null",49,"2"
"SI","2012-08-03","95.2","null","null","Joe Kelly",285131,523260,"null","called_strike",,,,,"8","null","R","L","R","STL","MIL","S","null","null",0,0,2012,"-1.7568583333333333","0.63860000000000000000","0.0500","1.6010","null","null","285068.00",0,6,"Top","null","null",,,"null",,"null",,,,,,,"3.1900","1.4700","null","null","null","null","null","null",319317,"null","null","null","null","null","null","null","null","null","null","null","null","null","null","null","null","null",49,"1"
"SI","2012-08-03","95.8","null","null","Joe Kelly",285068,523260,"single","hit_into_play_no_out",,,,,"4","Cody Ransom singles on a soft line drive to right fielder Carlos Beltran.","R","R","R","STL","MIL","X","null","line_drive",0,1,2012,"-1.5439333333333333","0.62140000000000000000","-0.6790","2.5770","null","null","null",0,6,"Top","159.64","101.41",,,"null",,"null",,,,,,,"3.5900","1.7100","null","null","null","null","null","null",319317,"null","null","null","null","null","null","null","null","null","null","null","null","0.90",1,1,0,"null",48,"2"
"SL","2012-08-03","80.6","null","null","Joe Kelly",285068,523260,"null","called_strike",,,,,"11","null","R","R","R","STL","MIL","S","null","null",0,0,2012,"0.55052500000000000000","-0.01500000000000000000","-1.0150","3.0640","null","null","null",0,6,"Top","null","null",,,"null",,"null",,,,,,,"3.7500","1.5900","null","null","null","null","null","null",319317,"null","null","null","null","null","null","null","null","null","null","null","null","null","null","null","null","null",48,"1"
"SL","2012-08-03","82.5","null","null","Joe Kelly",455117,523260,"field_out","hit_into_play",,,,,"14","Martin Maldonado grounds out to pitcher Joe Kelly.","R","R","R","STL","MIL","X","1","ground_ball",0,1,2012,"0.84973333333333333333","-0.24720000000000000000","1.2790","1.4080","null","null","null",2,5,"Top","128.51","180.72",,,"null",,"null",,,,,,,"3.4300","1.5000","null","null","null","null","null","null",319317,"null","null","null","null","null","null","null","null","null","null","null","null","0.00",1,0,0,"null",43,"2"
"SL","2012-08-03","80.8","null","null","Joe Kelly",455117,523260,"null","called_strike",,,,,"14","null","R","R","R","STL","MIL","S","null","null",0,0,2012,"0.58253333333333333333","-0.15260000000000000000","0.9420","1.6800","null","null","null",2,5,"Top","null","null",,,"null",,"null",,,,,,,"3.4300","1.3500","null","null","null","null","null","null",319317,"null","null","null","null","null","null","null","null","null","null","null","null","null","null","null","null","null",43,"1"
"SL","2012-08-03","82.5","null","null","Joe Kelly",430001,523260,"field_out","hit_into_play",,,,,"14","Rickie Weeks grounds out, pitcher Joe Kelly to first baseman Allen Craig.","R","R","R","STL","MIL","X","1","ground_ball",1,2,2012,"0.47120000000000000000","-0.26583333333333333333","0.3130","1.4010","null","null","null",1,5,"Top","117.47","186.75",,,"null",,"null",,,,,,,"3.5300","1.5800","null","null","null","null","null","null",319317,"null","null","null","null","null","null","null","null","null","null","null","null","0.00",1,0,0,"null",42,"4"
"SL","2012-08-03","80.4","null","null","Joe Kelly",430001,523260,"null","foul",,,,,"12","null","R","R","R","STL","MIL","S","null","null",1,1,2012,"0.43084166666666666667","-0.07090000000000000000","0.9600","2.7310","null","null","null",1,5,"Top","null","null",,,"null",,"null",,,,,,,"3.5300","1.5800","null","null","null","null","null","null",319317,"null","null","null","null","null","null","null","null","null","null","null","null","null","null","null","null","null",42,"3"
"SL","2012-08-03","83.0","null","null","Joe Kelly",430001,523260,"null","ball",,,,,"14","null","R","R","R","STL","MIL","B","null","null",0,1,2012,"0.19704166666666666667","-0.17123333333333333333","1.9170","0.4210","null","null","null",1,5,"Top","null","null",,,"null",,"null",,,,,,,"3.6200","1.3800","null","null","null","null","null","null",319317,"null","null","null","null","null","null","null","null","null","null","null","null","null","null","null","null","null",42,"2"
"SL","2012-08-03","80.5","null","null","Joe Kelly",430001,523260,"null","called_strike",,,,,"2","null","R","R","R","STL","MIL","S","null","null",0,0,2012,"0.22765833333333333333","-0.25150000000000000000","0.1350","3.0030","null","null","null",1,5,"Top","null","null",,,"null",,"null",,,,,,,"3.5900","1.4200","null","null","null","null","null","null",319317,"null","null","null","null","null","null","null","null","null","null","null","null","null","null","null","null","null",42,"1"
"CH","2012-08-03","86.0","null","null","Joe Kelly",430611,523260,"field_out","hit_into_play",,,,,"4","Corey Hart pops out to shortstop Rafael Furcal.","R","R","R","STL","MIL","X","6","popup",3,2,2012,"-1.7220666666666667","0.15843333333333333333","-0.5510","2.3440","null","null","null",0,5,"Top","91.37","127.51",,,"null",,"null",,,,,,,"3.5400","1.6300","null","null","null","null","null","null",319317,"null","null","null","null","null","null","null","null","null","null","null","null","0.00",1,0,0,"null",41,"8"
"SI","2012-08-03","94.1","null","null","Joe Kelly",430611,523260,"null","foul",,,,,"4","null","R","R","R","STL","MIL","S","null","null",3,2,2012,"-1.15844166666666666667","1.07576666666666666667","-0.4420","2.8340","null","null","null",0,5,"Top","null","null",,,"null",,"null",,,,,,,"3.5400","1.6300","null","null","null","null","null","null",319317,"null","null","null","null","null","null","null","null","null","null","null","null","null","null","null","null","null",41,"7"
"SI","2012-08-03","94.6","null","null","Joe Kelly",430611,523260,"null","foul",,,,,"13","null","R","R","R","STL","MIL","S","null","null",3,2,2012,"-1.6691833333333333","0.40783333333333333333","-1.5190","2.2970","null","null","null",0,5,"Top","null","null",,,"null",,"null",,,,,,,"3.5400","1.6300","null","null","null","null","null","null",319317,"null","null","null","null","null","null","null","null","null","null","null","null","null","null","null","null","null",41,"6"
"SI","2012-08-03","93.7","null","null","Joe Kelly",430611,523260,"null","called_strike",,,,,"1","null","R","R","R","STL","MIL","S","null","null",3,1,2012,"-1.6385666666666667","0.38203333333333333333","-0.2870","3.0550","null","null","null",0,5,"Top","null","null",,,"null",,"null",,,,,,,"3.6100","1.4500","null","null","null","null","null","null",319317,"null","null","null","null","null","null","null","null","null","null","null","null","null","null","null","null","null",41,"5"
"CH","2012-08-03","85.3","null","null","Joe Kelly",430611,523260,"null","ball",,,,,"14","null","R","R","R","STL","MIL","B","null","null",2,1,2012,"-1.5787250000000000","0.44366666666666666667","0.0360","0.3760","null","null","null",0,5,"Top","null","null",,,"null",,"null",,,,,,,"3.4800","1.4100","null","null","null","null","null","null",319317,"null","null","null","null","null","null","null","null","null","null","null","null","null","null","null","null","null",41,"4"
"SI","2012-08-03","96.3","null","null","Joe Kelly",430611,523260,"null","ball",,,,,"14","null","R","R","R","STL","MIL","B","null","null",1,1,2012,"-1.2155000000000000","1.10730000000000000000","1.3210","2.0720","null","null","null",0,5,"Top","null","null",,,"null",,"null",,,,,,,"3.4500","1.4900","null","null","null","null","null","null",319317,"null","null","null","null","null","null","null","null","null","null","null","null","null","null","null","null","null",41,"3"
"SI","2012-08-03","92.4","null","null","Joe Kelly",430611,523260,"null","called_strike",,,,,"8","null","R","R","R","STL","MIL","S","null","null",1,0,2012,"-1.5620250000000000","0.45513333333333333333","-0.2540","1.8830","null","null","null",0,5,"Top","null","null",,,"null",,"null",,,,,,,"3.5300","1.5300","null","null","null","null","null","null",319317,"null","null","null","null","null","null","null","null","null","null","null","null","null","null","null","null","null",41,"2"
"CH","2012-08-03","83.0","null","null","Joe Kelly",430611,523260,"null","ball",,,,,"11","null","R","R","R","STL","MIL","B","null","null",0,0,2012,"-1.4771333333333333","0.14983333333333333333","-1.3000","3.8560","null","null","null",0,5,"Top","null","null",,,"null",,"null",,,,,,,"3.5000","1.5500","null","null","null","null","null","null",319317,"null","null","null","null","null","null","null","null","null","null","null","null","null","null","null","null","null",41,"1"
"CH","2012-08-03","84.0","null","null","Joe Kelly",460075,523260,"strikeout","swinging_strike",,,,,"13","Ryan Braun strikes out swinging.","R","R","R","STL","MIL","S","null","null",0,2,2012,"-1.4326000000000000","-0.25580000000000000000","-1.1960","1.1220","493114.00","460576.00","null",2,4,"Top","null","null",,,"null",,"null",,,,,,,"3.6800","1.7700","null","null","null","null","null","null",319317,"null","null","null","null","null","null","null","null","null","null","null","null","0.00",1,0,0,"null",31,"5"
"SI","2012-08-03","94.1","null","null","Joe Kelly",460075,523260,"null","foul",,,,,"4","null","R","R","R","STL","MIL","S","null","null",0,2,2012,"-1.15287500000000000000","0.80343333333333333333","-0.4690","2.9800","493114.00","460576.00","null",2,4,"Top","null","null",,,"null",,"null",,,,,,,"3.6800","1.7700","null","null","null","null","null","null",319317,"null","null","null","null","null","null","null","null","null","null","null","null","null","null","null","null","null",31,"4"
"SI","2012-08-03","96.4","null","null","Joe Kelly",460075,523260,"null","foul",,,,,"1","null","R","R","R","STL","MIL","S","null","null",0,2,2012,"-1.4437333333333333","0.80056666666666666667","-0.3000","3.2400","493114.00","460576.00","null",2,4,"Top","null","null",,,"null",,"null",,,,,,,"3.6800","1.7700","null","null","null","null","null","null",319317,"null","null","null","null","null","null","null","null","null","null","null","null","null","null","null","null","null",31,"3"
"SI","2012-08-03","94.2","null","null","Joe Kelly",460075,523260,"null","foul",,,,,"11","null","R","R","R","STL","MIL","S","null","null",0,1,2012,"-1.4590416666666667","0.96826666666666666667","-1.7370","2.7520","493114.00","460576.00","null",2,4,"Top","null","null",,,"null",,"null",,,,,,,"3.6800","1.7700","null","null","null","null","null","null",319317,"null","null","null","null","null","null","null","null","null","null","null","null","null","null","null","null","null",31,"2"
"SI","2012-08-03","95.0","null","null","Joe Kelly",460075,523260,"null","called_strike",,,,,"13","null","R","R","R","STL","MIL","S","null","null",0,0,2012,"-1.5592416666666667","0.90090000000000000000","-0.9810","1.7940","493114.00","460576.00","null",2,4,"Top","null","null",,,"null",,"null",,,,,,,"3.7600","1.7400","null","null","null","null","null","null",319317,"null","null","null","null","null","null","null","null","null","null","null","null","null","null","null","null","null",31,"1"
"SI","2012-08-03","94.8","null","null","Joe Kelly",460576,523260,"double","hit_into_play_no_out",,,,,"4","Carlos Gomez doubles (12) on a soft line drive to right fielder Carlos Beltran.   Norichika Aoki to 3rd.","R","R","R","STL","MIL","X","null","line_drive",0,0,2012,"-1.17653333333333333333","1.15173333333333333333","-0.3500","2.6760","null","null","493114.00",2,4,"Top","204.82","114.46",,,"null",,"null",,,,,,,"3.3800","1.5400","null","null","null","null","null","null",319317,"null","null","null","null","null","null","null","null","null","null","null","null","1.25",1,1,1,"null",30,"1"
"SI","2012-08-03","96.0","null","null","Joe Kelly",493114,523260,"single","hit_into_play_no_out",,,,,"11","Norichika Aoki singles on a ground ball to shortstop Rafael Furcal.","R","L","R","STL","MIL","X","null","ground_ball",3,2,2012,"-1.6065583333333333","0.39923333333333333333","-1.2950","2.2510","null","null","null",2,4,"Top","119.48","165.66",,,"null",,"null",,,,,,,"3.1000","1.3800","null","null","null","null","null","null",319317,"null","null","null","null","null","null","null","null","null","null","null","null","0.90",1,1,0,"null",29,"8"
"SL","2012-08-03","78.7","null","null","Joe Kelly",493114,523260,"null","ball",,,,,"11","null","R","L","R","STL","MIL","B","null","null",2,2,2012,"0.43640833333333333333","-1.3953000000000000","-2.2010","2.6590","null","null","null",2,4,"Top","null","null",,,"null",,"null",,,,,,,"3.1000","1.3800","null","null","null","null","null","null",319317,"null","null","null","null","null","null","null","null","null","null","null","null","null","null","null","null","null",29,"7"
"SI","2012-08-03","95.1","null","null","Joe Kelly",493114,523260,"null","foul",,,,,"11","null","R","L","R","STL","MIL","S","null","null",2,2,2012,"-1.7610333333333333","1.06000000000000000000","-0.9630","2.5220","null","null","null",2,4,"Top","null","null",,,"null",,"null",,,,,,,"3.1000","1.3800","null","null","null","null","null","null",319317,"null","null","null","null","null","null","null","null","null","null","null","null","null","null","null","null","null",29,"6"
"CH","2012-08-03","85.4","null","null","Joe Kelly",493114,523260,"null","foul",,,,,"9","null","R","L","R","STL","MIL","S","null","null",2,2,2012,"-1.6705750000000000","0.57553333333333333333","0.2910","1.5730","null","null","null",2,4,"Top","null","null",,,"null",,"null",,,,,,,"3.1000","1.3800","null","null","null","null","null","null",319317,"null","null","null","null","null","null","null","null","null","null","null","null","null","null","null","null","null",29,"5"
"CH","2012-08-03","86.6","null","null","Joe Kelly",493114,523260,"null","blocked_ball",,,,,"14","null","R","L","R","STL","MIL","B","null","null",1,2,2012,"-1.6608333333333333","0.64863333333333333333","1.2320","0.5030","null","null","150116.00",1,4,"Top","null","null",,,"null",,"null",,,,,,,"3.2000","1.2800","null","null","null","null","null","null",319317,"null","null","null","null","null","null","null","null","null","null","null","null","null","null","null","null","null",29,"4"
"SI","2012-08-03","95.7","null","null","Joe Kelly",493114,523260,"null","called_strike",,,,,"13","null","R","L","R","STL","MIL","S","null","null",1,1,2012,"-1.4952250000000000","0.57266666666666666667","-0.9800","1.7700","null","null","150116.00",1,4,"Top","null","null",,,"null",,"null",,,,,,,"3.1500","1.2600","null","null","null","null","null","null",319317,"null","null","null","null","null","null","null","null","null","null","null","null","null","null","null","null","null",29,"3"
"CH","2012-08-03","83.6","null","null","Joe Kelly",493114,523260,"null","ball",,,,,"11","null","R","L","R","STL","MIL","B","null","null",0,1,2012,"-1.5063583333333333","0.24156666666666666667","-1.1430","3.2690","null","null","150116.00",1,4,"Top","null","null",,,"null",,"null",,,,,,,"3.1000","1.2500","null","null","null","null","null","null",319317,"null","null","null","null","null","null","null","null","null","null","null","null","null","null","null","null","null",29,"2"
"SI","2012-08-03","94.5","null","null","Joe Kelly",493114,523260,"null","foul",,,,,"4","null","R","L","R","STL","MIL","S","null","null",0,0,2012,"-1.3602333333333333","0.93530000000000000000","-0.7060","2.3660","null","null","150116.00",1,4,"Top","null","null",,,"null",,"null",,,,,,,"3.1000","1.3800","null","null","null","null","null","null",319317,"null","null","null","null","null","null","null","null","null","null","null","null","null","null","null","null","null",29,"1"
"SI","2012-08-03","92.5","null","null","Joe Kelly",150116,523260,"fielders_choice_out","hit_into_play",,,,,"11","Randy Wolf reaches on a fielder's choice out, catcher Yadier Molina to third baseman David Freese.   Cesar Izturis out at 3rd.","R","L","R","STL","MIL","X","2","ground_ball",0,0,2012,"-1.4854833333333333","0.84213333333333333333","-1.3220","2.8040","null","285131.00","null",0,4,"Top","121.49","191.77",,,"null",,"null",,,,,,,"3.3800","1.5800","null","null","null","null","null","null",319317,"null","null","null","null","null","null","null","null","null","null","null","null","0.00",1,0,0,"null",28,"1"
"SL","2012-08-03","80.0","null","null","Joe Kelly",285131,523260,"double","hit_into_play_no_out",,,,,"7","Cesar Izturis doubles (6) on a sharp ground ball to right fielder Carlos Beltran, deflected by first baseman Allen Craig.","R","L","R","STL","MIL","X","3","ground_ball",0,1,2012,"0.50181666666666666667","-0.9294666666666667","-0.5430","1.7540","null","null","null",0,4,"Top","157.63","115.46",,,"null",,"null",,,,,,,"3.3000","1.5800","null","null","null","null","null","null",319317,"null","null","null","null","null","null","null","null","null","null","null","null","1.25",1,1,1,"null",27,"2"
"SI","2012-08-03","94.9","null","null","Joe Kelly",285131,523260,"null","called_strike",,,,,"11","null","R","L","R","STL","MIL","S","null","null",0,0,2012,"-1.6357833333333333","0.92096666666666666667","-0.8670","2.7280","null","null","null",0,4,"Top","null","null",,,"null",,"null",,,,,,,"3.2800","1.5700","null","null","null","null","null","null",319317,"null","null","null","null","null","null","null","null","null","null","null","null","null","null","null","null","null",27,"1"
"SI","2012-08-03","95.4","null","null","Joe Kelly",285068,523260,"strikeout","called_strike",,,,,"8","Cody Ransom called out on strikes.","R","R","R","STL","MIL","S","null","null",3,2,2012,"-1.5258416666666667","0.98116666666666666667","0.2380","1.8840","460075.00","null","430001.00",2,3,"Top","null","null",,,"null",,"null",,,,,,,"3.6100","1.6600","null","null","null","null","null","null",319317,"null","null","null","null","null","null","null","null","null","null","null","null","0.00",1,0,0,"null",23,"6"
"CH","2012-08-03","85.9","null","null","Joe Kelly",285068,523260,"null","swinging_strike",,,,,"13","null","R","R","R","STL","MIL","S","null","null",3,1,2012,"-1.8640166666666667","0.44366666666666666667","-0.0500","1.2670","460075.00","null","430001.00",2,3,"Top","null","null",,,"null",,"null",,,,,,,"3.5900","1.7100","null","null","null","null","null","null",319317,"null","null","null","null","null","null","null","null","null","null","null","null","null","null","null","null","null",23,"5"
"SI","2012-08-03","96.4","null","null","Joe Kelly",285068,523260,"null","ball",,,,,"13","null","R","R","R","STL","MIL","B","null","null",2,1,2012,"-1.7791250000000000","1.05140000000000000000","-0.3840","0.9210","460075.00","null","430001.00",2,3,"Top","null","null",,,"null",,"null",,,,,,,"3.7500","1.7500","null","null","null","null","null","null",319317,"null","null","null","null","null","null","null","null","null","null","null","null","null","null","null","null","null",23,"4"
"SI","2012-08-03","93.3","null","null","Joe Kelly",285068,523260,"null","ball",,,,,"11","null","R","R","R","STL","MIL","B","null","null",1,1,2012,"-1.5842916666666667","0.73606666666666666667","-2.0670","3.4400","460075.00","null","430001.00",2,3,"Top","null","null",,,"null",,"null",,,,,,,"3.7000","1.7400","null","null","null","null","null","null",319317,"null","null","null","null","null","null","null","null","null","null","null","null","null","null","null","null","null",23,"3"
"SL","2012-08-03","80.5","null","null","Joe Kelly",285068,523260,"null","called_strike",,,,,"5","null","R","R","R","STL","MIL","S","null","null",1,0,2012,"0.77458333333333333333","-0.34896666666666666667","-0.2640","2.8710","460075.00","null","430001.00",2,3,"Top","null","null",,,"null",,"null",,,,,,,"3.6700","1.7800","null","null","null","null","null","null",319317,"null","null","null","null","null","null","null","null","null","null","null","null","null","null","null","null","null",23,"2"
"SI","2012-08-03","93.8","null","null","Joe Kelly",285068,523260,"null","ball",,,,,"13","null","R","R","R","STL","MIL","B","null","null",0,0,2012,"-1.3880666666666667","0.76616666666666666667","-2.2620","2.5660","460075.00","null","430001.00",2,3,"Top","null","null",,,"null",,"null",,,,,,,"3.7400","1.6900","null","null","null","null","null","null",319317,"null","null","null","null","null","null","null","null","null","null","null","null","null","null","null","null","null",23,"1"
"SL","2012-08-03","82.4","null","null","Joe Kelly",455117,523260,"strikeout","swinging_strike",,,,,"14","Martin Maldonado strikes out swinging.","R","R","R","STL","MIL","S","null","null",1,2,2012,"0.74257500000000000000","0.12833333333333333333","1.1300","1.0170","460075.00","null","430001.00",1,3,"Top","null","null",,,"null",,"null",,,,,,,"3.4300","1.5000","null","null","null","null","null","null",319317,"null","null","null","null","null","null","null","null","null","null","null","null","0.00",1,0,0,"null",22,"4"
"SL","2012-08-03","81.4","null","null","Joe Kelly",455117,523260,"null","blocked_ball",,,,,"14","null","R","R","R","STL","MIL","B","null","null",0,2,2012,"0.67020833333333333333","0.07960000000000000000","1.4750","0.4220","460075.00","null","430001.00",1,3,"Top","null","null",,,"null",,"null",,,,,,,"3.5900","1.4600","null","null","null","null","null","null",319317,"null","null","null","null","null","null","null","null","null","null","null","null","null","null","null","null","null",22,"3"
"SI","2012-08-03","94.2","null","null","Joe Kelly",455117,523260,"null","foul",,,,,"11","null","R","R","R","STL","MIL","S","null","null",0,1,2012,"-1.4117250000000000","0.57553333333333333333","-1.0430","3.3440","460075.00","null","430001.00",1,3,"Top","null","null",,,"null",,"null",,,,,,,"3.4300","1.5000","null","null","null","null","null","null",319317,"null","null","null","null","null","null","null","null","null","null","null","null","null","null","null","null","null",22,"2"
"SI","2012-08-03","93.9","null","null","Joe Kelly",455117,523260,"null","foul",,,,,"11","null","R","R","R","STL","MIL","S","null","null",0,0,2012,"-1.5606333333333333","0.82350000000000000000","-1.2520","3.2540","460075.00","null","430001.00",1,3,"Top","null","null",,,"null",,"null",,,,,,,"3.4300","1.5000","null","null","null","null","null","null",319317,"null","null","null","null","null","null","null","null","null","null","null","null","null","null","null","null","null",22,"1"
"SI","2012-08-03","94.7","null","null","Joe Kelly",430001,523260,"force_out","hit_into_play",,,,,"1","Rickie Weeks grounds into a force out, third baseman David Freese to second baseman Daniel Descalso.   Ryan Braun to 3rd.    Corey Hart out at 2nd.    Rickie Weeks to 1st.","R","R","R","STL","MIL","X","5","ground_ball",1,0,2012,"-1.3212666666666667","1.09296666666666666667","-0.3820","2.9540","null","460075.00","430611.00",0,3,"Top","104.42","164.66",,,"null",,"null",,,,,,,"3.5300","1.5800","null","null","null","null","null","null",319317,"null","null","null","null","null","null","null","null","null","null","null","null","0.00",1,0,0,"null",21,"2"
"SL","2012-08-03","80.1","null","null","Joe Kelly",430001,523260,"null","ball",,,,,"2","null","R","R","R","STL","MIL","B","null","null",0,0,2012,"0.87200000000000000000","-0.25293333333333333333","0.0770","3.5170","null","460075.00","430611.00",0,3,"Top","null","null",,,"null",,"null",,,,,,,"3.5900","1.4200","null","null","null","null","null","null",319317,"null","null","null","null","null","null","null","null","null","null","null","null","null","null","null","null","null",21,"1"
"SI","2012-08-03","94.6","null","null","Joe Kelly",430611,523260,"walk","ball",,,,,"14","Corey Hart walks.   Ryan Braun to 2nd.","R","R","R","STL","MIL","B","null","null",3,1,2012,"-1.5411500000000000","1.03133333333333333333","1.8990","2.3830","null","null","460075.00",0,3,"Top","null","null",,,"null",,"null",,,,,,,"3.4200","1.4200","null","null","null","null","null","null",319317,"null","null","null","null","null","null","null","null","null","null","null","null","0.70",1,0,0,"null",20,"5"
"SI","2012-08-03","95.1","null","null","Joe Kelly",430611,523260,"null","ball",,,,,"11","null","R","R","R","STL","MIL","B","null","null",2,1,2012,"-1.5508916666666667","0.78050000000000000000","-1.5270","2.6900","null","null","460075.00",0,3,"Top","null","null",,,"null",,"null",,,,,,,"3.4500","1.4600","null","null","null","null","null","null",319317,"null","null","null","null","null","null","null","null","null","null","null","null","null","null","null","null","null",20,"4"
"SI","2012-08-03","94.3","null","null","Joe Kelly",430611,523260,"null","called_strike",,,,,"1","null","R","R","R","STL","MIL","S","null","null",2,0,2012,"-1.6023833333333333","0.54113333333333333333","-0.7370","2.8660","null","null","460075.00",0,3,"Top","null","null",,,"null",,"null",,,,,,,"3.4200","1.4600","null","null","null","null","null","null",319317,"null","null","null","null","null","null","null","null","null","null","null","null","null","null","null","null","null",20,"3"
"SI","2012-08-03","94.6","null","null","Joe Kelly",430611,523260,"null","blocked_ball",,,,,"14","null","R","R","R","STL","MIL","B","null","null",1,0,2012,"-1.7178916666666667","1.01126666666666666667","0.4910","0.1120","null","null","460075.00",0,3,"Top","null","null",,,"null",,"null",,,,,,,"3.6200","1.5000","null","null","null","null","null","null",319317,"null","null","null","null","null","null","null","null","null","null","null","null","null","null","null","null","null",20,"2"
"SI","2012-08-03","94.0","null","null","Joe Kelly",430611,523260,"null","ball",,,,,"14","null","R","R","R","STL","MIL","B","null","null",0,0,2012,"-1.6900583333333333","0.69163333333333333333","1.1840","2.4490","null","null","460075.00",0,3,"Top","null","null",,,"null",,"null",,,,,,,"3.5900","1.6200","null","null","null","null","null","null",319317,"null","null","null","null","null","null","null","null","null","null","null","null","null","null","null","null","null",20,"1"
"SI","2012-08-03","95.7","null","null","Joe Kelly",460075,523260,"single","hit_into_play_no_out",,,,,"11","Ryan Braun singles on a soft line drive to right fielder Carlos Beltran.","R","R","R","STL","MIL","X","null","line_drive",1,1,2012,"-1.5077500000000000","0.85503333333333333333","-1.1790","2.8070","null","null","null",0,3,"Top","182.73","111.45",,,"null",,"null",,,,,,,"3.6800","1.7700","null","null","null","null","null","null",319317,"null","null","null","null","null","null","null","null","null","null","null","null","0.90",1,1,0,"null",19,"3"
"CH","2012-08-03","85.1","null","null","Joe Kelly",460075,523260,"null","ball",,,,,"11","null","R","R","R","STL","MIL","B","null","null",0,1,2012,"-1.5842916666666667","0.44653333333333333333","-1.6100","3.4540","null","null","null",0,3,"Top","null","null",,,"null",,"null",,,,,,,"3.8500","1.7200","null","null","null","null","null","null",319317,"null","null","null","null","null","null","null","null","null","null","null","null","null","null","null","null","null",19,"2"
"SI","2012-08-03","95.5","null","null","Joe Kelly",460075,523260,"null","foul",,,,,"13","null","R","R","R","STL","MIL","S","null","null",0,0,2012,"-1.5856833333333333","0.95536666666666666667","-0.9000","2.1980","null","null","null",0,3,"Top","null","null",,,"null",,"null",,,,,,,"3.6800","1.7700","null","null","null","null","null","null",319317,"null","null","null","null","null","null","null","null","null","null","null","null","null","null","null","null","null",19,"1"
"SI","2012-08-03","95.2","null","null","Joe Kelly",460576,523260,"field_out","hit_into_play",,,,,"4","Carlos Gomez grounds out, pitcher Joe Kelly to first baseman Allen Craig.","R","R","R","STL","MIL","X","1","ground_ball",0,0,2012,"-1.3838916666666667","0.74896666666666666667","-0.6990","2.4620","null","150116.00","493114.00",2,2,"Top","125.50","179.72",,,"null",,"null",,,,,,,"3.3800","1.5400","null","null","null","null","null","null",319317,"null","null","null","null","null","null","null","null","null","null","null","null","0.00",1,0,0,"null",15,"1"
"SI","2012-08-03","95.6","null","null","Joe Kelly",493114,523260,"single","hit_into_play_score",,,,,"11","Norichika Aoki singles on a ground ball to left fielder Matt Holliday.   Cesar Izturis scores.    Randy Wolf to 2nd.","R","L","R","STL","MIL","X","null","ground_ball",3,2,2012,"-1.6858833333333333","0.67730000000000000000","-1.2550","2.7790","null","285131.00","150116.00",2,2,"Top","80.32","102.41",,,"null",,"null",,,,,,,"3.1000","1.3800","null","null","null","null","null","null",319317,"null","null","null","null","null","null","null","null","null","null","null","null","0.90",1,1,0,"null",14,"7"
"CH","2012-08-03","84.5","null","null","Joe Kelly",493114,523260,"null","foul",,,,,"5","null","R","L","R","STL","MIL","S","null","null",3,2,2012,"-1.8389666666666667","0.25016666666666666667","-0.0560","1.9360","null","285131.00","150116.00",2,2,"Top","null","null",,,"null",,"null",,,,,,,"3.1000","1.3800","null","null","null","null","null","null",319317,"null","null","null","null","null","null","null","null","null","null","null","null","null","null","null","null","null",14,"6"
"SL","2012-08-03","78.6","null","null","Joe Kelly",493114,523260,"null","blocked_ball",,,,,"13","null","R","L","R","STL","MIL","B","null","null",2,2,2012,"0.20956666666666666667","-0.79186666666666666667","-0.7370","-0.1600","null","285131.00","150116.00",2,2,"Top","null","null",,,"null",,"null",,,,,,,"3.0800","1.4800","null","null","null","null","null","null",319317,"null","null","null","null","null","null","null","null","null","null","null","null","null","null","null","null","null",14,"5"
"CH","2012-08-03","84.8","null","null","Joe Kelly",493114,523260,"null","swinging_strike",,,,,"4","null","R","L","R","STL","MIL","S","null","null",2,1,2012,"-1.4827000000000000","0.32470000000000000000","-0.5260","2.5120","null","285131.00","150116.00",2,2,"Top","null","null",,,"null",,"null",,,,,,,"3.1000","1.3800","null","null","null","null","null","null",319317,"null","null","null","null","null","null","null","null","null","null","null","null","null","null","null","null","null",14,"4"
"SL","2012-08-03","78.6","null","null","Joe Kelly",493114,523260,"null","ball",,,,,"11","null","R","L","R","STL","MIL","B","null","null",1,1,2012,"0.69247500000000000000","-1.1946333333333333","-0.4300","3.5450","null","285131.00","150116.00",2,2,"Top","null","null",,,"null",,"null",,,,,,,"3.0100","1.2400","null","null","null","null","null","null",319317,"null","null","null","null","null","null","null","null","null","null","null","null","null","null","null","null","null",14,"3"
"CH","2012-08-03","86.3","null","null","Joe Kelly",493114,523260,"null","called_strike",,,,,"7","null","R","L","R","STL","MIL","S","null","null",1,0,2012,"-1.4520833333333333","0.48666666666666666667","-0.7680","1.3750","null","285131.00","150116.00",2,2,"Top","null","null",,,"null",,"null",,,,,,,"3.0800","1.3300","null","null","null","null","null","null",319317,"null","null","null","null","null","null","null","null","null","null","null","null","null","null","null","null","null",14,"2"
"CH","2012-08-03","85.1","null","null","Joe Kelly",493114,523260,"null","ball",,,,,"11","null","R","L","R","STL","MIL","B","null","null",0,0,2012,"-1.5314083333333333","0.42790000000000000000","-1.4330","3.2030","null","285131.00","150116.00",2,2,"Top","null","null",,,"null",,"null",,,,,,,"3.1400","1.4000","null","null","null","null","null","null",319317,"null","null","null","null","null","null","null","null","null","null","null","null","null","null","null","null","null",14,"1"
"SI","2012-08-03","92.5","null","null","Joe Kelly",150116,523260,"single","hit_into_play_score",,,,,"5","Randy Wolf singles on a line drive to right fielder Carlos Beltran.   Martin Maldonado scores.    Cody Ransom scores.    Cesar Izturis to 2nd.","R","L","R","STL","MIL","X","null","line_drive",2,1,2012,"-1.6900583333333333","0.34476666666666666667","-0.0920","2.6710","455117.00","285068.00","285131.00",2,2,"Top","178.71","112.45",,,"null",,"null",,,,,,,"3.3800","1.5800","null","null","null","null","null","null",319317,"null","null","null","null","null","null","null","null","null","null","null","null","0.90",1,1,0,"null",13,"4"
"SI","2012-08-03","94.9","null","null","Joe Kelly",150116,523260,"null","ball",,,,,"11","null","R","L","R","STL","MIL","B","null","null",1,1,2012,"-1.6009916666666667","0.66296666666666666667","-1.1840","2.8220","455117.00","285068.00","285131.00",2,2,"Top","null","null",,,"null",,"null",,,,,,,"3.3000","1.5000","null","null","null","null","null","null",319317,"null","null","null","null","null","null","null","null","null","null","null","null","null","null","null","null","null",13,"3"
"SI","2012-08-03","93.6","null","null","Joe Kelly",150116,523260,"null","called_strike",,,,,"11","null","R","L","R","STL","MIL","S","null","null",1,0,2012,"-1.6483083333333333","0.62713333333333333333","-0.8750","2.6420","455117.00","285068.00","285131.00",2,2,"Top","null","null",,,"null",,"null",,,,,,,"3.3900","1.5200","null","null","null","null","null","null",319317,"null","null","null","null","null","null","null","null","null","null","null","null","null","null","null","null","null",13,"2"
"SI","2012-08-03","95.3","null","null","Joe Kelly",150116,523260,"null","ball",,,,,"13","null","R","L","R","STL","MIL","B","null","null",0,0,2012,"-1.3936333333333333","0.71743333333333333333","-1.4560","1.9180","455117.00","285068.00","285131.00",2,2,"Top","null","null",,,"null",,"null",,,,,,,"3.4600","1.5800","null","null","null","null","null","null",319317,"null","null","null","null","null","null","null","null","null","null","null","null","null","null","null","null","null",13,"1"
"SI","2012-08-03","95.0","null","null","Joe Kelly",285131,523260,"force_out","hit_into_play",,,,,"11","Cesar Izturis grounds into a force out, pitcher Joe Kelly to catcher Yadier Molina.   Rickie Weeks out at home.    Martin Maldonado to 3rd.    Cody Ransom to 2nd.    Cesar Izturis to 1st.","R","L","R","STL","MIL","X","1","ground_ball",1,2,2012,"-1.18210000000000000000","0.46086666666666666667","-0.9720","2.7320","430001.00","455117.00","285068.00",1,2,"Top","127.51","186.75",,,"null",,"null",,,,,,,"3.3000","1.5800","null","null","null","null","null","null",319317,"null","null","null","null","null","null","null","null","null","null","null","null","0.00",1,0,0,"null",12,"5"
"SI","2012-08-03","96.1","null","null","Joe Kelly",285131,523260,"null","foul",,,,,"4","null","R","L","R","STL","MIL","S","null","null",1,2,2012,"-1.2990000000000000","0.62426666666666666667","-0.5930","2.6820","430001.00","455117.00","285068.00",1,2,"Top","null","null",,,"null",,"null",,,,,,,"3.3000","1.5800","null","null","null","null","null","null",319317,"null","null","null","null","null","null","null","null","null","null","null","null","null","null","null","null","null",12,"4"
"CH","2012-08-03","85.9","null","null","Joe Kelly",285131,523260,"null","foul",,,,,"11","null","R","L","R","STL","MIL","S","null","null",1,1,2012,"-1.6636166666666667","0.83066666666666666667","-1.3260","3.5850","430001.00","455117.00","285068.00",1,2,"Top","null","null",,,"null",,"null",,,,,,,"3.3000","1.5800","null","null","null","null","null","null",319317,"null","null","null","null","null","null","null","null","null","null","null","null","null","null","null","null","null",12,"3"
"SI","2012-08-03","95.2","null","null","Joe Kelly",285131,523260,"null","called_strike",,,,,"4","null","R","L","R","STL","MIL","S","null","null",1,0,2012,"-1.4214666666666667","0.77333333333333333333","-0.6020","2.1230","430001.00","455117.00","285068.00",1,2,"Top","null","null",,,"null",,"null",,,,,,,"3.2800","1.4900","null","null","null","null","null","null",319317,"null","null","null","null","null","null","null","null","null","null","null","null","null","null","null","null","null",12,"2"
"SI","2012-08-03","94.7","null","null","Joe Kelly",285131,523260,"null","ball",,,,,"14","null","R","L","R","STL","MIL","B","null","null",0,0,2012,"-1.5202750000000000","0.73750000000000000000","0.9970","1.7260","430001.00","455117.00","285068.00",1,2,"Top","null","null",,,"null",,"null",,,,,,,"3.2400","1.6000","null","null","null","null","null","null",319317,"null","null","null","null","null","null","null","null","null","null","null","null","null","null","null","null","null",12,"1"
"SI","2012-08-03","93.6","null","null","Joe Kelly",285068,523260,"walk","ball",,,,,"13","Cody Ransom walks.   Rickie Weeks to 3rd.    Martin Maldonado to 2nd.","R","R","R","STL","MIL","B","null","null",3,1,2012,"-1.3226583333333333","0.59703333333333333333","-1.7220","2.4150","null","430001.00","455117.00",1,2,"Top","null","null",,,"null",,"null",,,,,,,"3.7400","1.7000","null","null","null","null","null","null",319317,"null","null","null","null","null","null","null","null","null","null","null","null","0.70",1,0,0,"null",11,"5"
"CU","2012-08-03","77.2","null","null","Joe Kelly",285068,523260,"null","called_strike",,,,,"13","null","R","R","R","STL","MIL","S","null","null",3,0,2012,"0.69804166666666666667","-0.18270000000000000000","-1.0740","2.1440","null","430001.00","455117.00",1,2,"Top","null","null",,,"null",,"null",,,,,,,"3.7000","1.7300","null","null","null","null","null","null",319317,"null","null","null","null","null","null","null","null","null","null","null","null","null","null","null","null","null",11,"4"
"SL","2012-08-03","81.3","null","null","Joe Kelly",285068,523260,"null","ball",,,,,"14","null","R","R","R","STL","MIL","B","null","null",2,0,2012,"0.50042500000000000000","0.11543333333333333333","1.0330","1.8270","null","430001.00","455117.00",1,2,"Top","null","null",,,"null",,"null",,,,,,,"3.7900","1.7200","null","null","null","null","null","null",319317,"null","null","null","null","null","null","null","null","null","null","null","null","null","null","null","null","null",11,"3"
"SL","2012-08-03","80.8","null","null","Joe Kelly",285068,523260,"null","ball",,,,,"14","null","R","R","R","STL","MIL","B","null","null",1,0,2012,"0.55470000000000000000","-0.03650000000000000000","0.9170","2.1850","null","430001.00","455117.00",1,2,"Top","null","null",,,"null",,"null",,,,,,,"3.7000","1.6700","null","null","null","null","null","null",319317,"null","null","null","null","null","null","null","null","null","null","null","null","null","null","null","null","null",11,"2"
"SL","2012-08-03","81.7","null","null","Joe Kelly",285068,523260,"null","blocked_ball",,,,,"14","null","R","R","R","STL","MIL","B","null","null",0,0,2012,"0.52408333333333333333","-0.07520000000000000000","1.8380","0.2130","null","430001.00","455117.00",1,2,"Top","null","null",,,"null",,"null",,,,,,,"3.7100","1.6900","null","null","null","null","null","null",319317,"null","null","null","null","null","null","null","null","null","null","null","null","null","null","null","null","null",11,"1"
"SI","2012-08-03","95.5","null","null","Joe Kelly",455117,523260,"single","hit_into_play_no_out",,,,,"1","Martin Maldonado singles on a ground ball to left fielder Matt Holliday.   Rickie Weeks to 2nd.","R","R","R","STL","MIL","X","null","ground_ball",0,0,2012,"-1.5884666666666667","0.95966666666666666667","-0.4190","2.8690","null","null","430001.00",1,2,"Top","81.33","104.42",,,"null",,"null",,,,,,,"3.4300","1.5000","null","null","null","null","null","null",319317,"null","null","null","null","null","null","null","null","null","null","null","null","0.90",1,1,0,"null",10,"1"
"SI","2012-08-03","94.8","null","null","Joe Kelly",430001,523260,"force_out","hit_into_play",,,,,"7","Rickie Weeks grounds into a force out, third baseman David Freese to second baseman Daniel Descalso.   Corey Hart out at 2nd.    Rickie Weeks to 1st.","R","R","R","STL","MIL","X","5","ground_ball",3,1,2012,"-1.6051666666666667","0.89516666666666666667","-0.2930","2.1860","null","null","430611.00",0,2,"Top","106.43","168.67",,,"null",,"null",,,,,,,"3.5300","1.5800","null","null","null","null","null","null",319317,"null","null","null","null","null","null","null","null","null","null","null","null","0.00",1,0,0,"null",9,"5"
"CH","2012-08-03","83.0","null","null","Joe Kelly",430001,523260,"null","ball",,,,,"11","null","R","R","R","STL","MIL","B","null","null",2,1,2012,"-1.4799166666666667","0.33616666666666666667","-1.3610","3.2950","null","null","430611.00",0,2,"Top","null","null",,,"null",,"null",,,,,,,"3.6700","1.5000","null","null","null","null","null","null",319317,"null","null","null","null","null","null","null","null","null","null","null","null","null","null","null","null","null",9,"4"
"SI","2012-08-03","94.7","null","null","Joe Kelly",430001,523260,"null","ball",,,,,"13","null","R","R","R","STL","MIL","B","null","null",1,1,2012,"-1.2489000000000000","1.02846666666666666667","-1.8030","1.7260","null","null","430611.00",0,2,"Top","null","null",,,"null",,"null",,,,,,,"3.6300","1.3900","null","null","null","null","null","null",319317,"null","null","null","null","null","null","null","null","null","null","null","null","null","null","null","null","null",9,"3"
"SI","2012-08-03","93.9","null","null","Joe Kelly",430001,523260,"null","ball",,,,,"2","null","R","R","R","STL","MIL","B","null","null",0,1,2012,"-1.5188833333333333","0.90950000000000000000","0.2360","3.1760","null","null","430611.00",0,2,"Top","null","null",,,"null",,"null",,,,,,,"3.6700","1.5000","null","null","null","null","null","null",319317,"null","null","null","null","null","null","null","null","null","null","null","null","null","null","null","null","null",9,"2"
"SI","2012-08-03","93.1","null","null","Joe Kelly",430001,523260,"null","called_strike",,,,,"5","null","R","R","R","STL","MIL","S","null","null",0,0,2012,"-1.4701750000000000","0.70023333333333333333","0.1600","2.8610","null","null","430611.00",0,2,"Top","null","null",,,"null",,"null",,,,,,,"3.6300","1.4700","null","null","null","null","null","null",319317,"null","null","null","null","null","null","null","null","null","null","null","null","null","null","null","null","null",9,"1"
"SI","2012-08-03","94.9","null","null","Joe Kelly",430611,523260,"single","hit_into_play_no_out",,,,,"7","Corey Hart singles on a ground ball to center fielder Shane Robinson.","R","R","R","STL","MIL","X","null","ground_ball",0,1,2012,"-1.6343916666666667","1.05140000000000000000","-0.6350","2.0630","null","null","null",0,2,"Top","114.46","91.37",,,"null",,"null",,,,,,,"3.5400","1.6300","null","null","null","null","null","null",319317,"null","null","null","null","null","null","null","null","null","null","null","null","0.90",1,1,0,"null",8,"2"
"SI","2012-08-03","94.9","null","null","Joe Kelly",430611,523260,"null","called_strike",,,,,"8","null","R","R","R","STL","MIL","S","null","null",0,0,2012,"-1.6789250000000000","0.93386666666666666667","0.1550","2.0460","null","null","null",0,2,"Top","null","null",,,"null",,"null",,,,,,,"3.5000","1.6300","null","null","null","null","null","null",319317,"null","null","null","null","null","null","null","null","null","null","null","null","null","null","null","null","null",8,"1"
"SL","2012-08-03","82.5","null","null","Joe Kelly",460075,523260,"field_out","hit_into_play",,,,,"7","Ryan Braun flies out to right fielder Carlos Beltran.","R","R","R","STL","MIL","X","9","fly_ball",1,1,2012,"0.62428333333333333333","-0.34896666666666666667","-0.6500","1.8940","null","null","null",2,1,"Top","164.66","82.33",,,"null",,"null",,,,,,,"3.6800","1.7700","null","null","null","null","null","null",319317,"null","null","null","null","null","null","null","null","null","null","null","null","0.00",1,0,0,"null",3,"3"
"SI","2012-08-03","93.3","null","null","Joe Kelly",460075,523260,"null","called_strike",,,,,"4","null","R","R","R","STL","MIL","S","null","null",1,0,2012,"-1.8988083333333333","1.03420000000000000000","-0.6140","2.7120","null","null","460576.00",1,1,"Top","null","null",,,"null",,"null",,,,,,,"3.5400","1.7900","null","null","null","null","null","null",319317,"null","null","null","null","null","null","null","null","null","null","null","null","null","null","null","null","null",3,"2"
"SI","2012-08-03","94.0","null","null","Joe Kelly",460075,523260,"null","ball",,,,,"11","null","R","R","R","STL","MIL","B","null","null",0,0,2012,"-1.6302166666666667","0.78910000000000000000","-2.2560","2.8550","null","null","460576.00",1,1,"Top","null","null",,,"null",,"null",,,,,,,"3.7300","1.7300","null","null","null","null","null","null",319317,"null","null","null","null","null","null","null","null","null","null","null","null","null","null","null","null","null",3,"1"
"SL","2012-08-03","80.5","null","null","Joe Kelly",460576,523260,"single","hit_into_play_no_out",,,,,"8","Carlos Gomez singles on a ground ball to shortstop Rafael Furcal.","R","R","R","STL","MIL","X","null","ground_ball",1,0,2012,"0.17060000000000000000","0.31180000000000000000","0.0730","2.0860","null","null","null",1,1,"Top","101.41","154.62",,,"null",,"null",,,,,,,"3.3800","1.5400","null","null","null","null","null","null",319317,"null","null","null","null","null","null","null","null","null","null","null","null","0.90",1,1,0,"null",2,"2"
"SI","2012-08-03","95.3","null","null","Joe Kelly",460576,523260,"null","ball",,,,,"14","null","R","R","R","STL","MIL","B","null","null",0,0,2012,"-1.3504916666666667","1.26496666666666666667","1.4820","1.6530","null","null","null",1,1,"Top","null","null",,,"null",,"null",,,,,,,"3.6600","1.6300","null","null","null","null","null","null",319317,"null","null","null","null","null","null","null","null","null","null","null","null","null","null","null","null","null",2,"1"
"SI","2012-08-03","96.6","null","null","Joe Kelly",493114,523260,"field_out","hit_into_play",,,,,"1","Norichika Aoki grounds out, second baseman Daniel Descalso to first baseman Allen Craig.","R","L","R","STL","MIL","X","4","ground_ball",3,2,2012,"-1.4687833333333333","0.87510000000000000000","-0.6230","2.7030","null","null","null",0,1,"Top","134.54","159.64",,,"null",,"null",,,,,,,"3.1000","1.3800","null","null","null","null","null","null",319317,"null","null","null","null","null","null","null","null","null","null","null","null","0.00",1,0,0,"null",1,"6"
"SI","2012-08-03","92.8","null","null","Joe Kelly",493114,523260,"null","called_strike",,,,,"11","null","R","L","R","STL","MIL","S","null","null",3,1,2012,"-1.8208750000000000","0.56263333333333333333","-0.6780","3.1560","null","null","null",0,1,"Top","null","null",,,"null",,"null",,,,,,,"2.9600","1.4100","null","null","null","null","null","null",319317,"null","null","null","null","null","null","null","null","null","null","null","null","null","null","null","null","null",1,"5"
"CH","2012-08-03","85.9","null","null","Joe Kelly",493114,523260,"null","ball",,,,,"11","null","R","L","R","STL","MIL","B","null","null",2,1,2012,"-1.8793250000000000","0.47950000000000000000","-1.5770","3.6470","null","null","null",0,1,"Top","null","null",,,"null",,"null",,,,,,,"3.0400","1.2900","null","null","null","null","null","null",319317,"null","null","null","null","null","null","null","null","null","null","null","null","null","null","null","null","null",1,"4"
"CH","2012-08-03","86.4","null","null","Joe Kelly",493114,523260,"null","ball",,,,,"14","null","R","L","R","STL","MIL","B","null","null",1,1,2012,"-1.5787250000000000","0.83783333333333333333","0.7880","0.9830","null","null","null",0,1,"Top","null","null",,,"null",,"null",,,,,,,"3.0700","1.3500","null","null","null","null","null","null",319317,"null","null","null","null","null","null","null","null","null","null","null","null","null","null","null","null","null",1,"3"
"SI","2012-08-03","94.3","null","null","Joe Kelly",493114,523260,"null","called_strike",,,,,"1","null","R","L","R","STL","MIL","S","null","null",1,0,2012,"-1.7666000000000000","0.58270000000000000000","-0.4040","3.0890","null","null","null",0,1,"Top","null","null",,,"null",,"null",,,,,,,"3.0800","1.3600","null","null","null","null","null","null",319317,"null","null","null","null","null","null","null","null","null","null","null","null","null","null","null","null","null",1,"2"
"SI","2012-08-03","92.9","null","null","Joe Kelly",493114,523260,"null","ball",,,,,"13","null","R","L","R","STL","MIL","B","null","null",0,0,2012,"-1.5564583333333333","0.63430000000000000000","-1.3280","2.2150","null","null","null",0,1,"Top","null","null",,,"null",,"null",,,,,,,"3.1500","1.4000","null","null","null","null","null","null",319317,"null","null","null","null","null","null","null","null","null","null","null","null","null","null","null","null","null",1,"1"
"SL","2012-07-28","81.5","null","null","Joe Kelly",425557,523260,"field_out","hit_into_play",,,,,"14","Jeff Baker lines out softly to second baseman Skip Schumaker.","R","R","R","CHC","STL","X","4","line_drive",0,0,2012,"0.27636666666666666667","-1.3609000000000000","0.9540","1.6560","542999.00","null","434567.00",0,7,"Bot","134.54","155.62",,,"null",,"null",,,,,,,"3.5700","1.6900","null","null","null","null","null","null",319241,"null","null","null","null","null","null","null","null","null","null","null","null","0.00",1,0,0,"null",55,"1"
"SI","2012-07-28","96.0","null","null","Joe Kelly",434567,523260,"single","hit_into_play_no_out",,,,,"4","Geovany Soto singles on a line drive to left fielder Matt Holliday.   Tony Campana to 3rd.","R","R","R","CHC","STL","X","null","line_drive",2,0,2012,"-0.71867500000000000000","-0.51380000000000000000","-0.3180","2.7870","null","542999.00","null",0,7,"Bot","73.29","104.42",,,"null",,"null",,,,,,,"3.4000","1.5400","null","null","null","null","null","null",319241,"null","null","null","null","null","null","null","null","null","null","null","null","0.90",1,1,0,"null",54,"3"
"SI","2012-07-28","94.6","null","null","Joe Kelly",434567,523260,"null","ball",,,,,"13","null","R","R","R","CHC","STL","B","null","null",1,0,2012,"-0.68388333333333333333","-0.53960000000000000000","-1.2530","1.9470","null","null","542999.00",0,7,"Bot","null","null",,,"null",,"null",,,,,,,"3.4000","1.5400","null","null","null","null","null","null",319241,"null","null","null","null","null","null","null","null","null","null","null","null","null","null","null","null","null",54,"2"
"SI","2012-07-28","95.2","null","null","Joe Kelly",434567,523260,"null","ball",,,,,"7","null","R","R","R","CHC","STL","B","null","null",0,0,2012,"-0.62960833333333333333","-0.39340000000000000000","-0.4980","1.5740","null","null","542999.00",0,7,"Bot","null","null",,,"null",,"null",,,,,,,"3.4500","1.5600","null","null","null","null","null","null",319241,"null","null","null","null","null","null","null","null","null","null","null","null","null","null","null","null","null",54,"1"
"SI","2012-07-28","95.0","null","null","Joe Kelly",445933,523260,"walk","ball",,,,,"12","Bryan LaHair walks.","R","L","R","CHC","STL","B","null","null",3,1,2012,"-0.58646666666666666667","-0.48513333333333333333","1.5060","2.6650","null","null","null",0,7,"Bot","null","null",,,"null",,"null",,,,,,,"3.4900","1.5700","null","null","null","null","null","null",319241,"null","null","null","null","null","null","null","null","null","null","null","null","0.70",1,0,0,"null",53,"5"
"SI","2012-07-28","94.0","null","null","Joe Kelly",445933,523260,"null","ball",,,,,"14","null","R","L","R","CHC","STL","B","null","null",2,1,2012,"-0.55585000000000000000","-0.50950000000000000000","0.4940","1.3400","null","null","null",0,7,"Bot","null","null",,,"null",,"null",,,,,,,"3.5500","1.5100","null","null","null","null","null","null",319241,"null","null","null","null","null","null","null","null","null","null","null","null","null","null","null","null","null",53,"4"
"CH","2012-07-28","85.1","null","null","Joe Kelly",445933,523260,"null","swinging_strike",,,,,"13","null","R","L","R","CHC","STL","S","null","null",2,0,2012,"-0.65048333333333333333","-1.0771000000000000","-0.1680","1.0390","null","null","null",0,7,"Bot","null","null",,,"null",,"null",,,,,,,"3.6700","1.8000","null","null","null","null","null","null",319241,"null","null","null","null","null","null","null","null","null","null","null","null","null","null","null","null","null",53,"3"
"SI","2012-07-28","93.6","null","null","Joe Kelly",445933,523260,"null","ball",,,,,"12","null","R","L","R","CHC","STL","B","null","null",1,0,2012,"-0.56559166666666666667","-0.53816666666666666667","0.9090","3.0470","null","null","null",0,7,"Bot","null","null",,,"null",,"null",,,,,,,"3.4600","1.4800","null","null","null","null","null","null",319241,"null","null","null","null","null","null","null","null","null","null","null","null","null","null","null","null","null",53,"2"
"CH","2012-07-28","83.7","null","null","Joe Kelly",445933,523260,"null","ball",,,,,"13","null","R","L","R","CHC","STL","B","null","null",0,0,2012,"-0.66718333333333333333","-1.1473333333333333","-1.4960","2.3150","null","null","null",0,7,"Bot","null","null",,,"null",,"null",,,,,,,"3.4600","1.6300","null","null","null","null","null","null",319241,"null","null","null","null","null","null","null","null","null","null","null","null","null","null","null","null","null",53,"1"
"SI","2012-07-28","91.7","null","null","Joe Kelly",150093,523260,"field_out","hit_into_play",,,,,"5","Alfonso Soriano flies out to center fielder Jon Jay.","R","R","R","CHC","STL","X","8","fly_ball",1,0,2012,"-0.47374166666666666667","-0.71590000000000000000","-0.0980","2.6230","null","null","430203.00",2,6,"Bot","152.61","80.32",,,"null",,"null",,,,,,,"3.4000","1.5900","null","null","null","null","null","null",319241,"null","null","null","null","null","null","null","null","null","null","null","null","0.00",1,0,0,"null",49,"2"
"SI","2012-07-28","95.2","null","null","Joe Kelly",150093,523260,"null","ball",,,,,"11","null","R","R","R","CHC","STL","B","null","null",0,0,2012,"-0.44451666666666666667","-0.64136666666666666667","-0.1460","3.5210","null","null","430203.00",2,6,"Bot","null","null",,,"null",,"null",,,,,,,"3.2900","1.5100","null","null","null","null","null","null",319241,"null","null","null","null","null","null","null","null","null","null","null","null","null","null","null","null","null",49,"1"
"CH","2012-07-28","82.5","null","null","Joe Kelly",519203,523260,"field_out","hit_into_play",,,,,"13","Anthony Rizzo flies out to center fielder Jon Jay.","R","L","R","CHC","STL","X","8","fly_ball",2,2,2012,"-0.70475833333333333333","-1.0928666666666667","-1.3500","1.8640","null","null","430203.00",1,6,"Bot","124.50","78.31",,,"null",,"null",,,,,,,"3.6100","1.8100","null","null","null","null","null","null",319241,"null","null","null","null","null","null","null","null","null","null","null","null","0.00",1,0,0,"null",48,"8"
"CH","2012-07-28","82.9","null","null","Joe Kelly",519203,523260,"null","foul",,,,,"13","null","R","L","R","CHC","STL","S","null","null",2,2,2012,"-0.72702500000000000000","-1.1100666666666667","-1.9860","2.0900","null","null","430203.00",1,6,"Bot","null","null",,,"null",,"null",,,,,,,"3.6100","1.8100","null","null","null","null","null","null",319241,"null","null","null","null","null","null","null","null","null","null","null","null","null","null","null","null","null",48,"7"
"SI","2012-07-28","95.3","null","null","Joe Kelly",519203,523260,"null","foul",,,,,"5","null","R","L","R","CHC","STL","S","null","null",2,2,2012,"-0.54889166666666666667","-0.63276666666666666667","0.2500","2.6530","null","null","430203.00",1,6,"Bot","null","null",,,"null",,"null",,,,,,,"3.6100","1.8100","null","null","null","null","null","null",319241,"null","null","null","null","null","null","null","null","null","null","null","null","null","null","null","null","null",48,"6"
"SI","2012-07-28","94.5","null","null","Joe Kelly",519203,523260,"null","ball",,,,,"13","null","R","L","R","CHC","STL","B","null","null",1,2,2012,"-0.62682500000000000000","-0.74026666666666666667","-2.0710","2.4450","null","null","430203.00",1,6,"Bot","null","null",,,"null",,"null",,,,,,,"3.5800","1.5400","null","null","null","null","null","null",319241,"null","null","null","null","null","null","null","null","null","null","null","null","null","null","null","null","null",48,"5"
"SI","2012-07-28","95.4","null","null","Joe Kelly",519203,523260,"null","ball",,,,,"11","null","R","L","R","CHC","STL","B","null","null",0,2,2012,"-0.64909166666666666667","-0.65856666666666666667","-1.3820","4.4250","null","null","430203.00",1,6,"Bot","null","null",,,"null",,"null",,,,,,,"3.6100","1.4900","null","null","null","null","null","null",319241,"null","null","null","null","null","null","null","null","null","null","null","null","null","null","null","null","null",48,"4"
"SI","2012-07-28","96.1","null","null","Joe Kelly",519203,523260,"null","foul",,,,,"11","null","R","L","R","CHC","STL","S","null","null",0,2,2012,"-0.37354166666666666667","-0.57543333333333333333","-0.6190","4.0350","null","null","430203.00",1,6,"Bot","null","null",,,"null",,"null",,,,,,,"3.6100","1.8100","null","null","null","null","null","null",319241,"null","null","null","null","null","null","null","null","null","null","null","null","null","null","null","null","null",48,"3"
"CH","2012-07-28","85.2","null","null","Joe Kelly",519203,523260,"null","foul",,,,,"13","null","R","L","R","CHC","STL","S","null","null",0,1,2012,"-0.67970833333333333333","-1.1602333333333333","-0.9350","1.5380","null","null","430203.00",1,6,"Bot","null","null",,,"null",,"null",,,,,,,"3.6100","1.8100","null","null","null","null","null","null",319241,"null","null","null","null","null","null","null","null","null","null","null","null","null","null","null","null","null",48,"2"
"SI","2012-07-28","95.1","null","null","Joe Kelly",519203,523260,"null","foul",,,,,"14","null","R","L","R","CHC","STL","S","null","null",0,0,2012,"-0.62960833333333333333","-0.61413333333333333333","0.5690","1.5780","null","null","430203.00",1,6,"Bot","null","null",,,"null",,"null",,,,,,,"3.6100","1.8100","null","null","null","null","null","null",319241,"null","null","null","null","null","null","null","null","null","null","null","null","null","null","null","null","null",48,"1"
"SL","2012-07-28","78.6","null","null","Joe Kelly",516770,523260,"strikeout","swinging_strike",,,,,"14","Starlin Castro strikes out swinging.","R","R","R","CHC","STL","S","null","null",0,2,2012,"0.30002500000000000000","-1.4970666666666667","0.7520","1.1740","null","null","430203.00",0,6,"Bot","null","null",,,"null",,"null",,,,,,,"3.4700","1.6000","null","null","null","null","null","null",319241,"null","null","null","null","null","null","null","null","null","null","null","null","0.00",1,0,0,"null",47,"3"
"CH","2012-07-28","82.6","null","null","Joe Kelly",516770,523260,"null","foul",,,,,"13","null","R","R","R","CHC","STL","S","null","null",0,1,2012,"-0.66857500000000000000","-1.2046666666666667","-1.9020","2.2370","null","null","430203.00",0,6,"Bot","null","null",,,"null",,"null",,,,,,,"3.4700","1.6000","null","null","null","null","null","null",319241,"null","null","null","null","null","null","null","null","null","null","null","null","null","null","null","null","null",47,"2"
"SI","2012-07-28","94.1","null","null","Joe Kelly",516770,523260,"null","foul",,,,,"1","null","R","R","R","CHC","STL","S","null","null",0,0,2012,"-0.58507500000000000000","-0.46936666666666666667","-0.4540","2.9330","null","null","430203.00",0,6,"Bot","null","null",,,"null",,"null",,,,,,,"3.4700","1.6000","null","null","null","null","null","null",319241,"null","null","null","null","null","null","null","null","null","null","null","null","null","null","null","null","null",47,"1"
"SL","2012-07-28","78.8","null","null","Joe Kelly",430203,523260,"single","hit_into_play_no_out",,,,,"8","David DeJesus singles on a ground ball to second baseman Skip Schumaker.","R","L","R","CHC","STL","X","null","ground_ball",0,1,2012,"0.08988333333333333333","-1.7450333333333333","-0.2750","1.6360","null","null","null",0,6,"Bot","152.61","152.61",,,"null",,"null",,,,,,,"3.2200","1.5500","null","null","null","null","null","null",319241,"null","null","null","null","null","null","null","null","null","null","null","null","0.90",1,1,0,"null",46,"2"
"CH","2012-07-28","86.1","null","null","Joe Kelly",430203,523260,"null","called_strike",,,,,"7","null","R","L","R","CHC","STL","S","null","null",0,0,2012,"-0.59620833333333333333","-0.9036666666666667","-0.7550","1.4850","null","null","null",0,6,"Bot","null","null",,,"null",,"null",,,,,,,"2.8700","1.3200","null","null","null","null","null","null",319241,"null","null","null","null","null","null","null","null","null","null","null","null","null","null","null","null","null",46,"1"
"SI","2012-07-28","95.9","null","null","Joe Kelly",502188,523260,"strikeout","swinging_strike",,,,,"11","Jeff Samardzija strikes out swinging.","R","R","R","CHC","STL","S","null","null",1,2,2012,"-0.60595000000000000000","-0.55680000000000000000","-0.4580","3.8250","null","null","null",2,5,"Bot","null","null",,,"null",,"null",,,,,,,"3.4500","1.6300","null","null","null","null","null","null",319241,"null","null","null","null","null","null","null","null","null","null","null","null","0.00",1,0,0,"null",39,"6"
"SI","2012-07-28","95.9","null","null","Joe Kelly",502188,523260,"null","ball",,,,,"11","null","R","R","R","CHC","STL","B","null","null",0,2,2012,"-0.41668333333333333333","-0.55106666666666666667","-1.7140","4.2230","null","null","null",2,5,"Bot","null","null",,,"null",,"null",,,,,,,"3.3700","1.5700","null","null","null","null","null","null",319241,"null","null","null","null","null","null","null","null","null","null","null","null","null","null","null","null","null",39,"5"
"SL","2012-07-28","82.3","null","null","Joe Kelly",502188,523260,"null","foul",,,,,"4","null","R","R","R","CHC","STL","S","null","null",0,2,2012,"0.07735833333333333333","-1.3422666666666667","-0.2800","2.8170","null","null","null",2,5,"Bot","null","null",,,"null",,"null",,,,,,,"3.4500","1.6300","null","null","null","null","null","null",319241,"null","null","null","null","null","null","null","null","null","null","null","null","null","null","null","null","null",39,"4"
"SI","2012-07-28","96.1","null","null","Joe Kelly",502188,523260,"null","foul",,,,,"1","null","R","R","R","CHC","STL","S","null","null",0,2,2012,"-0.58646666666666666667","-0.50806666666666666667","-0.3610","3.3540","null","null","null",2,5,"Bot","null","null",,,"null",,"null",,,,,,,"3.4500","1.6300","null","null","null","null","null","null",319241,"null","null","null","null","null","null","null","null","null","null","null","null","null","null","null","null","null",39,"3"
"SI","2012-07-28","97.3","null","null","Joe Kelly",502188,523260,"null","foul",,,,,"1","null","R","R","R","CHC","STL","S","null","null",0,1,2012,"-0.57950833333333333333","-0.58116666666666666667","-0.5620","3.2720","null","null","null",2,5,"Bot","null","null",,,"null",,"null",,,,,,,"3.4500","1.6300","null","null","null","null","null","null",319241,"null","null","null","null","null","null","null","null","null","null","null","null","null","null","null","null","null",39,"2"
"SI","2012-07-28","96.6","null","null","Joe Kelly",502188,523260,"null","called_strike",,,,,"6","null","R","R","R","CHC","STL","S","null","null",0,0,2012,"-0.60455833333333333333","-0.55966666666666666667","0.4390","2.3820","null","null","null",2,5,"Bot","null","null",,,"null",,"null",,,,,,,"3.3700","1.5100","null","null","null","null","null","null",319241,"null","null","null","null","null","null","null","null","null","null","null","null","null","null","null","null","null",39,"1"
"CH","2012-07-28","85.5","null","null","Joe Kelly",472528,523260,"field_out","hit_into_play",,,,,"4","Luis Valbuena grounds out, second baseman Skip Schumaker to first baseman Lance Berkman.","R","L","R","CHC","STL","X","4","ground_ball",1,1,2012,"-0.63100000000000000000","-1.0599000000000000","-0.4360","2.3130","null","null","null",1,5,"Bot","147.59","158.63",,,"null",,"null",,,,,,,"3.2500","1.5800","null","null","null","null","null","null",319241,"null","null","null","null","null","null","null","null","null","null","null","null","0.00",1,0,0,"null",38,"3"
"CH","2012-07-28","86.9","null","null","Joe Kelly",472528,523260,"null","ball",,,,,"14","null","R","L","R","CHC","STL","B","null","null",0,1,2012,"-0.77016666666666666667","-0.9237333333333333","1.8900","-0.0210","null","null","null",1,5,"Bot","null","null",,,"null",,"null",,,,,,,"3.1100","1.3800","null","null","null","null","null","null",319241,"null","null","null","null","null","null","null","null","null","null","null","null","null","null","null","null","null",38,"2"
"SI","2012-07-28","95.7","null","null","Joe Kelly",472528,523260,"null","called_strike",,,,,"13","null","R","L","R","CHC","STL","S","null","null",0,0,2012,"-0.66440000000000000000","-0.54103333333333333333","-1.2410","1.7280","null","null","null",1,5,"Bot","null","null",,,"null",,"null",,,,,,,"2.9400","1.2400","null","null","null","null","null","null",319241,"null","null","null","null","null","null","null","null","null","null","null","null","null","null","null","null","null",38,"1"
"SI","2012-07-28","94.6","null","null","Joe Kelly",425557,523260,"field_out","hit_into_play",,,,,"7","Jeff Baker grounds out, shortstop Daniel Descalso to first baseman Lance Berkman.","R","R","R","CHC","STL","X","6","ground_ball",2,0,2012,"-0.77016666666666666667","-0.56970000000000000000","-0.5660","2.1730","null","null","null",0,5,"Bot","105.42","156.63",,,"null",,"null",,,,,,,"3.5700","1.6900","null","null","null","null","null","null",319241,"null","null","null","null","null","null","null","null","null","null","null","null","0.00",1,0,0,"null",37,"3"
"FF","2012-07-28","95.4","null","null","Joe Kelly",425557,523260,"null","ball",,,,,"14","null","R","R","R","CHC","STL","B","null","null",1,0,2012,"-0.41111666666666666667","-0.29880000000000000000","1.5230","2.1600","null","null","null",0,5,"Bot","null","null",,,"null",,"null",,,,,,,"3.4900","1.5800","null","null","null","null","null","null",319241,"null","null","null","null","null","null","null","null","null","null","null","null","null","null","null","null","null",37,"2"
"SL","2012-07-28","80.0","null","null","Joe Kelly",425557,523260,"null","ball",,,,,"12","null","R","R","R","CHC","STL","B","null","null",0,0,2012,"0.31255000000000000000","-1.3666333333333333","0.9400","2.7310","null","null","null",0,5,"Bot","null","null",,,"null",,"null",,,,,,,"3.3600","1.5800","null","null","null","null","null","null",319241,"null","null","null","null","null","null","null","null","null","null","null","null","null","null","null","null","null",37,"1"
"SI","2012-07-28","91.8","null","null","Joe Kelly",434567,523260,"field_out","hit_into_play",,,,,"7","Geovany Soto lines out to right fielder Carlos Beltran.","R","R","R","CHC","STL","X","9","line_drive",0,1,2012,"-0.65744166666666666667","-0.54963333333333333333","-0.3820","1.9760","null","null","null",2,4,"Bot","171.69","101.41",,,"null",,"null",,,,,,,"3.4000","1.5400","null","null","null","null","null","null",319241,"null","null","null","null","null","null","null","null","null","null","null","null","0.00",1,0,0,"null",33,"2"
"SI","2012-07-28","96.0","null","null","Joe Kelly",434567,523260,"null","called_strike",,,,,"5","null","R","R","R","CHC","STL","S","null","null",0,0,2012,"-0.59899166666666666667","-0.54103333333333333333","0.2530","2.6870","null","null","null",2,4,"Bot","null","null",,,"null",,"null",,,,,,,"3.3800","1.4900","null","null","null","null","null","null",319241,"null","null","null","null","null","null","null","null","null","null","null","null","null","null","null","null","null",33,"1"
"SI","2012-07-28","94.1","null","null","Joe Kelly",445933,523260,"field_out","hit_into_play",,,,,"6","Bryan LaHair grounds out, first baseman Lance Berkman to pitcher Joe Kelly.","R","L","R","CHC","STL","X","3","ground_ball",2,1,2012,"-0.43895000000000000000","-0.59836666666666666667","0.6290","2.9550","null","null","null",1,4,"Bot","153.61","166.67",,,"null",,"null",,,,,,,"3.6700","1.8000","null","null","null","null","null","null",319241,"null","null","null","null","null","null","null","null","null","null","null","null","0.00",1,0,0,"null",32,"4"
"CH","2012-07-28","85.2","null","null","Joe Kelly",445933,523260,"null","ball",,,,,"11","null","R","L","R","CHC","STL","B","null","null",1,1,2012,"-0.61151666666666666667","-0.9065333333333333","-1.2490","3.4390","null","null","null",1,4,"Bot","null","null",,,"null",,"null",,,,,,,"3.4700","1.5800","null","null","null","null","null","null",319241,"null","null","null","null","null","null","null","null","null","null","null","null","null","null","null","null","null",32,"3"
"SI","2012-07-28","94.0","null","null","Joe Kelly",445933,523260,"null","called_strike",,,,,"4","null","R","L","R","CHC","STL","S","null","null",1,0,2012,"-0.62265000000000000000","-0.56253333333333333333","-0.5930","2.7530","null","null","null",1,4,"Bot","null","null",,,"null",,"null",,,,,,,"3.5600","1.4100","null","null","null","null","null","null",319241,"null","null","null","null","null","null","null","null","null","null","null","null","null","null","null","null","null",32,"2"
"SI","2012-07-28","95.2","null","null","Joe Kelly",445933,523260,"null","ball",,,,,"14","null","R","L","R","CHC","STL","B","null","null",0,0,2012,"-0.71589166666666666667","-0.84346666666666666667","0.8710","1.4720","null","null","null",1,4,"Bot","null","null",,,"null",,"null",,,,,,,"3.5600","1.4400","null","null","null","null","null","null",319241,"null","null","null","null","null","null","null","null","null","null","null","null","null","null","null","null","null",32,"1"
"SL","2012-07-28","81.5","null","null","Joe Kelly",150093,523260,"field_out","hit_into_play",,,,,"8","Alfonso Soriano flies out to left fielder Matt Holliday.","R","R","R","CHC","STL","X","7","fly_ball",0,0,2012,"0.28610833333333333333","-1.1960666666666667","0.1400","1.9110","null","null","null",0,4,"Bot","77.31","110.44",,,"null",,"null",,,,,,,"3.4000","1.5900","null","null","null","null","null","null",319241,"null","null","null","null","null","null","null","null","null","null","null","null","0.00",1,0,0,"null",31,"1"
"SI","2012-07-28","94.1","null","null","Joe Kelly",519203,523260,"strikeout","called_strike",,,,,"6","Anthony Rizzo called out on strikes.","R","L","R","CHC","STL","S","null","null",2,2,2012,"-0.64074166666666666667","-0.72020000000000000000","0.6460","2.8250","null","null","null",2,3,"Bot","null","null",,,"null",,"null",,,,,,,"3.5600","1.6100","null","null","null","null","null","null",319241,"null","null","null","null","null","null","null","null","null","null","null","null","0.00",1,0,0,"null",26,"7"
"SI","2012-07-28","96.6","null","null","Joe Kelly",519203,523260,"null","foul",,,,,"1","null","R","L","R","CHC","STL","S","null","null",2,2,2012,"-0.63378333333333333333","-0.61556666666666666667","-0.4210","3.3680","null","null","null",2,3,"Bot","null","null",,,"null",,"null",,,,,,,"3.6100","1.8100","null","null","null","null","null","null",319241,"null","null","null","null","null","null","null","null","null","null","null","null","null","null","null","null","null",26,"6"
"CH","2012-07-28","85.6","null","null","Joe Kelly",519203,523260,"null","foul",,,,,"8","null","R","L","R","CHC","STL","S","null","null",2,2,2012,"-0.70475833333333333333","-0.8979333333333333","-0.1010","1.7250","null","null","null",2,3,"Bot","null","null",,,"null",,"null",,,,,,,"3.6100","1.8100","null","null","null","null","null","null",319241,"null","null","null","null","null","null","null","null","null","null","null","null","null","null","null","null","null",26,"5"
"CH","2012-07-28","84.7","null","null","Joe Kelly",519203,523260,"null","foul",,,,,"13","null","R","L","R","CHC","STL","S","null","null",2,1,2012,"-0.83975000000000000000","-1.1487666666666667","-1.2520","2.1020","null","null","null",2,3,"Bot","null","null",,,"null",,"null",,,,,,,"3.6100","1.8100","null","null","null","null","null","null",319241,"null","null","null","null","null","null","null","null","null","null","null","null","null","null","null","null","null",26,"4"
"CH","2012-07-28","86.5","null","null","Joe Kelly",519203,523260,"null","ball",,,,,"14","null","R","L","R","CHC","STL","B","null","null",1,1,2012,"-0.75068333333333333333","-0.88073333333333333333","0.4030","0.7030","null","null","null",2,3,"Bot","null","null",,,"null",,"null",,,,,,,"3.6700","1.6100","null","null","null","null","null","null",319241,"null","null","null","null","null","null","null","null","null","null","null","null","null","null","null","null","null",26,"3"
"SL","2012-07-28","79.0","null","null","Joe Kelly",519203,523260,"null","called_strike",,,,,"8","null","R","L","R","CHC","STL","S","null","null",1,0,2012,"0.00081666666666666667","-1.8883666666666667","-0.1450","1.5790","null","null","null",2,3,"Bot","null","null",,,"null",,"null",,,,,,,"3.7000","1.5500","null","null","null","null","null","null",319241,"null","null","null","null","null","null","null","null","null","null","null","null","null","null","null","null","null",26,"2"
"CH","2012-07-28","87.3","null","null","Joe Kelly",519203,523260,"null","ball",,,,,"13","null","R","L","R","CHC","STL","B","null","null",0,0,2012,"-0.78408333333333333333","-1.0097333333333333","-0.4300","1.2690","null","null","null",2,3,"Bot","null","null",,,"null",,"null",,,,,,,"3.7300","1.6400","null","null","null","null","null","null",319241,"null","null","null","null","null","null","null","null","null","null","null","null","null","null","null","null","null",26,"1"
"CH","2012-07-28","85.3","null","null","Joe Kelly",516770,523260,"strikeout","swinging_strike_blocked",,,,,"13","Starlin Castro strikes out swinging.","R","R","R","CHC","STL","S","null","null",2,2,2012,"-0.71589166666666666667","-1.0556000000000000","-0.7760","0.7990","null","null","null",1,3,"Bot","null","null",,,"null",,"null",,,,,,,"3.4700","1.6000","null","null","null","null","null","null",319241,"null","null","null","null","null","null","null","null","null","null","null","null","0.00",1,0,0,"null",25,"6"
"CH","2012-07-28","86.3","null","null","Joe Kelly",516770,523260,"null","foul",,,,,"13","null","R","R","R","CHC","STL","S","null","null",2,2,2012,"-0.67553333333333333333","-0.86496666666666666667","-0.6590","1.3980","null","null","null",1,3,"Bot","null","null",,,"null",,"null",,,,,,,"3.4700","1.6000","null","null","null","null","null","null",319241,"null","null","null","null","null","null","null","null","null","null","null","null","null","null","null","null","null",25,"5"
"SL","2012-07-28","81.1","null","null","Joe Kelly",516770,523260,"null","ball",,,,,"13","null","R","R","R","CHC","STL","B","null","null",1,2,2012,"0.21235000000000000000","-1.3078666666666667","-0.2070","0.7630","null","null","null",1,3,"Bot","null","null",,,"null",,"null",,,,,,,"3.3800","1.5500","null","null","null","null","null","null",319241,"null","null","null","null","null","null","null","null","null","null","null","null","null","null","null","null","null",25,"4"
"SI","2012-07-28","94.7","null","null","Joe Kelly",516770,523260,"null","foul",,,,,"8","null","R","R","R","CHC","STL","S","null","null",1,1,2012,"-0.55724166666666666667","-0.57686666666666666667","0.1520","2.1410","null","null","null",1,3,"Bot","null","null",,,"null",,"null",,,,,,,"3.4700","1.6000","null","null","null","null","null","null",319241,"null","null","null","null","null","null","null","null","null","null","null","null","null","null","null","null","null",25,"3"
"SL","2012-07-28","83.0","null","null","Joe Kelly",516770,523260,"null","ball",,,,,"14","null","R","R","R","CHC","STL","B","null","null",0,1,2012,"0.28610833333333333333","-1.2763333333333333","1.4420","0.6690","null","null","null",1,3,"Bot","null","null",,,"null",,"null",,,,,,,"3.4700","1.4700","null","null","null","null","null","null",319241,"null","null","null","null","null","null","null","null","null","null","null","null","null","null","null","null","null",25,"2"
"SL","2012-07-28","81.5","null","null","Joe Kelly",516770,523260,"null","swinging_strike",,,,,"9","null","R","R","R","CHC","STL","S","null","null",0,0,2012,"0.25827500000000000000","-1.2949666666666667","0.3850","1.5590","null","null","null",1,3,"Bot","null","null",,,"null",,"null",,,,,,,"3.4700","1.6000","null","null","null","null","null","null",319241,"null","null","null","null","null","null","null","null","null","null","null","null","null","null","null","null","null",25,"1"
"CH","2012-07-28","83.7","null","null","Joe Kelly",430203,523260,"strikeout","swinging_strike",,,,,"13","David DeJesus strikes out swinging.","R","L","R","CHC","STL","S","null","null",2,2,2012,"-0.73537500000000000000","-1.0197666666666667","-0.8810","1.8570","null","null","null",0,3,"Bot","null","null",,,"null",,"null",,,,,,,"3.2200","1.5500","null","null","null","null","null","null",319241,"null","null","null","null","null","null","null","null","null","null","null","null","0.00",1,0,0,"null",24,"5"
"CH","2012-07-28","83.7","null","null","Joe Kelly",430203,523260,"null","ball",,,,,"11","null","R","L","R","CHC","STL","B","null","null",1,2,2012,"-0.70475833333333333333","-0.9796333333333333","-1.6750","3.5840","null","null","null",0,3,"Bot","null","null",,,"null",,"null",,,,,,,"3.1700","1.4700","null","null","null","null","null","null",319241,"null","null","null","null","null","null","null","null","null","null","null","null","null","null","null","null","null",24,"4"
"CH","2012-07-28","88.0","null","null","Joe Kelly",430203,523260,"null","called_strike",,,,,"8","null","R","L","R","CHC","STL","S","null","null",1,1,2012,"-0.71032500000000000000","-0.85063333333333333333","-0.0150","1.9270","null","null","null",0,3,"Bot","null","null",,,"null",,"null",,,,,,,"3.1900","1.4100","null","null","null","null","null","null",319241,"null","null","null","null","null","null","null","null","null","null","null","null","null","null","null","null","null",24,"3"
"CH","2012-07-28","85.5","null","null","Joe Kelly",430203,523260,"null","ball",,,,,"13","null","R","L","R","CHC","STL","B","null","null",0,1,2012,"-0.69362500000000000000","-1.1057666666666667","-0.0540","0.7860","null","null","null",0,3,"Bot","null","null",,,"null",,"null",,,,,,,"3.1100","1.4100","null","null","null","null","null","null",319241,"null","null","null","null","null","null","null","null","null","null","null","null","null","null","null","null","null",24,"2"
"SI","2012-07-28","93.6","null","null","Joe Kelly",430203,523260,"null","foul",,,,,"13","null","R","L","R","CHC","STL","S","null","null",0,0,2012,"-0.54193333333333333333","-0.64423333333333333333","-0.9110","2.2150","null","null","null",0,3,"Bot","null","null",,,"null",,"null",,,,,,,"3.2200","1.5500","null","null","null","null","null","null",319241,"null","null","null","null","null","null","null","null","null","null","null","null","null","null","null","null","null",24,"1"
"SI","2012-07-28","97.7","null","null","Joe Kelly",502188,523260,"strikeout","swinging_strike",,,,,"11","Jeff Samardzija strikes out swinging.","R","R","R","CHC","STL","S","null","null",1,2,2012,"-0.61569166666666666667","-0.43210000000000000000","-0.3460","3.6280","null","null","null",2,2,"Bot","null","null",,,"null",,"null",,,,,,,"3.4500","1.6300","null","null","null","null","null","null",319241,"null","null","null","null","null","null","null","null","null","null","null","null","0.00",1,0,0,"null",20,"5"
"SI","2012-07-28","96.6","null","null","Joe Kelly",502188,523260,"null","ball",,,,,"6","null","R","R","R","CHC","STL","B","null","null",0,2,2012,"-0.45565000000000000000","-0.46793333333333333333","0.7860","2.7320","null","null","null",2,2,"Bot","null","null",,,"null",,"null",,,,,,,"3.3600","1.4900","null","null","null","null","null","null",319241,"null","null","null","null","null","null","null","null","null","null","null","null","null","null","null","null","null",20,"4"
"SL","2012-07-28","81.7","null","null","Joe Kelly",502188,523260,"null","foul",,,,,"5","null","R","R","R","CHC","STL","S","null","null",0,2,2012,"0.29028333333333333333","-1.5257333333333333","-0.2660","2.2640","null","null","null",2,2,"Bot","null","null",,,"null",,"null",,,,,,,"3.4500","1.6300","null","null","null","null","null","null",319241,"null","null","null","null","null","null","null","null","null","null","null","null","null","null","null","null","null",20,"3"
"SI","2012-07-28","96.8","null","null","Joe Kelly",502188,523260,"null","called_strike",,,,,"2","null","R","R","R","CHC","STL","S","null","null",0,1,2012,"-0.57115833333333333333","-0.60553333333333333333","0.0090","2.9640","null","null","null",2,2,"Bot","null","null",,,"null",,"null",,,,,,,"3.3300","1.5500","null","null","null","null","null","null",319241,"null","null","null","null","null","null","null","null","null","null","null","null","null","null","null","null","null",20,"2"
"SI","2012-07-28","95.4","null","null","Joe Kelly",502188,523260,"null","foul",,,,,"5","null","R","R","R","CHC","STL","S","null","null",0,0,2012,"-0.45704166666666666667","-0.47366666666666666667","0.2450","2.7230","null","null","null",2,2,"Bot","null","null",,,"null",,"null",,,,,,,"3.4500","1.6300","null","null","null","null","null","null",319241,"null","null","null","null","null","null","null","null","null","null","null","null","null","null","null","null","null",20,"1"
"CH","2012-07-28","85.5","null","null","Joe Kelly",472528,523260,"field_out","hit_into_play",,,,,"4","Luis Valbuena flies out to center fielder Jon Jay.","R","L","R","CHC","STL","X","8","fly_ball",2,2,2012,"-0.76042500000000000000","-0.8864666666666667","-0.5780","2.1770","null","null","null",1,2,"Bot","89.36","56.22",,,"null",,"null",,,,,,,"3.2500","1.6100","null","null","null","null","null","null",319241,"null","null","null","null","null","null","null","null","null","null","null","null","0.00",1,0,0,"null",19,"5"
"SI","2012-07-28","96.0","null","null","Joe Kelly",472528,523260,"null","foul",,,,,"13","null","R","L","R","CHC","STL","S","null","null",2,1,2012,"-0.76877500000000000000","-0.76033333333333333333","-1.2220","2.1100","null","null","null",1,2,"Bot","null","null",,,"null",,"null",,,,,,,"3.2500","1.6100","null","null","null","null","null","null",319241,"null","null","null","null","null","null","null","null","null","null","null","null","null","null","null","null","null",19,"4"
"SI","2012-07-28","94.3","null","null","Joe Kelly",472528,523260,"null","called_strike",,,,,"11","null","R","L","R","CHC","STL","S","null","null",2,0,2012,"-0.75625000000000000000","-0.71016666666666666667","-1.1160","2.8590","null","null","null",1,2,"Bot","null","null",,,"null",,"null",,,,,,,"3.0500","1.3800","null","null","null","null","null","null",319241,"null","null","null","null","null","null","null","null","null","null","null","null","null","null","null","null","null",19,"3"
"SI","2012-07-28","94.6","null","null","Joe Kelly",472528,523260,"null","ball",,,,,"11","null","R","L","R","CHC","STL","B","null","null",1,0,2012,"-0.60595000000000000000","-0.63993333333333333333","-1.2140","2.4900","null","null","null",1,2,"Bot","null","null",,,"null",,"null",,,,,,,"3.0800","1.5000","null","null","null","null","null","null",319241,"null","null","null","null","null","null","null","null","null","null","null","null","null","null","null","null","null",19,"2"
"SI","2012-07-28","94.4","null","null","Joe Kelly",472528,523260,"null","ball",,,,,"13","null","R","L","R","CHC","STL","B","null","null",0,0,2012,"-0.51131666666666666667","-0.68436666666666666667","-1.2550","1.9030","null","null","null",1,2,"Bot","null","null",,,"null",,"null",,,,,,,"3.1100","1.4400","null","null","null","null","null","null",319241,"null","null","null","null","null","null","null","null","null","null","null","null","null","null","null","null","null",19,"1"
"SI","2012-07-28","94.7","null","null","Joe Kelly",425557,523260,"field_out","hit_into_play",,,,,"11","Jeff Baker grounds out, third baseman Matt Carpenter to first baseman Lance Berkman.","R","R","R","CHC","STL","X","5","ground_ball",2,2,2012,"-0.57394166666666666667","-0.52813333333333333333","-0.9600","2.8680","null","null","null",0,2,"Bot","101.41","167.67",,,"null",,"null",,,,,,,"3.5700","1.6900","null","null","null","null","null","null",319241,"null","null","null","null","null","null","null","null","null","null","null","null","0.00",1,0,0,"null",18,"5"
"SI","2012-07-28","95.6","null","null","Joe Kelly",425557,523260,"null","foul",,,,,"8","null","R","R","R","CHC","STL","S","null","null",2,1,2012,"-0.51688333333333333333","-0.46363333333333333333","-0.1400","2.1420","null","null","null",0,2,"Bot","null","null",,,"null",,"null",,,,,,,"3.5700","1.6900","null","null","null","null","null","null",319241,"null","null","null","null","null","null","null","null","null","null","null","null","null","null","null","null","null",18,"4"
"SI","2012-07-28","92.6","null","null","Joe Kelly",425557,523260,"null","ball",,,,,"13","null","R","R","R","CHC","STL","B","null","null",1,1,2012,"-0.68249166666666666667","-0.51093333333333333333","-1.4680","1.9710","null","null","null",0,2,"Bot","null","null",,,"null",,"null",,,,,,,"3.4900","1.7200","null","null","null","null","null","null",319241,"null","null","null","null","null","null","null","null","null","null","null","null","null","null","null","null","null",18,"3"
"SI","2012-07-28","92.3","null","null","Joe Kelly",425557,523260,"null","ball",,,,,"11","null","R","R","R","CHC","STL","B","null","null",0,1,2012,"-0.58368333333333333333","-0.57543333333333333333","-1.3660","3.2590","null","null","null",0,2,"Bot","null","null",,,"null",,"null",,,,,,,"3.4700","1.6600","null","null","null","null","null","null",319241,"null","null","null","null","null","null","null","null","null","null","null","null","null","null","null","null","null",18,"2"
"SL","2012-07-28","79.5","null","null","Joe Kelly",425557,523260,"null","called_strike",,,,,"5","null","R","R","R","CHC","STL","S","null","null",0,0,2012,"0.19147500000000000000","-1.4153666666666667","-0.0030","2.2940","null","null","null",0,2,"Bot","null","null",,,"null",,"null",,,,,,,"3.4700","1.6300","null","null","null","null","null","null",319241,"null","null","null","null","null","null","null","null","null","null","null","null","null","null","null","null","null",18,"1"
"SI","2012-07-28","96.6","null","null","Joe Kelly",434567,523260,"field_out","hit_into_play",,,,,"5","Geovany Soto grounds out, shortstop Daniel Descalso to first baseman Lance Berkman.","R","R","R","CHC","STL","X","6","ground_ball",0,0,2012,"-0.59342500000000000000","-0.65570000000000000000","-0.1250","2.6160","150093.00","null","null",2,1,"Bot","107.43","155.62",,,"null",,"null",,,,,,,"3.4000","1.5400","null","null","null","null","null","null",319241,"null","null","null","null","null","null","null","null","null","null","null","null","0.00",1,0,0,"null",12,"1"
"SI","2012-07-28","97.2","null","null","Joe Kelly",445933,523260,"field_out","hit_into_play",,,,,"13","Bryan LaHair grounds out, second baseman Skip Schumaker to first baseman Lance Berkman.","R","L","R","CHC","STL","X","4","ground_ball",2,2,2012,"-0.68249166666666666667","-0.60266666666666666667","-0.8350","2.0530","150093.00","null","null",1,1,"Bot","140.56","160.64",,,"null",,"null",,,,,,,"3.6700","1.8000","null","null","null","null","null","null",319241,"null","null","null","null","null","null","null","null","null","null","null","null","0.00",1,0,0,"null",11,"5"
"CH","2012-07-28","85.2","null","null","Joe Kelly",445933,523260,"null","foul",,,,,"13","null","R","L","R","CHC","STL","S","null","null",2,1,2012,"-0.71589166666666666667","-1.1803000000000000","-1.0400","2.6090","150093.00","null","null",1,1,"Bot","null","null",,,"null",,"null",,,,,,,"3.6700","1.8000","null","null","null","null","null","null",319241,"null","null","null","null","null","null","null","null","null","null","null","null","null","null","null","null","null",11,"4"
"CH","2012-07-28","85.1","null","null","Joe Kelly",445933,523260,"null","swinging_strike",,,,,"13","null","R","L","R","CHC","STL","S","null","null",2,0,2012,"-0.76181666666666666667","-1.1086333333333333","-1.4610","2.2020","150093.00","null","null",1,1,"Bot","null","null",,,"null",,"null",,,,,,,"3.6700","1.8000","null","null","null","null","null","null",319241,"null","null","null","null","null","null","null","null","null","null","null","null","null","null","null","null","null",11,"3"
"CH","2012-07-28","86.0","null","null","Joe Kelly",445933,523260,"null","ball",,,,,"13","null","R","L","R","CHC","STL","B","null","null",1,0,2012,"-0.68527500000000000000","-1.0183333333333333","-1.2530","2.3890","150093.00","null","null",1,1,"Bot","null","null",,,"null",,"null",,,,,,,"3.4200","1.5000","null","null","null","null","null","null",319241,"null","null","null","null","null","null","null","null","null","null","null","null","null","null","null","null","null",11,"2"
"CH","2012-07-28","85.3","null","null","Joe Kelly",445933,523260,"null","ball",,,,,"13","null","R","L","R","CHC","STL","B","null","null",0,0,2012,"-0.70197500000000000000","-1.0412666666666667","-2.3970","1.6300","150093.00","null","null",1,1,"Bot","null","null",,,"null",,"null",,,,,,,"3.5100","1.6100","null","null","null","null","null","null",319241,"null","null","null","null","null","null","null","null","null","null","null","null","null","null","null","null","null",11,"1"
"SL","2012-07-28","81.2","null","null","Joe Kelly",150093,523260,"triple","hit_into_play_score",,,,,"6","Alfonso Soriano triples (1) on a line drive to left fielder Matt Holliday.   David DeJesus scores.    Starlin Castro scores.","R","R","R","CHC","STL","X","null","line_drive",1,0,2012,"0.26523333333333333333","-1.3437000000000000","0.4040","2.8130","430203.00","516770.00","null",1,1,"Bot","26.10","96.39",,,"null",,"null",,,,,,,"3.4000","1.5900","null","null","null","null","null","null",319241,"null","null","null","null","null","null","null","null","null","null","null","null","1.60",1,1,2,"null",10,"2"
"SL","2012-07-28","84.7","null","null","Joe Kelly",150093,523260,"null","blocked_ball",,,,,"14","null","R","R","R","CHC","STL","B","null","null",0,0,2012,"0.09405833333333333333","-1.2247333333333333","1.5810","0.2390","430203.00","516770.00","null",1,1,"Bot","null","null",,,"null",,"null",,,,,,,"3.1300","1.4700","null","null","null","null","null","null",319241,"null","null","null","null","null","null","null","null","null","null","null","null","null","null","null","null","null",10,"1"
"FF","2012-07-28","96.4","null","null","Joe Kelly",519203,523260,"field_out","hit_into_play",,,,,"8","Anthony Rizzo pops out to shortstop Daniel Descalso.","R","L","R","CHC","STL","X","6","popup",0,0,2012,"-0.67692500000000000000","-0.59693333333333333333","0.0210","1.9720","430203.00","516770.00","null",0,1,"Bot","85.34","138.55",,,"null",,"null",,,,,,,"3.7500","1.8100","null","null","null","null","null","null",319241,"null","null","null","null","null","null","null","null","null","null","null","null","0.00",1,0,0,"null",9,"1"
"SI","2012-07-28","95.7","null","null","Joe Kelly",516770,523260,"double","hit_into_play_no_out",,,,,"5","Starlin Castro doubles (12) on a line drive to center fielder Jon Jay.   David DeJesus to 3rd.","R","R","R","CHC","STL","X","null","line_drive",1,1,2012,"-0.44312500000000000000","-0.46650000000000000000","0.0620","2.4030","null","null","430203.00",0,1,"Bot","99.40","46.18",,,"null",,"null",,,,,,,"3.4700","1.6000","null","null","null","null","null","null",319241,"null","null","null","null","null","null","null","null","null","null","null","null","1.25",1,1,1,"null",8,"3"
"SI","2012-07-28","94.9","null","null","Joe Kelly",516770,523260,"null","ball",,,,,"9","null","R","R","R","CHC","STL","B","null","null",0,1,2012,"-0.57811666666666666667","-0.70156666666666666667","0.4660","1.5860","null","null","430203.00",0,1,"Bot","null","null",,,"null",,"null",,,,,,,"3.5000","1.5200","null","null","null","null","null","null",319241,"null","null","null","null","null","null","null","null","null","null","null","null","null","null","null","null","null",8,"2"
"SI","2012-07-28","95.1","null","null","Joe Kelly",516770,523260,"null","called_strike",,,,,"2","null","R","R","R","CHC","STL","S","null","null",0,0,2012,"-0.48209166666666666667","-0.49086666666666666667","-0.0480","3.2230","null","null","430203.00",0,1,"Bot","null","null",,,"null",,"null",,,,,,,"3.4400","1.5500","null","null","null","null","null","null",319241,"null","null","null","null","null","null","null","null","null","null","null","null","null","null","null","null","null",8,"1"
"FF","2012-07-28","96.4","null","null","Joe Kelly",430203,523260,"single","hit_into_play_no_out",,,,,"6","David DeJesus singles on a line drive to right fielder Carlos Beltran.","R","L","R","CHC","STL","X","null","line_drive",1,2,2012,"-0.40694166666666666667","-0.42780000000000000000","0.5730","2.1730","null","null","null",0,1,"Bot","179.72","104.42",,,"null",,"null",,,,,,,"3.2200","1.5500","null","null","null","null","null","null",319241,"null","null","null","null","null","null","null","null","null","null","null","null","0.90",1,1,0,"null",7,"4"
"SI","2012-07-28","94.5","null","null","Joe Kelly",430203,523260,"null","foul",,,,,"5","null","R","L","R","CHC","STL","S","null","null",1,1,2012,"-0.48209166666666666667","-0.41920000000000000000","0.0180","2.2050","null","null","null",0,1,"Bot","null","null",,,"null",,"null",,,,,,,"3.2200","1.5500","null","null","null","null","null","null",319241,"null","null","null","null","null","null","null","null","null","null","null","null","null","null","null","null","null",7,"3"
"SI","2012-07-28","94.8","null","null","Joe Kelly",430203,523260,"null","ball",,,,,"12","null","R","L","R","CHC","STL","B","null","null",0,1,2012,"-0.54332500000000000000","-0.43210000000000000000","1.3780","2.4640","null","null","null",0,1,"Bot","null","null",,,"null",,"null",,,,,,,"3.2200","1.4400","null","null","null","null","null","null",319241,"null","null","null","null","null","null","null","null","null","null","null","null","null","null","null","null","null",7,"2"
"SI","2012-07-28","94.8","null","null","Joe Kelly",430203,523260,"null","called_strike",,,,,"7","null","R","L","R","CHC","STL","S","null","null",0,0,2012,"-0.63656666666666666667","-0.59550000000000000000","-0.4500","1.3760","null","null","null",0,1,"Bot","null","null",,,"null",,"null",,,,,,,"2.8900","1.3600","null","null","null","null","null","null",319241,"null","null","null","null","null","null","null","null","null","null","null","null","null","null","null","null","null",7,"1"
"SI","2012-07-23","95.3","null","null","Joe Kelly",150456,523260,"field_out","hit_into_play",,,,,"4","Adam Kennedy flies out to left fielder Matt Holliday in foul territory.","R","L","R","STL","LAD","X","7","fly_ball",0,0,2012,"-1.3240500000000000","0.73750000000000000000","-0.5160","2.5010","444843.00","407487.00","null",2,6,"Top","55.22","137.55",,,"null",,"null",,,,,,,"3.1100","1.4800","null","null","null","null","null","null",319170,"null","null","null","null","null","null","null","null","null","null","null","null","0.00",1,0,0,"null",46,"1"
"SI","2012-07-23","93.8","null","null","Joe Kelly",407487,523260,"fielders_choice_out","hit_into_play",,,,,"13","Juan Rivera reaches on a fielder's choice out, third baseman Matt Carpenter to catcher Yadier Molina to shortstop Rafael Furcal to pitcher Joe Kelly.   Matt Kemp out at home.    Andre Ethier to 3rd.    Juan Rivera to 2nd on the throw.","R","R","R","STL","LAD","X","5","ground_ball",0,0,2012,"-1.6538750000000000","0.68016666666666666667","-1.4160","2.2410","461314.00","444843.00","null",1,6,"Top","102.41","169.68",,,"null",,"null",,,,,,,"3.4100","1.6100","null","null","null","null","null","null",319170,"null","null","null","null","null","null","null","null","null","null","null","null","0.00",1,0,0,"null",45,"1"
"SI","2012-07-23","93.7","null","null","Joe Kelly",444843,523260,"double","hit_into_play_no_out",,,,,"5","Andre Ethier doubles (25) on a line drive to center fielder Jon Jay.   Matt Kemp to 3rd.","R","L","R","STL","LAD","X","null","line_drive",2,1,2012,"-1.4840916666666667","0.47520000000000000000","-0.1420","2.3880","null","null","461314.00",1,6,"Top","91.37","66.27",,,"null",,"null",,,,,,,"3.7300","1.6700","null","null","null","null","null","null",319170,"null","null","null","null","null","null","null","null","null","null","null","null","1.25",1,1,1,"null",44,"4"
"CH","2012-07-23","85.6","null","null","Joe Kelly",444843,523260,"null","foul",,,,,"7","null","R","L","R","STL","LAD","S","null","null",2,0,2012,"-1.6274333333333333","0.34476666666666666667","-0.4310","1.9110","null","null","461314.00",1,6,"Top","null","null",,,"null",,"null",,,,,,,"3.7300","1.6700","null","null","null","null","null","null",319170,"null","null","null","null","null","null","null","null","null","null","null","null","null","null","null","null","null",44,"3"
"SI","2012-07-23","90.8","null","null","Joe Kelly",444843,523260,"null","ball",,,,,"11","null","R","L","R","STL","LAD","B","null","null",1,0,2012,"-1.5884666666666667","0.28026666666666666667","-2.0180","2.6000","null","null","461314.00",1,6,"Top","null","null",,,"null",,"null",,,,,,,"3.5300","1.5700","null","null","null","null","null","null",319170,"null","null","null","null","null","null","null","null","null","null","null","null","null","null","null","null","null",44,"2"
"SI","2012-07-23","93.8","null","null","Joe Kelly",444843,523260,"null","ball",,,,,"12","null","R","L","R","STL","LAD","B","null","null",0,0,2012,"-1.2753416666666667","0.93243333333333333333","1.7370","2.5900","null","null","461314.00",1,6,"Top","null","null",,,"null",,"null",,,,,,,"3.5700","1.5300","null","null","null","null","null","null",319170,"null","null","null","null","null","null","null","null","null","null","null","null","null","null","null","null","null",44,"1"
"CH","2012-07-23","84.6","null","null","Joe Kelly",461314,523260,"single","hit_into_play_no_out",,,,,"11","Matt Kemp singles on a line drive to left fielder Matt Holliday.","R","R","R","STL","LAD","X","null","line_drive",1,1,2012,"-1.5035750000000000","0.17993333333333333333","-1.6850","2.7890","null","null","null",1,6,"Top","78.31","100.40",,,"null",,"null",,,,,,,"3.6100","1.7400","null","null","null","null","null","null",319170,"null","null","null","null","null","null","null","null","null","null","null","null","0.90",1,1,0,"null",43,"3"
"CH","2012-07-23","85.7","null","null","Joe Kelly",461314,523260,"null","ball",,,,,"13","null","R","R","R","STL","LAD","B","null","null",0,1,2012,"-1.5829000000000000","0.45226666666666666667","-0.4370","1.2040","null","null","null",1,6,"Top","null","null",,,"null",,"null",,,,,,,"3.6300","1.6300","null","null","null","null","null","null",319170,"null","null","null","null","null","null","null","null","null","null","null","null","null","null","null","null","null",43,"2"
"SI","2012-07-23","95.8","null","null","Joe Kelly",461314,523260,"null","foul",,,,,"4","null","R","R","R","STL","LAD","S","null","null",0,0,2012,"-1.02762500000000000000","0.95823333333333333333","-0.4490","2.5970","null","null","null",1,6,"Top","null","null",,,"null",,"null",,,,,,,"3.6100","1.7400","null","null","null","null","null","null",319170,"null","null","null","null","null","null","null","null","null","null","null","null","null","null","null","null","null",43,"1"
"SI","2012-07-23","91.9","null","null","Joe Kelly",407885,523260,"field_out","hit_into_play",,,,,"5","Mark Ellis grounds out, second baseman Skip Schumaker to first baseman Lance Berkman.","R","R","R","STL","LAD","X","4","ground_ball",1,1,2012,"-1.2308083333333333","0.78766666666666666667","-0.1400","2.5090","null","null","null",0,6,"Top","143.57","152.61",,,"null",,"null",,,,,,,"3.2500","1.5200","null","null","null","null","null","null",319170,"null","null","null","null","null","null","null","null","null","null","null","null","0.00",1,0,0,"null",42,"3"
"SI","2012-07-23","94.2","null","null","Joe Kelly",407885,523260,"null","ball",,,,,"14","null","R","R","R","STL","LAD","B","null","null",0,1,2012,"-1.6455250000000000","0.67873333333333333333","0.5890","1.1840","null","null","null",0,6,"Top","null","null",,,"null",,"null",,,,,,,"3.1900","1.4700","null","null","null","null","null","null",319170,"null","null","null","null","null","null","null","null","null","null","null","null","null","null","null","null","null",42,"2"
"SI","2012-07-23","94.1","null","null","Joe Kelly",407885,523260,"null","called_strike",,,,,"7","null","R","R","R","STL","LAD","S","null","null",0,0,2012,"-1.2433333333333333","1.06860000000000000000","-0.3410","1.4070","null","null","null",0,6,"Top","null","null",,,"null",,"null",,,,,,,"2.9500","1.3500","null","null","null","null","null","null",319170,"null","null","null","null","null","null","null","null","null","null","null","null","null","null","null","null","null",42,"1"
"SI","2012-07-23","93.6","null","null","Joe Kelly",407885,523260,"caught_stealing_2b","ball",,,,,"11","With Mark Ellis batting, Bobby Abreu caught stealing 2nd base, catcher Yadier Molina to second baseman Skip Schumaker.","R","R","R","STL","LAD","B","null","null",1,0,2012,"-1.4660000000000000","0.46373333333333333333","-0.1370","3.3670","null","null","110029.00",2,5,"Top","null","null",,,"null",,"null",,,,,,,"3.1200","1.4300","null","null","null","null","null","null",319170,"null","null","null","null","null","null","null","null","null","null","null","null","0.00",0,0,0,"null",37,"2"
"SI","2012-07-23","93.8","null","null","Joe Kelly",407885,523260,"null","ball",,,,,"12","null","R","R","R","STL","LAD","B","null","null",0,0,2012,"-1.4353833333333333","0.61280000000000000000","0.8070","3.2720","null","null","110029.00",2,5,"Top","null","null",,,"null",,"null",,,,,,,"3.1100","1.3100","null","null","null","null","null","null",319170,"null","null","null","null","null","null","null","null","null","null","null","null","null","null","null","null","null",37,"1"
"SI","2012-07-23","94.5","null","null","Joe Kelly",110029,523260,"walk","ball",,,,,"11","Bobby Abreu walks.","R","L","R","STL","LAD","B","null","null",3,2,2012,"-0.97474166666666666667","0.52680000000000000000","-0.9150","3.5430","null","null","null",2,5,"Top","null","null",,,"null",,"null",,,,,,,"3.2500","1.6600","null","null","null","null","null","null",319170,"null","null","null","null","null","null","null","null","null","null","null","null","0.70",1,0,0,"null",36,"6"
"SL","2012-07-23","82.5","null","null","Joe Kelly",110029,523260,"null","ball",,,,,"13","null","R","L","R","STL","LAD","B","null","null",2,2,2012,"0.65629166666666666667","-1.3121666666666667","-2.1020","2.3420","null","null","null",2,5,"Top","null","null",,,"null",,"null",,,,,,,"3.2800","1.7400","null","null","null","null","null","null",319170,"null","null","null","null","null","null","null","null","null","null","null","null","null","null","null","null","null",36,"5"
"SL","2012-07-23","79.6","null","null","Joe Kelly",110029,523260,"null","ball",,,,,"13","null","R","L","R","STL","LAD","B","null","null",1,2,2012,"0.44754166666666666667","-0.9753333333333333","-1.4430","1.5030","null","null","null",2,5,"Top","null","null",,,"null",,"null",,,,,,,"3.2900","1.7400","null","null","null","null","null","null",319170,"null","null","null","null","null","null","null","null","null","null","null","null","null","null","null","null","null",36,"4"
"SL","2012-07-23","82.6","null","null","Joe Kelly",110029,523260,"null","foul",,,,,"4","null","R","L","R","STL","LAD","S","null","null",1,1,2012,"0.47259166666666666667","-0.9796333333333333","-0.4950","2.4960","null","null","null",2,5,"Top","null","null",,,"null",,"null",,,,,,,"3.4000","1.7400","null","null","null","null","null","null",319170,"null","null","null","null","null","null","null","null","null","null","null","null","null","null","null","null","null",36,"3"
"SI","2012-07-23","94.1","null","null","Joe Kelly",110029,523260,"null","ball",,,,,"6","null","R","L","R","STL","LAD","B","null","null",0,1,2012,"-1.5328000000000000","0.50673333333333333333","0.5890","2.7230","null","null","null",2,5,"Top","null","null",,,"null",,"null",,,,,,,"3.2700","1.8300","null","null","null","null","null","null",319170,"null","null","null","null","null","null","null","null","null","null","null","null","null","null","null","null","null",36,"2"
"SI","2012-07-23","94.4","null","null","Joe Kelly",110029,523260,"null","called_strike",,,,,"11","null","R","L","R","STL","LAD","S","null","null",0,0,2012,"-1.6023833333333333","0.64433333333333333333","-0.9470","2.6710","null","null","null",2,5,"Top","null","null",,,"null",,"null",,,,,,,"3.2700","1.6400","null","null","null","null","null","null",319170,"null","null","null","null","null","null","null","null","null","null","null","null","null","null","null","null","null",36,"1"
"SL","2012-07-23","82.0","null","null","Joe Kelly",451532,523260,"field_out","hit_into_play",,,,,"8","Chad Billingsley flies out to left fielder Matt Holliday.","R","R","R","STL","LAD","X","7","fly_ball",0,1,2012,"0.65072500000000000000","-0.15833333333333333333","-0.2310","2.0630","null","null","null",1,5,"Top","87.35","120.48",,,"null",,"null",,,,,,,"3.4500","1.5500","null","null","null","null","null","null",319170,"null","null","null","null","null","null","null","null","null","null","null","null","0.00",1,0,0,"null",35,"2"
"SI","2012-07-23","93.4","null","null","Joe Kelly",451532,523260,"null","foul",,,,,"3","null","R","R","R","STL","LAD","S","null","null",0,0,2012,"-1.2990000000000000","0.44080000000000000000","0.3130","3.1150","null","null","null",1,5,"Top","null","null",,,"null",,"null",,,,,,,"3.4500","1.5500","null","null","null","null","null","null",319170,"null","null","null","null","null","null","null","null","null","null","null","null","null","null","null","null","null",35,"1"
"SL","2012-07-23","82.7","null","null","Joe Kelly",454560,523260,"field_out","hit_into_play",,,,,"1","A.  J.   Ellis pops out to shortstop Rafael Furcal.","R","R","R","STL","LAD","X","6","popup",2,2,2012,"0.69525833333333333333","-0.40773333333333333333","-0.3820","2.8930","null","null","null",0,5,"Top","107.43","147.59",,,"null",,"null",,,,,,,"3.4200","1.5900","null","null","null","null","null","null",319170,"null","null","null","null","null","null","null","null","null","null","null","null","0.00",1,0,0,"null",34,"5"
"SL","2012-07-23","82.1","null","null","Joe Kelly",454560,523260,"null","ball",,,,,"13","null","R","R","R","STL","LAD","B","null","null",1,2,2012,"0.50181666666666666667","-0.48226666666666666667","-0.0710","-0.0390","null","null","null",0,5,"Top","null","null",,,"null",,"null",,,,,,,"3.4200","1.4700","null","null","null","null","null","null",319170,"null","null","null","null","null","null","null","null","null","null","null","null","null","null","null","null","null",34,"4"
"SL","2012-07-23","80.6","null","null","Joe Kelly",454560,523260,"null","foul",,,,,"9","null","R","R","R","STL","LAD","S","null","null",1,1,2012,"0.68551666666666666667","-0.25580000000000000000","0.2920","2.1080","null","null","null",0,5,"Top","null","null",,,"null",,"null",,,,,,,"3.4200","1.5900","null","null","null","null","null","null",319170,"null","null","null","null","null","null","null","null","null","null","null","null","null","null","null","null","null",34,"3"
"SI","2012-07-23","94.2","null","null","Joe Kelly",454560,523260,"null","called_strike",,,,,"6","null","R","R","R","STL","LAD","S","null","null",1,0,2012,"-1.4423416666666667","0.89946666666666666667","0.3150","2.2080","null","null","null",0,5,"Top","null","null",,,"null",,"null",,,,,,,"3.4300","1.4300","null","null","null","null","null","null",319170,"null","null","null","null","null","null","null","null","null","null","null","null","null","null","null","null","null",34,"2"
"SI","2012-07-23","93.3","null","null","Joe Kelly",454560,523260,"null","ball",,,,,"11","null","R","R","R","STL","LAD","B","null","null",0,0,2012,"-1.12365000000000000000","0.70310000000000000000","-1.9200","3.0620","null","null","null",0,5,"Top","null","null",,,"null",,"null",,,,,,,"3.4600","1.5100","null","null","null","null","null","null",319170,"null","null","null","null","null","null","null","null","null","null","null","null","null","null","null","null","null",34,"1"
"SI","2012-07-23","96.1","null","null","Joe Kelly",458501,523260,"field_out","hit_into_play",,,,,"4","Luis Cruz grounds out, shortstop Rafael Furcal to first baseman Lance Berkman.","R","R","R","STL","LAD","X","6","ground_ball",0,2,2012,"-1.3435333333333333","0.41786666666666666667","-0.6690","2.5720","null","407487.00","null",2,4,"Top","105.42","158.63",,,"null",,"null",,,,,,,"3.5100","1.5900","null","null","null","null","null","null",319170,"null","null","null","null","null","null","null","null","null","null","null","null","0.00",1,0,0,"null",30,"4"
"SI","2012-07-23","94.3","null","null","Joe Kelly",458501,523260,"null","foul",,,,,"13","null","R","R","R","STL","LAD","S","null","null",0,2,2012,"-1.3755416666666667","0.33760000000000000000","-1.0760","2.1750","null","407487.00","null",2,4,"Top","null","null",,,"null",,"null",,,,,,,"3.5100","1.5900","null","null","null","null","null","null",319170,"null","null","null","null","null","null","null","null","null","null","null","null","null","null","null","null","null",30,"3"
"SI","2012-07-23","93.4","null","null","Joe Kelly",458501,523260,"null","foul",,,,,"3","null","R","R","R","STL","LAD","S","null","null",0,1,2012,"-0.90237500000000000000","0.69593333333333333333","0.3600","3.2410","null","407487.00","null",2,4,"Top","null","null",,,"null",,"null",,,,,,,"3.5100","1.5900","null","null","null","null","null","null",319170,"null","null","null","null","null","null","null","null","null","null","null","null","null","null","null","null","null",30,"2"
"SI","2012-07-23","95.6","null","null","Joe Kelly",458501,523260,"null","swinging_strike",,,,,"11","null","R","R","R","STL","LAD","S","null","null",0,0,2012,"-1.3365750000000000","0.62856666666666666667","-0.9440","3.8740","null","407487.00","null",2,4,"Top","null","null",,,"null",,"null",,,,,,,"3.5100","1.5900","null","null","null","null","null","null",319170,"null","null","null","null","null","null","null","null","null","null","null","null","null","null","null","null","null",30,"1"
"SI","2012-07-23","94.2","null","null","Joe Kelly",150456,523260,"field_out","hit_into_play",,,,,"1","Adam Kennedy grounds out, shortstop Rafael Furcal to first baseman Lance Berkman.   Juan Rivera to 2nd.","R","L","R","STL","LAD","X","6","ground_ball",0,1,2012,"-1.18905833333333333333","0.58556666666666666667","-0.7170","2.9750","null","null","407487.00",1,4,"Top","116.47","161.65",,,"null",,"null",,,,,,,"3.1100","1.4800","null","null","null","null","null","null",319170,"null","null","null","null","null","null","null","null","null","null","null","null","0.00",1,0,0,"null",29,"2"
"SI","2012-07-23","93.6","null","null","Joe Kelly",150456,523260,"null","foul",,,,,"8","null","R","L","R","STL","LAD","S","null","null",0,0,2012,"-1.3226583333333333","0.45083333333333333333","0.2700","1.7790","null","null","407487.00",1,4,"Top","null","null",,,"null",,"null",,,,,,,"3.1100","1.4800","null","null","null","null","null","null",319170,"null","null","null","null","null","null","null","null","null","null","null","null","null","null","null","null","null",29,"1"
"SL","2012-07-23","83.4","null","null","Joe Kelly",407487,523260,"walk","ball",,,,,"14","Juan Rivera walks.","R","R","R","STL","LAD","B","null","null",3,2,2012,"0.58114166666666666667","-0.46506666666666666667","1.2400","0.9990","null","null","null",1,4,"Top","null","null",,,"null",,"null",,,,,,,"3.4600","1.5500","null","null","null","null","null","null",319170,"null","null","null","null","null","null","null","null","null","null","null","null","0.70",1,0,0,"null",28,"7"
"SI","2012-07-23","96.2","null","null","Joe Kelly",407487,523260,"null","ball",,,,,"14","null","R","R","R","STL","LAD","B","null","null",2,2,2012,"-1.02762500000000000000","0.60420000000000000000","0.3010","1.1460","null","null","null",1,4,"Top","null","null",,,"null",,"null",,,,,,,"3.5500","1.6200","null","null","null","null","null","null",319170,"null","null","null","null","null","null","null","null","null","null","null","null","null","null","null","null","null",28,"6"
"SI","2012-07-23","95.9","null","null","Joe Kelly",407487,523260,"null","foul",,,,,"8","null","R","R","R","STL","LAD","S","null","null",2,2,2012,"-0.88567500000000000000","0.87366666666666666667","0.0540","1.6660","null","null","null",1,4,"Top","null","null",,,"null",,"null",,,,,,,"3.4100","1.6100","null","null","null","null","null","null",319170,"null","null","null","null","null","null","null","null","null","null","null","null","null","null","null","null","null",28,"5"
"SI","2012-07-23","96.1","null","null","Joe Kelly",407487,523260,"null","ball",,,,,"12","null","R","R","R","STL","LAD","B","null","null",1,2,2012,"-0.97752500000000000000","0.57123333333333333333","1.0530","2.9710","null","null","null",1,4,"Top","null","null",,,"null",,"null",,,,,,,"3.5400","1.6200","null","null","null","null","null","null",319170,"null","null","null","null","null","null","null","null","null","null","null","null","null","null","null","null","null",28,"4"
"SL","2012-07-23","82.0","null","null","Joe Kelly",407487,523260,"null","ball",,,,,"14","null","R","R","R","STL","LAD","B","null","null",0,2,2012,"0.56026666666666666667","-0.45073333333333333333","1.7060","0.5280","null","null","null",1,4,"Top","null","null",,,"null",,"null",,,,,,,"3.4600","1.4300","null","null","null","null","null","null",319170,"null","null","null","null","null","null","null","null","null","null","null","null","null","null","null","null","null",28,"3"
"SL","2012-07-23","82.4","null","null","Joe Kelly",407487,523260,"null","called_strike",,,,,"9","null","R","R","R","STL","LAD","S","null","null",0,1,2012,"0.72587500000000000000","-0.22140000000000000000","0.4990","1.9800","null","null","null",1,4,"Top","null","null",,,"null",,"null",,,,,,,"3.4700","1.5900","null","null","null","null","null","null",319170,"null","null","null","null","null","null","null","null","null","null","null","null","null","null","null","null","null",28,"2"
"SI","2012-07-23","94.5","null","null","Joe Kelly",407487,523260,"null","called_strike",,,,,"6","null","R","R","R","STL","LAD","S","null","null",0,0,2012,"-1.09164166666666666667","0.83353333333333333333","0.7090","2.6420","null","null","null",1,4,"Top","null","null",,,"null",,"null",,,,,,,"3.4200","1.5900","null","null","null","null","null","null",319170,"null","null","null","null","null","null","null","null","null","null","null","null","null","null","null","null","null",28,"1"
"CH","2012-07-23","87.1","null","null","Joe Kelly",444843,523260,"field_out","hit_into_play",,,,,"13","Andre Ethier lines out to center fielder Jon Jay.","R","L","R","STL","LAD","X","8","line_drive",0,0,2012,"-1.3491000000000000","0.36483333333333333333","-1.1240","2.1610","null","null","null",0,4,"Top","149.60","63.25",,,"null",,"null",,,,,,,"3.7300","1.6700","null","null","null","null","null","null",319170,"null","null","null","null","null","null","null","null","null","null","null","null","0.00",1,0,0,"null",27,"1"
"SI","2012-07-23","95.3","null","null","Joe Kelly",461314,523260,"field_out","hit_into_play",,,,,"13","Matt Kemp grounds out, third baseman Matt Carpenter to first baseman Lance Berkman.","R","R","R","STL","LAD","X","5","ground_ball",3,0,2012,"-1.4005916666666667","0.50530000000000000000","-1.1580","2.3410","null","null","null",2,3,"Top","102.41","170.68",,,"null",,"null",,,,,,,"3.6100","1.7400","null","null","null","null","null","null",319170,"null","null","null","null","null","null","null","null","null","null","null","null","0.00",1,0,0,"null",22,"4"
"SI","2012-07-23","95.8","null","null","Joe Kelly",461314,523260,"null","ball",,,,,"14","null","R","R","R","STL","LAD","B","null","null",2,0,2012,"-0.84670833333333333333","0.67586666666666666667","1.0020","1.8540","null","null","null",2,3,"Top","null","null",,,"null",,"null",,,,,,,"3.7500","1.7400","null","null","null","null","null","null",319170,"null","null","null","null","null","null","null","null","null","null","null","null","null","null","null","null","null",22,"3"
"SL","2012-07-23","82.5","null","null","Joe Kelly",461314,523260,"null","ball",,,,,"13","null","R","R","R","STL","LAD","B","null","null",1,0,2012,"0.49485833333333333333","-0.72593333333333333333","-0.5240","0.3890","null","null","null",2,3,"Top","null","null",,,"null",,"null",,,,,,,"3.7500","1.7500","null","null","null","null","null","null",319170,"null","null","null","null","null","null","null","null","null","null","null","null","null","null","null","null","null",22,"2"
"SL","2012-07-23","81.6","null","null","Joe Kelly",461314,523260,"null","ball",,,,,"11","null","R","R","R","STL","LAD","B","null","null",0,0,2012,"0.70221666666666666667","-0.9352000000000000","-1.8140","3.0200","null","null","null",2,3,"Top","null","null",,,"null",,"null",,,,,,,"3.7000","1.7500","null","null","null","null","null","null",319170,"null","null","null","null","null","null","null","null","null","null","null","null","null","null","null","null","null",22,"1"
"SL","2012-07-23","81.5","null","null","Joe Kelly",407885,523260,"field_out","hit_into_play",,,,,"13","Mark Ellis flies out to center fielder Jon Jay.","R","R","R","STL","LAD","X","8","fly_ball",0,1,2012,"0.73561666666666666667","-0.59406666666666666667","-0.1320","1.1290","null","null","null",1,3,"Top","137.55","97.39",,,"null",,"null",,,,,,,"3.2500","1.5200","null","null","null","null","null","null",319170,"null","null","null","null","null","null","null","null","null","null","null","null","0.00",1,0,0,"null",21,"2"
"SL","2012-07-23","81.7","null","null","Joe Kelly",407885,523260,"null","called_strike",,,,,"4","null","R","R","R","STL","LAD","S","null","null",0,0,2012,"0.81494166666666666667","-0.76320000000000000000","-0.6780","2.3660","null","null","null",1,3,"Top","null","null",,,"null",,"null",,,,,,,"3.1500","1.4300","null","null","null","null","null","null",319170,"null","null","null","null","null","null","null","null","null","null","null","null","null","null","null","null","null",21,"1"
"SL","2012-07-23","80.5","null","null","Joe Kelly",110029,523260,"field_out","hit_into_play",,,,,"7","Bobby Abreu grounds out, shortstop Rafael Furcal to first baseman Lance Berkman.","R","L","R","STL","LAD","X","6","ground_ball",0,1,2012,"0.33203333333333333333","-0.9853666666666667","-0.6380","1.6890","null","null","null",0,3,"Top","114.46","150.60",,,"null",,"null",,,,,,,"3.4000","1.7400","null","null","null","null","null","null",319170,"null","null","null","null","null","null","null","null","null","null","null","null","0.00",1,0,0,"null",20,"2"
"SI","2012-07-23","94.4","null","null","Joe Kelly",110029,523260,"null","called_strike",,,,,"11","null","R","L","R","STL","LAD","S","null","null",0,0,2012,"-1.5091416666666667","0.73750000000000000000","-0.8980","2.7290","null","null","null",0,3,"Top","null","null",,,"null",,"null",,,,,,,"3.3600","1.6900","null","null","null","null","null","null",319170,"null","null","null","null","null","null","null","null","null","null","null","null","null","null","null","null","null",20,"1"
"SI","2012-07-23","98.2","null","null","Joe Kelly",451532,523260,"field_out","hit_into_play",,,,,"5","Chad Billingsley grounds out to first baseman Lance Berkman.","R","R","R","STL","LAD","X","3","ground_ball",0,2,2012,"-1.15148333333333333333","1.18040000000000000000","-0.1830","2.4270","null","null","null",2,2,"Top","148.59","169.68",,,"null",,"null",,,,,,,"3.4500","1.5500","null","null","null","null","null","null",319170,"null","null","null","null","null","null","null","null","null","null","null","null","0.00",1,0,0,"null",15,"3"
"SI","2012-07-23","96.6","null","null","Joe Kelly",451532,523260,"null","swinging_strike",,,,,"8","null","R","R","R","STL","LAD","S","null","null",0,1,2012,"-1.03319166666666666667","0.90376666666666666667","-0.0060","1.6860","null","null","null",2,2,"Top","null","null",,,"null",,"null",,,,,,,"3.4500","1.5500","null","null","null","null","null","null",319170,"null","null","null","null","null","null","null","null","null","null","null","null","null","null","null","null","null",15,"2"
"SI","2012-07-23","95.2","null","null","Joe Kelly",451532,523260,"null","called_strike",,,,,"8","null","R","R","R","STL","LAD","S","null","null",0,0,2012,"-1.01649166666666666667","0.86793333333333333333","-0.0600","1.8260","null","null","null",2,2,"Top","null","null",,,"null",,"null",,,,,,,"3.8100","1.6200","null","null","null","null","null","null",319170,"null","null","null","null","null","null","null","null","null","null","null","null","null","null","null","null","null",15,"1"
"SL","2012-07-23","83.6","null","null","Joe Kelly",454560,523260,"strikeout","swinging_strike",,,,,"2","A.  J.   Ellis strikes out swinging.","R","R","R","STL","LAD","S","null","null",1,2,2012,"0.60758333333333333333","-0.36616666666666666667","0.0830","2.9810","null","null","null",1,2,"Top","null","null",,,"null",,"null",,,,,,,"3.4200","1.5900","null","null","null","null","null","null",319170,"null","null","null","null","null","null","null","null","null","null","null","null","0.00",1,0,0,"null",14,"5"
"SI","2012-07-23","95.8","null","null","Joe Kelly",454560,523260,"null","foul",,,,,"13","null","R","R","R","STL","LAD","S","null","null",1,2,2012,"-1.2711666666666667","0.76330000000000000000","-0.8620","2.0450","null","null","null",1,2,"Top","null","null",,,"null",,"null",,,,,,,"3.4200","1.5900","null","null","null","null","null","null",319170,"null","null","null","null","null","null","null","null","null","null","null","null","null","null","null","null","null",14,"4"
"SI","2012-07-23","96.2","null","null","Joe Kelly",454560,523260,"null","ball",,,,,"12","null","R","R","R","STL","LAD","B","null","null",0,2,2012,"-1.2349833333333333","0.79340000000000000000","0.0540","4.1220","null","null","null",1,2,"Top","null","null",,,"null",,"null",,,,,,,"3.3600","1.4200","null","null","null","null","null","null",319170,"null","null","null","null","null","null","null","null","null","null","null","null","null","null","null","null","null",14,"3"
"SI","2012-07-23","95.1","null","null","Joe Kelly",454560,523260,"null","foul",,,,,"13","null","R","R","R","STL","LAD","S","null","null",0,1,2012,"-1.2168916666666667","0.65293333333333333333","-1.0030","2.2880","null","null","null",1,2,"Top","null","null",,,"null",,"null",,,,,,,"3.4200","1.5900","null","null","null","null","null","null",319170,"null","null","null","null","null","null","null","null","null","null","null","null","null","null","null","null","null",14,"2"
"SI","2012-07-23","96.0","null","null","Joe Kelly",454560,523260,"null","called_strike",,,,,"6","null","R","R","R","STL","LAD","S","null","null",0,0,2012,"-0.95804166666666666667","0.91523333333333333333","0.5210","2.5880","null","null","null",1,2,"Top","null","null",,,"null",,"null",,,,,,,"3.5000","1.5900","null","null","null","null","null","null",319170,"null","null","null","null","null","null","null","null","null","null","null","null","null","null","null","null","null",14,"1"
"SL","2012-07-23","83.3","null","null","Joe Kelly",458501,523260,"home_run","hit_into_play_score",,,,,"3","Luis Cruz homers (2) on a fly ball to left field.   Andre Ethier scores.    Adam Kennedy scores.","R","R","R","STL","LAD","X","null","fly_ball",2,2,2012,"0.47676666666666666667","-0.51380000000000000000","0.3690","3.0840","null","444843.00","150456.00",1,2,"Top","44.18","65.26",,,"null",,"null",,,,,,,"3.5100","1.5900","null","null","null","null","null","null",319170,"null","null","null","null","null","null","null","null","null","null","null","null","2.00",1,0,3,"null",13,"7"
"SI","2012-07-23","95.8","null","null","Joe Kelly",458501,523260,"null","foul",,,,,"11","null","R","R","R","STL","LAD","S","null","null",2,2,2012,"-0.99840000000000000000","0.57123333333333333333","-0.6040","3.9210","null","444843.00","150456.00",1,2,"Top","null","null",,,"null",,"null",,,,,,,"3.5100","1.5900","null","null","null","null","null","null",319170,"null","null","null","null","null","null","null","null","null","null","null","null","null","null","null","null","null",13,"6"
"SI","2012-07-23","97.3","null","null","Joe Kelly",458501,523260,"null","foul",,,,,"11","null","R","R","R","STL","LAD","S","null","null",2,2,2012,"-1.5773333333333333","0.80630000000000000000","-0.8920","3.4980","null","444843.00","150456.00",1,2,"Top","null","null",,,"null",,"null",,,,,,,"3.5100","1.5900","null","null","null","null","null","null",319170,"null","null","null","null","null","null","null","null","null","null","null","null","null","null","null","null","null",13,"5"
"SI","2012-07-23","95.3","null","null","Joe Kelly",458501,523260,"null","called_strike",,,,,"6","null","R","R","R","STL","LAD","S","null","null",2,1,2012,"-1.3588416666666667","0.77763333333333333333","0.4800","2.0820","null","444843.00","150456.00",1,2,"Top","null","null",,,"null",,"null",,,,,,,"3.3800","1.4600","null","null","null","null","null","null",319170,"null","null","null","null","null","null","null","null","null","null","null","null","null","null","null","null","null",13,"4"
"SL","2012-07-23","83.3","null","null","Joe Kelly",458501,523260,"null","blocked_ball",,,,,"14","null","R","R","R","STL","LAD","B","null","null",1,1,2012,"0.56305000000000000000","0.04520000000000000000","0.8090","0.7350","null","444843.00","150456.00",1,2,"Top","null","null",,,"null",,"null",,,,,,,"3.3800","1.5100","null","null","null","null","null","null",319170,"null","null","null","null","null","null","null","null","null","null","null","null","null","null","null","null","null",13,"3"
"SI","2012-07-23","96.2","null","null","Joe Kelly",458501,523260,"null","called_strike",,,,,"5","null","R","R","R","STL","LAD","S","null","null",1,0,2012,"-1.8570583333333333","0.41356666666666666667","-0.1170","2.5770","null","444843.00","150456.00",1,2,"Top","null","null",,,"null",,"null",,,,,,,"3.4600","1.5600","null","null","null","null","null","null",319170,"null","null","null","null","null","null","null","null","null","null","null","null","null","null","null","null","null",13,"2"
"SI","2012-07-23","95.9","null","null","Joe Kelly",458501,523260,"null","ball",,,,,"7","null","R","R","R","STL","LAD","B","null","null",0,0,2012,"-1.3073500000000000","0.83353333333333333333","-0.7030","1.9060","null","444843.00","150456.00",1,2,"Top","null","null",,,"null",,"null",,,,,,,"3.4600","1.6800","null","null","null","null","null","null",319170,"null","null","null","null","null","null","null","null","null","null","null","null","null","null","null","null","null",13,"1"
"SL","2012-07-23","82.5","null","null","Joe Kelly",150456,523260,"single","hit_into_play_no_out",,,,,"1","Adam Kennedy singles on a pop up to left fielder Matt Holliday, deflected by shortstop Rafael Furcal.","R","L","R","STL","LAD","X","6","popup",2,2,2012,"0.63680833333333333333","-0.32890000000000000000","-0.3300","3.0240","null","444843.00","null",1,2,"Top","99.40","115.46",,,"null",,"null",,,,,,,"3.1100","1.4800","null","null","null","null","null","null",319170,"null","null","null","null","null","null","null","null","null","null","null","null","0.90",1,1,0,"null",12,"5"
"SI","2012-07-23","95.4","null","null","Joe Kelly",150456,523260,"null","foul",,,,,"13","null","R","L","R","STL","LAD","S","null","null",2,1,2012,"-1.7290250000000000","0.71456666666666666667","-0.8740","1.2420","null","444843.00","null",1,2,"Top","null","null",,,"null",,"null",,,,,,,"3.1100","1.4800","null","null","null","null","null","null",319170,"null","null","null","null","null","null","null","null","null","null","null","null","null","null","null","null","null",12,"4"
"SL","2012-07-23","83.9","null","null","Joe Kelly",150456,523260,"null","ball",,,,,"11","null","R","L","R","STL","LAD","B","null","null",1,1,2012,"0.15946666666666666667","-0.30883333333333333333","-1.8540","3.4150","null","444843.00","null",1,2,"Top","null","null",,,"null",,"null",,,,,,,"2.9600","1.2500","null","null","null","null","null","null",319170,"null","null","null","null","null","null","null","null","null","null","null","null","null","null","null","null","null",12,"3"
"SI","2012-07-23","96.5","null","null","Joe Kelly",150456,523260,"null","called_strike",,,,,"13","null","R","L","R","STL","LAD","S","null","null",1,0,2012,"-1.6594416666666667","0.67586666666666666667","-0.9020","1.7860","null","444843.00","null",1,2,"Top","null","null",,,"null",,"null",,,,,,,"3.0500","1.4200","null","null","null","null","null","null",319170,"null","null","null","null","null","null","null","null","null","null","null","null","null","null","null","null","null",12,"2"
"FF","2012-07-23","96.5","null","null","Joe Kelly",150456,523260,"null","ball",,,,,"14","null","R","L","R","STL","LAD","B","null","null",0,0,2012,"-0.82722500000000000000","1.7494333333333333","3.8840","1.6770","null","null","444843.00",1,2,"Top","null","null",,,"null",,"null",,,,,,,"3.0800","1.3300","null","null","null","null","null","null",319170,"null","null","null","null","null","null","null","null","null","null","null","null","null","null","null","null","null",12,"1"
"SI","2012-07-23","95.8","null","null","Joe Kelly",407487,523260,"field_out","hit_into_play",,,,,"4","Juan Rivera lines out softly to second baseman Skip Schumaker.","R","R","R","STL","LAD","X","4","line_drive",1,1,2012,"-1.6594416666666667","1.00696666666666666667","-0.7400","2.5530","null","null","444843.00",0,2,"Top","128.51","148.59",,,"null",,"null",,,,,,,"3.4100","1.6100","null","null","null","null","null","null",319170,"null","null","null","null","null","null","null","null","null","null","null","null","0.00",1,0,0,"null",11,"3"
"SI","2012-07-23","95.2","null","null","Joe Kelly",407487,523260,"null","foul_tip",,,,,"6","null","R","R","R","STL","LAD","S","null","null",1,0,2012,"-1.6677916666666667","1.03420000000000000000","0.2970","2.3740","null","null","444843.00",0,2,"Top","null","null",,,"null",,"null",,,,,,,"3.4100","1.6100","null","null","null","null","null","null",319170,"null","null","null","null","null","null","null","null","null","null","null","null","null","null","null","null","null",11,"2"
"SI","2012-07-23","94.7","null","null","Joe Kelly",407487,523260,"null","ball",,,,,"9","null","R","R","R","STL","LAD","B","null","null",0,0,2012,"-1.5675916666666667","0.70023333333333333333","0.6940","2.1440","null","null","444843.00",0,2,"Top","null","null",,,"null",,"null",,,,,,,"3.3300","1.6800","null","null","null","null","null","null",319170,"null","null","null","null","null","null","null","null","null","null","null","null","null","null","null","null","null",11,"1"
"FF","2012-07-23","96.5","null","null","Joe Kelly",444843,523260,"field_error","hit_into_play_no_out",,,,,"8","Andre Ethier reaches on a fielding error by first baseman Lance Berkman.","R","L","R","STL","LAD","X","3","ground_ball",3,2,2012,"-1.00953333333333333333","1.3208666666666667","0.0440","2.1560","null","null","null",0,2,"Top","147.59","162.65",,,"null",,"null",,,,,,,"3.7300","1.6700","null","null","null","null","null","null",319170,"null","null","null","null","null","null","null","null","null","null","null","null","0.00",1,0,0,"null",10,"7"
"CH","2012-07-23","87.0","null","null","Joe Kelly",444843,523260,"null","foul",,,,,"13","null","R","L","R","STL","LAD","S","null","null",3,2,2012,"-1.5105333333333333","0.14553333333333333333","-1.2310","2.2930","null","null","null",0,2,"Top","null","null",,,"null",,"null",,,,,,,"3.7300","1.6700","null","null","null","null","null","null",319170,"null","null","null","null","null","null","null","null","null","null","null","null","null","null","null","null","null",10,"6"
"SL","2012-07-23","81.8","null","null","Joe Kelly",444843,523260,"null","ball",,,,,"13","null","R","L","R","STL","LAD","B","null","null",2,2,2012,"0.57557500000000000000","-0.68006666666666666667","-0.7150","0.6320","null","null","null",0,2,"Top","null","null",,,"null",,"null",,,,,,,"3.6400","1.7300","null","null","null","null","null","null",319170,"null","null","null","null","null","null","null","null","null","null","null","null","null","null","null","null","null",10,"5"
"SI","2012-07-23","95.5","null","null","Joe Kelly",444843,523260,"null","foul",,,,,"13","null","R","L","R","STL","LAD","S","null","null",2,1,2012,"-0.87871666666666666667","0.85646666666666666667","-0.9380","2.4810","null","null","null",0,2,"Top","null","null",,,"null",,"null",,,,,,,"3.7300","1.6700","null","null","null","null","null","null",319170,"null","null","null","null","null","null","null","null","null","null","null","null","null","null","null","null","null",10,"4"
"SI","2012-07-23","94.6","null","null","Joe Kelly",444843,523260,"null","foul",,,,,"4","null","R","L","R","STL","LAD","S","null","null",2,0,2012,"-1.5536750000000000","0.37200000000000000000","-0.7570","2.5060","null","null","null",0,2,"Top","null","null",,,"null",,"null",,,,,,,"3.7300","1.6700","null","null","null","null","null","null",319170,"null","null","null","null","null","null","null","null","null","null","null","null","null","null","null","null","null",10,"3"
"CH","2012-07-23","85.9","null","null","Joe Kelly",444843,523260,"null","ball",,,,,"13","null","R","L","R","STL","LAD","B","null","null",1,0,2012,"-1.6622250000000000","0.37200000000000000000","-0.6610","1.3320","null","null","null",0,2,"Top","null","null",,,"null",,"null",,,,,,,"3.6500","1.6100","null","null","null","null","null","null",319170,"null","null","null","null","null","null","null","null","null","null","null","null","null","null","null","null","null",10,"2"
"SI","2012-07-23","95.6","null","null","Joe Kelly",444843,523260,"null","ball",,,,,"11","null","R","L","R","STL","LAD","B","null","null",0,0,2012,"-1.05267500000000000000","1.12593333333333333333","-1.4830","3.1510","null","null","null",0,2,"Top","null","null",,,"null",,"null",,,,,,,"3.6500","1.6900","null","null","null","null","null","null",319170,"null","null","null","null","null","null","null","null","null","null","null","null","null","null","null","null","null",10,"1"
"SI","2012-07-23","97.5","null","null","Joe Kelly",461314,523260,"field_out","hit_into_play",,,,,"5","Matt Kemp grounds out, shortstop Rafael Furcal to first baseman Lance Berkman.","R","R","R","STL","LAD","X","6","ground_ball",3,2,2012,"-1.2795166666666667","0.61853333333333333333","-0.2490","2.7420","null","null","null",2,1,"Top","114.46","151.61",,,"null",,"null",,,,,,,"3.6100","1.7400","null","null","null","null","null","null",319170,"null","null","null","null","null","null","null","null","null","null","null","null","0.00",1,0,0,"null",3,"8"
"CH","2012-07-23","87.0","null","null","Joe Kelly",461314,523260,"null","foul",,,,,"13","null","R","R","R","STL","LAD","S","null","null",3,2,2012,"-1.7262416666666667","0.23296666666666666667","-1.3650","2.5620","null","null","null",2,1,"Top","null","null",,,"null",,"null",,,,,,,"3.6100","1.7400","null","null","null","null","null","null",319170,"null","null","null","null","null","null","null","null","null","null","null","null","null","null","null","null","null",3,"7"
"CH","2012-07-23","87.0","null","null","Joe Kelly",461314,523260,"null","ball",,,,,"11","null","R","R","R","STL","LAD","B","null","null",2,2,2012,"-1.5091416666666667","0.42646666666666666667","-2.4070","2.7010","null","null","null",2,1,"Top","null","null",,,"null",,"null",,,,,,,"3.6300","1.6700","null","null","null","null","null","null",319170,"null","null","null","null","null","null","null","null","null","null","null","null","null","null","null","null","null",3,"6"
"SL","2012-07-23","85.2","null","null","Joe Kelly",461314,523260,"null","foul",,,,,"8","null","R","R","R","STL","LAD","S","null","null",2,2,2012,"0.34873333333333333333","-0.44786666666666666667","-0.0600","2.1250","null","null","null",2,1,"Top","null","null",,,"null",,"null",,,,,,,"3.6100","1.7400","null","null","null","null","null","null",319170,"null","null","null","null","null","null","null","null","null","null","null","null","null","null","null","null","null",3,"5"
"SI","2012-07-23","96.7","null","null","Joe Kelly",461314,523260,"null","ball",,,,,"3","null","R","R","R","STL","LAD","B","null","null",1,2,2012,"-1.4298166666666667","0.86076666666666666667","0.3300","3.4930","null","null","null",2,1,"Top","null","null",,,"null",,"null",,,,,,,"3.5900","1.7500","null","null","null","null","null","null",319170,"null","null","null","null","null","null","null","null","null","null","null","null","null","null","null","null","null",3,"4"
"SI","2012-07-23","96.8","null","null","Joe Kelly",461314,523260,"null","foul",,,,,"13","null","R","R","R","STL","LAD","S","null","null",1,1,2012,"-1.4061583333333333","1.09870000000000000000","-1.2980","1.5540","null","null","null",2,1,"Top","null","null",,,"null",,"null",,,,,,,"3.6100","1.7400","null","null","null","null","null","null",319170,"null","null","null","null","null","null","null","null","null","null","null","null","null","null","null","null","null",3,"3"
"SI","2012-07-23","95.1","null","null","Joe Kelly",461314,523260,"null","ball",,,,,"13","null","R","R","R","STL","LAD","B","null","null",0,1,2012,"-1.7318083333333333","0.87510000000000000000","-1.3510","1.1260","null","null","null",2,1,"Top","null","null",,,"null",,"null",,,,,,,"3.6300","1.6700","null","null","null","null","null","null",319170,"null","null","null","null","null","null","null","null","null","null","null","null","null","null","null","null","null",3,"2"
"SI","2012-07-23","96.2","null","null","Joe Kelly",461314,523260,"null","called_strike",,,,,"5","null","R","R","R","STL","LAD","S","null","null",0,0,2012,"-1.3699750000000000","0.99980000000000000000","0.1680","2.6100","null","null","null",2,1,"Top","null","null",,,"null",,"null",,,,,,,"3.6600","1.7400","null","null","null","null","null","null",319170,"null","null","null","null","null","null","null","null","null","null","null","null","null","null","null","null","null",3,"1"
"SI","2012-07-23","95.6","null","null","Joe Kelly",407885,523260,"grounded_into_double_play","hit_into_play",,,,,"8","Mark Ellis grounds into a double play, pitcher Joe Kelly to shortstop Rafael Furcal to first baseman Lance Berkman.   Bobby Abreu out at 2nd.","R","R","R","STL","LAD","X","1","ground_ball",0,2,2012,"-1.3922416666666667","0.67300000000000000000","0.1240","1.8110","null","null","110029.00",0,1,"Top","119.48","147.59",,,"null",,"null",,,,,,,"3.2500","1.5200","null","null","null","null","null","null",319170,"null","null","null","null","null","null","null","null","null","null","null","null","0.00",1,0,0,"null",2,"3"
"SI","2012-07-23","94.6","null","null","Joe Kelly",407885,523260,"null","called_strike",,,,,"5","null","R","R","R","STL","LAD","S","null","null",0,1,2012,"-1.4103333333333333","0.42646666666666666667","-0.0770","2.4250","null","null","110029.00",0,1,"Top","null","null",,,"null",,"null",,,,,,,"3.1900","1.4700","null","null","null","null","null","null",319170,"null","null","null","null","null","null","null","null","null","null","null","null","null","null","null","null","null",2,"2"
"SI","2012-07-23","94.6","null","null","Joe Kelly",407885,523260,"null","called_strike",,,,,"2","null","R","R","R","STL","LAD","S","null","null",0,0,2012,"-1.4882666666666667","0.44940000000000000000","-0.0980","2.9790","null","null","110029.00",0,1,"Top","null","null",,,"null",,"null",,,,,,,"3.1100","1.3800","null","null","null","null","null","null",319170,"null","null","null","null","null","null","null","null","null","null","null","null","null","null","null","null","null",2,"1"
"SI","2012-07-23","96.5","null","null","Joe Kelly",110029,523260,"walk","ball",,,,,"13","Bobby Abreu walks.","R","L","R","STL","LAD","B","null","null",3,2,2012,"-1.6608333333333333","0.29890000000000000000","-2.0620","2.0930","null","null","null",0,1,"Top","null","null",,,"null",,"null",,,,,,,"3.3300","1.7800","null","null","null","null","null","null",319170,"null","null","null","null","null","null","null","null","null","null","null","null","0.70",1,0,0,"null",1,"6"
"SI","2012-07-23","96.0","null","null","Joe Kelly",110029,523260,"null","foul",,,,,"13","null","R","L","R","STL","LAD","S","null","null",3,1,2012,"-1.8083500000000000","0.23440000000000000000","-0.9920","1.8670","null","null","null",0,1,"Top","null","null",,,"null",,"null",,,,,,,"3.4000","1.7400","null","null","null","null","null","null",319170,"null","null","null","null","null","null","null","null","null","null","null","null","null","null","null","null","null",1,"5"
"SI","2012-07-23","95.2","null","null","Joe Kelly",110029,523260,"null","called_strike",,,,,"6","null","R","L","R","STL","LAD","S","null","null",3,0,2012,"-1.9322083333333333","0.70453333333333333333","0.4870","2.4200","null","null","null",0,1,"Top","null","null",,,"null",,"null",,,,,,,"3.3200","1.6900","null","null","null","null","null","null",319170,"null","null","null","null","null","null","null","null","null","null","null","null","null","null","null","null","null",1,"4"
"SI","2012-07-23","96.0","null","null","Joe Kelly",110029,523260,"null","ball",,,,,"6","null","R","L","R","STL","LAD","B","null","null",2,0,2012,"-1.8681916666666667","0.84356666666666666667","0.7470","2.6750","null","null","null",0,1,"Top","null","null",,,"null",,"null",,,,,,,"3.3100","1.7500","null","null","null","null","null","null",319170,"null","null","null","null","null","null","null","null","null","null","null","null","null","null","null","null","null",1,"3"
"SI","2012-07-23","95.6","null","null","Joe Kelly",110029,523260,"null","ball",,,,,"6","null","R","L","R","STL","LAD","B","null","null",1,0,2012,"-1.2739500000000000","1.23056666666666666667","0.6340","2.4330","null","null","null",0,1,"Top","null","null",,,"null",,"null",,,,,,,"3.2600","1.6600","null","null","null","null","null","null",319170,"null","null","null","null","null","null","null","null","null","null","null","null","null","null","null","null","null",1,"2"
"SI","2012-07-23","95.0","null","null","Joe Kelly",110029,523260,"null","ball",,,,,"13","null","R","L","R","STL","LAD","B","null","null",0,0,2012,"-1.7554666666666667","0.92096666666666666667","-0.0870","1.4400","null","null","null",0,1,"Top","null","null",,,"null",,"null",,,,,,,"3.3200","1.7200","null","null","null","null","null","null",319170,"null","null","null","null","null","null","null","null","null","null","null","null","null","null","null","null","null",1,"1"
"CH","2012-07-17","85.9","null","null","Joe Kelly",430001,523260,"strikeout","swinging_strike",,,,,"4","Rickie Weeks strikes out swinging.","R","R","R","MIL","STL","S","null","null",3,2,2012,"-1.4172916666666667","-0.30166666666666666667","-0.7250","2.4780","null","null","null",2,6,"Bot","null","null",,,"null",,"null",,,,,,,"3.5100","1.5800","null","null","null","null","null","null",319089,"null","null","null","null","null","null","null","null","null","null","null","null","0.00",1,0,0,"null",47,"6"
"CH","2012-07-17","86.8","null","null","Joe Kelly",430001,523260,"null","ball",,,,,"14","null","R","R","R","MIL","STL","B","null","null",2,2,2012,"-1.6065583333333333","0.12403333333333333333","0.6030","0.3780","null","null","null",2,6,"Bot","null","null",,,"null",,"null",,,,,,,"3.7300","1.7800","null","null","null","null","null","null",319089,"null","null","null","null","null","null","null","null","null","null","null","null","null","null","null","null","null",47,"5"
"SL","2012-07-17","83.0","null","null","Joe Kelly",430001,523260,"null","ball",,,,,"14","null","R","R","R","MIL","STL","B","null","null",1,2,2012,"1.1976500000000000","-0.62416666666666666667","0.3650","1.4320","null","null","null",2,6,"Bot","null","null",,,"null",,"null",,,,,,,"3.6800","1.6500","null","null","null","null","null","null",319089,"null","null","null","null","null","null","null","null","null","null","null","null","null","null","null","null","null",47,"4"
"CH","2012-07-17","87.0","null","null","Joe Kelly",430001,523260,"null","swinging_strike",,,,,"14","null","R","R","R","MIL","STL","S","null","null",1,1,2012,"-1.6664000000000000","0.21720000000000000000","0.9760","2.2330","null","null","null",2,6,"Bot","null","null",,,"null",,"null",,,,,,,"3.5100","1.5800","null","null","null","null","null","null",319089,"null","null","null","null","null","null","null","null","null","null","null","null","null","null","null","null","null",47,"3"
"SL","2012-07-17","81.6","null","null","Joe Kelly",430001,523260,"null","ball",,,,,"13","null","R","R","R","MIL","STL","B","null","null",0,1,2012,"1.2755833333333333","-0.57113333333333333333","-0.8900","1.5650","null","null","null",2,6,"Bot","null","null",,,"null",,"null",,,,,,,"3.6400","1.6900","null","null","null","null","null","null",319089,"null","null","null","null","null","null","null","null","null","null","null","null","null","null","null","null","null",47,"2"
"SI","2012-07-17","95.2","null","null","Joe Kelly",430001,523260,"null","swinging_strike",,,,,"6","null","R","R","R","MIL","STL","S","null","null",0,0,2012,"-0.89680833333333333333","0.69450000000000000000","0.2990","2.8930","null","null","null",2,6,"Bot","null","null",,,"null",,"null",,,,,,,"3.5100","1.5800","null","null","null","null","null","null",319089,"null","null","null","null","null","null","null","null","null","null","null","null","null","null","null","null","null",47,"1"
"SL","2012-07-17","80.5","null","null","Joe Kelly",430611,523260,"field_out","hit_into_play",,,,,"1","Corey Hart flies out to right fielder Carlos Beltran.","R","R","R","MIL","STL","X","9","fly_ball",2,2,2012,"0.9847250000000000","-0.9610000000000000","-0.4090","3.3700","null","null","null",1,6,"Bot","188.76","74.30",,,"null",,"null",,,,,,,"3.5200","1.6200","null","null","null","null","null","null",319089,"null","null","null","null","null","null","null","null","null","null","null","null","0.00",1,0,0,"null",46,"6"
"SI","2012-07-17","96.6","null","null","Joe Kelly",430611,523260,"null","foul",,,,,"6","null","R","R","R","MIL","STL","S","null","null",2,2,2012,"-1.4520833333333333","0.34763333333333333333","0.3660","2.5330","null","null","null",1,6,"Bot","null","null",,,"null",,"null",,,,,,,"3.5200","1.6200","null","null","null","null","null","null",319089,"null","null","null","null","null","null","null","null","null","null","null","null","null","null","null","null","null",46,"5"
"SI","2012-07-17","96.1","null","null","Joe Kelly",430611,523260,"null","called_strike",,,,,"8","null","R","R","R","MIL","STL","S","null","null",2,1,2012,"-1.03875833333333333333","0.44366666666666666667","0.0810","1.7070","null","null","null",1,6,"Bot","null","null",,,"null",,"null",,,,,,,"3.5600","1.6200","null","null","null","null","null","null",319089,"null","null","null","null","null","null","null","null","null","null","null","null","null","null","null","null","null",46,"4"
"SI","2012-07-17","95.7","null","null","Joe Kelly",430611,523260,"null","ball",,,,,"14","null","R","R","R","MIL","STL","B","null","null",1,1,2012,"-1.06102500000000000000","0.90520000000000000000","1.8060","1.8150","null","null","null",1,6,"Bot","null","null",,,"null",,"null",,,,,,,"3.5200","1.6200","null","null","null","null","null","null",319089,"null","null","null","null","null","null","null","null","null","null","null","null","null","null","null","null","null",46,"3"
"SI","2012-07-17","96.6","null","null","Joe Kelly",430611,523260,"null","ball",,,,,"13","null","R","R","R","MIL","STL","B","null","null",0,1,2012,"-1.09581666666666666667","0.81633333333333333333","-0.8640","1.1760","null","null","null",1,6,"Bot","null","null",,,"null",,"null",,,,,,,"3.5200","1.6200","null","null","null","null","null","null",319089,"null","null","null","null","null","null","null","null","null","null","null","null","null","null","null","null","null",46,"2"
"CH","2012-07-17","86.4","null","null","Joe Kelly",430611,523260,"null","swinging_strike",,,,,"13","null","R","R","R","MIL","STL","S","null","null",0,0,2012,"-1.4465166666666667","0.05523333333333333333","-0.8860","2.1770","null","null","null",1,6,"Bot","null","null",,,"null",,"null",,,,,,,"3.5200","1.6200","null","null","null","null","null","null",319089,"null","null","null","null","null","null","null","null","null","null","null","null","null","null","null","null","null",46,"1"
"CH","2012-07-17","86.5","null","null","Joe Kelly",133380,523260,"field_out","hit_into_play",,,,,"8","Aramis Ramirez flies out to right fielder Carlos Beltran.","R","R","R","MIL","STL","X","9","fly_ball",0,1,2012,"-1.5105333333333333","0.21146666666666666667","-0.2640","2.0710","null","null","null",0,6,"Bot","188.76","58.23",,,"null",,"null",,,,,,,"3.6000","1.7200","null","null","null","null","null","null",319089,"null","null","null","null","null","null","null","null","null","null","null","null","0.00",1,0,0,"null",45,"2"
"SI","2012-07-17","94.6","null","null","Joe Kelly",133380,523260,"null","called_strike",,,,,"9","null","R","R","R","MIL","STL","S","null","null",0,0,2012,"-0.90515833333333333333","0.86220000000000000000","0.2900","1.9860","null","null","null",0,6,"Bot","null","null",,,"null",,"null",,,,,,,"3.6400","1.7200","null","null","null","null","null","null",319089,"null","null","null","null","null","null","null","null","null","null","null","null","null","null","null","null","null",45,"1"
"SI","2012-07-17","96.5","null","null","Joe Kelly",460075,523260,"strikeout","called_strike",,,,,"2","Ryan Braun called out on strikes.","R","R","R","MIL","STL","S","null","null",1,2,2012,"-0.99422500000000000000","0.24730000000000000000","0.2060","3.2760","null","null","null",2,5,"Bot","null","null",,,"null",,"null",,,,,,,"3.8100","1.8200","null","null","null","null","null","null",319089,"null","null","null","null","null","null","null","null","null","null","null","null","0.00",1,0,0,"null",41,"5"
"SL","2012-07-17","80.8","null","null","Joe Kelly",460075,523260,"null","foul",,,,,"14","null","R","R","R","MIL","STL","S","null","null",1,2,2012,"1.0362166666666667","-0.8850333333333333","0.4520","1.5400","null","null","null",2,5,"Bot","null","null",,,"null",,"null",,,,,,,"3.6700","1.7600","null","null","null","null","null","null",319089,"null","null","null","null","null","null","null","null","null","null","null","null","null","null","null","null","null",41,"4"
"CH","2012-07-17","86.2","null","null","Joe Kelly",460075,523260,"null","called_strike",,,,,"13","null","R","R","R","MIL","STL","S","null","null",1,1,2012,"-1.4785250000000000","0.02800000000000000000","-0.4010","1.7270","null","null","null",2,5,"Bot","null","null",,,"null",,"null",,,,,,,"3.8500","1.9000","null","null","null","null","null","null",319089,"null","null","null","null","null","null","null","null","null","null","null","null","null","null","null","null","null",41,"3"
"SI","2012-07-17","94.1","null","null","Joe Kelly",460075,523260,"null","called_strike",,,,,"8","null","R","R","R","MIL","STL","S","null","null",1,0,2012,"-1.12504166666666666667","0.54256666666666666667","-0.0710","1.8270","null","null","null",2,5,"Bot","null","null",,,"null",,"null",,,,,,,"3.6900","1.7800","null","null","null","null","null","null",319089,"null","null","null","null","null","null","null","null","null","null","null","null","null","null","null","null","null",41,"2"
"SL","2012-07-17","81.3","null","null","Joe Kelly",460075,523260,"null","ball",,,,,"11","null","R","R","R","MIL","STL","B","null","null",0,0,2012,"1.0083833333333333","-0.61700000000000000000","-2.1790","3.7790","null","null","null",2,5,"Bot","null","null",,,"null",,"null",,,,,,,"3.7300","1.7800","null","null","null","null","null","null",319089,"null","null","null","null","null","null","null","null","null","null","null","null","null","null","null","null","null",41,"1"
"SL","2012-07-17","81.1","null","null","Joe Kelly",460576,523260,"field_out","hit_into_play",,,,,"1","Carlos Gomez pops out to shortstop Rafael Furcal.","R","R","R","MIL","STL","X","6","popup",1,1,2012,"1.0960583333333333","-0.62416666666666666667","-0.7760","2.9980","null","null","null",1,5,"Bot","90.36","150.60",,,"null",,"null",,,,,,,"3.3600","1.5200","null","null","null","null","null","null",319089,"null","null","null","null","null","null","null","null","null","null","null","null","0.00",1,0,0,"null",40,"3"
"SI","2012-07-17","95.4","null","null","Joe Kelly",460576,523260,"null","foul",,,,,"4","null","R","R","R","MIL","STL","S","null","null",1,0,2012,"-1.2141083333333333","0.61280000000000000000","-0.7020","2.2920","null","null","null",1,5,"Bot","null","null",,,"null",,"null",,,,,,,"3.3600","1.5200","null","null","null","null","null","null",319089,"null","null","null","null","null","null","null","null","null","null","null","null","null","null","null","null","null",40,"2"
"SL","2012-07-17","79.9","null","null","Joe Kelly",460576,523260,"null","ball",,,,,"11","null","R","R","R","MIL","STL","B","null","null",0,0,2012,"1.2268750000000000","-0.45933333333333333333","-0.9800","3.2840","null","null","null",1,5,"Bot","null","null",,,"null",,"null",,,,,,,"3.5200","1.5200","null","null","null","null","null","null",319089,"null","null","null","null","null","null","null","null","null","null","null","null","null","null","null","null","null",40,"1"
"CH","2012-07-17","86.2","null","null","Joe Kelly",493114,523260,"field_out","hit_into_play",,,,,"8","Norichika Aoki flies out softly to center fielder Jon Jay.","R","L","R","MIL","STL","X","8","fly_ball",1,1,2012,"-1.5564583333333333","0.42216666666666666667","0.2070","1.8250","null","null","null",0,5,"Bot","96.39","85.34",,,"null",,"null",,,,,,,"3.0900","1.3800","null","null","null","null","null","null",319089,"null","null","null","null","null","null","null","null","null","null","null","null","0.00",1,0,0,"null",39,"3"
"CH","2012-07-17","85.3","null","null","Joe Kelly",493114,523260,"null","called_strike",,,,,"5","null","R","L","R","MIL","STL","S","null","null",1,0,2012,"-1.4409500000000000","0.16846666666666666667","0.1300","2.3560","null","null","null",0,5,"Bot","null","null",,,"null",,"null",,,,,,,"3.1700","1.4600","null","null","null","null","null","null",319089,"null","null","null","null","null","null","null","null","null","null","null","null","null","null","null","null","null",39,"2"
"CH","2012-07-17","84.9","null","null","Joe Kelly",493114,523260,"null","ball",,,,,"11","null","R","L","R","MIL","STL","B","null","null",0,0,2012,"-1.3477083333333333","0.29173333333333333333","-1.9630","2.4460","null","null","null",0,5,"Bot","null","null",,,"null",,"null",,,,,,,"3.1300","1.3800","null","null","null","null","null","null",319089,"null","null","null","null","null","null","null","null","null","null","null","null","null","null","null","null","null",39,"1"
"SI","2012-07-17","94.2","null","null","Joe Kelly",150116,523260,"grounded_into_double_play","hit_into_play",,,,,"11","Randy Wolf ground bunts into double play, catcher Yadier Molina to shortstop Rafael Furcal to first baseman Allen Craig.    Cesar Izturis out at 2nd.","R","L","R","MIL","STL","X","2","ground_ball",0,0,2012,"-1.4701750000000000","0.15556666666666666667","-1.2970","2.6610","null","null","285131.00",1,4,"Bot","126.51","193.78",,,"null",,"null",,,,,,,"3.4100","1.5900","null","null","null","null","null","null",319089,"null","null","null","null","null","null","null","null","null","null","null","null","0.00",1,0,0,"null",35,"1"
"SI","2012-07-17","93.7","null","null","Joe Kelly",285131,523260,"single","hit_into_play_no_out",,,,,"7","Cesar Izturis singles on a ground ball to center fielder Jon Jay.","R","L","R","MIL","STL","X","null","ground_ball",1,0,2012,"-1.6316083333333333","0.09250000000000000000","-0.3030","1.5730","null","null","null",1,4,"Bot","138.55","88.35",,,"null",,"null",,,,,,,"3.2900","1.5800","null","null","null","null","null","null",319089,"null","null","null","null","null","null","null","null","null","null","null","null","0.90",1,1,0,"null",34,"2"
"SI","2012-07-17","93.3","null","null","Joe Kelly",285131,523260,"null","ball",,,,,"13","null","R","L","R","MIL","STL","B","null","null",0,0,2012,"-1.4061583333333333","0.36196666666666666667","-1.4320","1.7830","null","null","null",1,4,"Bot","null","null",,,"null",,"null",,,,,,,"3.3800","1.5800","null","null","null","null","null","null",319089,"null","null","null","null","null","null","null","null","null","null","null","null","null","null","null","null","null",34,"1"
"CH","2012-07-17","85.8","null","null","Joe Kelly",435459,523260,"field_out","hit_into_play",,,,,"8","George Kottaras grounds out, first baseman Allen Craig to pitcher Joe Kelly.","R","L","R","MIL","STL","X","3","ground_ball",1,1,2012,"-1.4061583333333333","0.32040000000000000000","-0.0660","1.9620","null","null","null",0,4,"Bot","140.56","172.69",,,"null",,"null",,,,,,,"3.3200","1.5300","null","null","null","null","null","null",319089,"null","null","null","null","null","null","null","null","null","null","null","null","0.00",1,0,0,"null",33,"3"
"SL","2012-07-17","79.7","null","null","Joe Kelly",435459,523260,"null","ball",,,,,"11","null","R","L","R","MIL","STL","B","null","null",0,1,2012,"0.87478333333333333333","-1.3107333333333333","-1.1900","3.4210","null","null","null",0,4,"Bot","null","null",,,"null",,"null",,,,,,,"3.4200","1.5300","null","null","null","null","null","null",319089,"null","null","null","null","null","null","null","null","null","null","null","null","null","null","null","null","null",33,"2"
"CH","2012-07-17","85.4","null","null","Joe Kelly",435459,523260,"null","swinging_strike",,,,,"7","null","R","L","R","MIL","STL","S","null","null",0,0,2012,"-1.5341916666666667","0.03086666666666666667","-0.5950","1.5240","null","null","null",0,4,"Bot","null","null",,,"null",,"null",,,,,,,"3.3200","1.5300","null","null","null","null","null","null",319089,"null","null","null","null","null","null","null","null","null","null","null","null","null","null","null","null","null",33,"1"
"SI","2012-07-17","93.8","null","null","Joe Kelly",430001,523260,"home_run","hit_into_play_score",,,,,"2","Rickie Weeks homers (9) on a fly ball to left center field.","R","R","R","MIL","STL","X","null","fly_ball",2,1,2012,"-1.13756666666666666667","0.34046666666666666667","0.0400","3.0250","null","null","null",0,4,"Bot","87.35","39.16",,,"null",,"null",,,,,,,"3.5100","1.5800","null","null","null","null","null","null",319089,"null","null","null","null","null","null","null","null","null","null","null","null","2.00",1,0,3,"null",32,"4"
"SI","2012-07-17","94.7","null","null","Joe Kelly",430001,523260,"null","foul",,,,,"5","null","R","R","R","MIL","STL","S","null","null",2,0,2012,"-1.3964166666666667","0.22006666666666666667","0.0730","2.8250","null","null","null",0,4,"Bot","null","null",,,"null",,"null",,,,,,,"3.5100","1.5800","null","null","null","null","null","null",319089,"null","null","null","null","null","null","null","null","null","null","null","null","null","null","null","null","null",32,"3"
"SI","2012-07-17","95.0","null","null","Joe Kelly",430001,523260,"null","ball",,,,,"13","null","R","R","R","MIL","STL","B","null","null",1,0,2012,"-1.00257500000000000000","0.66583333333333333333","-0.2640","1.3860","null","null","null",0,4,"Bot","null","null",,,"null",,"null",,,,,,,"3.6800","1.6900","null","null","null","null","null","null",319089,"null","null","null","null","null","null","null","null","null","null","null","null","null","null","null","null","null",32,"2"
"SI","2012-07-17","93.8","null","null","Joe Kelly",430001,523260,"null","ball",,,,,"13","null","R","R","R","MIL","STL","B","null","null",0,0,2012,"-1.2280250000000000","0.33043333333333333333","-0.4160","1.3500","null","null","null",0,4,"Bot","null","null",,,"null",,"null",,,,,,,"3.7700","1.6500","null","null","null","null","null","null",319089,"null","null","null","null","null","null","null","null","null","null","null","null","null","null","null","null","null",32,"1"
"SL","2012-07-17","81.4","null","null","Joe Kelly",430611,523260,"strikeout","swinging_strike_blocked",,,,,"14","Corey Hart strikes out swinging.","R","R","R","MIL","STL","S","null","null",2,2,2012,"0.84138333333333333333","-0.72593333333333333333","0.3020","0.7520","null","null","133380.00",2,3,"Bot","null","null",,,"null",,"null",,,,,,,"3.5200","1.6200","null","null","null","null","null","null",319089,"null","null","null","null","null","null","null","null","null","null","null","null","0.00",1,0,0,"null",27,"5"
"CH","2012-07-17","83.4","null","null","Joe Kelly",430611,523260,"null","blocked_ball",,,,,"13","null","R","R","R","MIL","STL","B","null","null",1,2,2012,"-1.5495000000000000","-0.08666666666666666667","-1.0860","0.3520","null","null","133380.00",2,3,"Bot","null","null",,,"null",,"null",,,,,,,"3.4800","1.6100","null","null","null","null","null","null",319089,"null","null","null","null","null","null","null","null","null","null","null","null","null","null","null","null","null",27,"4"
"CH","2012-07-17","84.1","null","null","Joe Kelly",430611,523260,"null","swinging_strike",,,,,"13","null","R","R","R","MIL","STL","S","null","null",1,1,2012,"-1.3379666666666667","-0.11676666666666666667","-1.1120","1.1600","null","null","133380.00",2,3,"Bot","null","null",,,"null",,"null",,,,,,,"3.5200","1.6200","null","null","null","null","null","null",319089,"null","null","null","null","null","null","null","null","null","null","null","null","null","null","null","null","null",27,"3"
"SI","2012-07-17","94.9","null","null","Joe Kelly",430611,523260,"null","foul",,,,,"8","null","R","R","R","MIL","STL","S","null","null",1,0,2012,"-1.3337916666666667","0.44940000000000000000","-0.1240","1.6230","null","null","133380.00",2,3,"Bot","null","null",,,"null",,"null",,,,,,,"3.5200","1.6200","null","null","null","null","null","null",319089,"null","null","null","null","null","null","null","null","null","null","null","null","null","null","null","null","null",27,"2"
"SL","2012-07-17","81.2","null","null","Joe Kelly",430611,523260,"null","blocked_ball",,,,,"14","null","R","R","R","MIL","STL","B","null","null",0,0,2012,"1.2004333333333333","-0.23000000000000000000","0.7840","0.1740","null","null","133380.00",2,3,"Bot","null","null",,,"null",,"null",,,,,,,"3.6000","1.6200","null","null","null","null","null","null",319089,"null","null","null","null","null","null","null","null","null","null","null","null","null","null","null","null","null",27,"1"
"SI","2012-07-17","93.9","null","null","Joe Kelly",133380,523260,"single","hit_into_play_score",,,,,"13","Aramis Ramirez singles on a ground ball to left fielder Matt Carpenter.    Carlos Gomez scores.","R","R","R","MIL","STL","X","null","ground_ball",0,0,2012,"-1.10416666666666666667","0.78193333333333333333","-1.1780","1.8530","460576.00","null","null",2,3,"Bot","75.30","112.45",,,"null",,"null",,,,,,,"3.6000","1.7200","null","null","null","null","null","null",319089,"null","null","null","null","null","null","null","null","null","null","null","null","0.90",1,1,0,"null",26,"1"
"SI","2012-07-17","94.9","null","null","Joe Kelly",460075,523260,"field_out","hit_into_play",,,,,"7","Ryan Braun grounds out, first baseman Allen Craig to pitcher Joe Kelly.    Carlos Gomez to 3rd.","R","R","R","MIL","STL","X","3","ground_ball",0,0,2012,"-1.19323333333333333333","0.25876666666666666667","-0.5050","2.0380","null","460576.00","null",1,3,"Bot","146.59","165.66",,,"null",,"null",,,,,,,"3.6700","1.7600","null","null","null","null","null","null",319089,"null","null","null","null","null","null","null","null","null","null","null","null","0.00",1,0,0,"null",25,"1"
"SI","2012-07-17","92.3","null","null","Joe Kelly",460576,523260,"force_out","hit_into_play",,,,,"2","Carlos Gomez grounds into a force out, second baseman Tyler Greene to shortstop Rafael Furcal.    Norichika Aoki out at 2nd.    Carlos Gomez to 1st.","R","R","R","MIL","STL","X","4","ground_ball",0,0,2012,"-1.4785250000000000","0.34620000000000000000","-0.1590","2.9980","null","null","493114.00",0,3,"Bot","135.54","151.61",,,"null",,"null",,,,,,,"3.3600","1.5200","null","null","null","null","null","null",319089,"null","null","null","null","null","null","null","null","null","null","null","null","0.00",1,0,0,"null",24,"1"
"SI","2012-07-17","94.4","null","null","Joe Kelly",493114,523260,"walk","ball",,,,,"3","Norichika Aoki walks.","R","L","R","MIL","STL","B","null","null",3,2,2012,"-1.2739500000000000","0.17706666666666666667","0.7350","3.1730","null","null","null",0,3,"Bot","null","null",,,"null",,"null",,,,,,,"3.2100","1.4200","null","null","null","null","null","null",319089,"null","null","null","null","null","null","null","null","null","null","null","null","0.70",1,0,0,"null",23,"6"
"CH","2012-07-17","86.8","null","null","Joe Kelly",493114,523260,"null","ball",,,,,"14","null","R","L","R","MIL","STL","B","null","null",2,2,2012,"-1.5355833333333333","0.64003333333333333333","0.3590","0.7630","null","null","null",0,3,"Bot","null","null",,,"null",,"null",,,,,,,"3.1300","1.3800","null","null","null","null","null","null",319089,"null","null","null","null","null","null","null","null","null","null","null","null","null","null","null","null","null",23,"5"
"SL","2012-07-17","82.3","null","null","Joe Kelly",493114,523260,"null","ball",,,,,"13","null","R","L","R","MIL","STL","B","null","null",1,2,2012,"0.73840000000000000000","-1.1530666666666667","-1.1400","1.6240","null","null","null",0,3,"Bot","null","null",,,"null",,"null",,,,,,,"3.1700","1.3800","null","null","null","null","null","null",319089,"null","null","null","null","null","null","null","null","null","null","null","null","null","null","null","null","null",23,"4"
"CH","2012-07-17","85.9","null","null","Joe Kelly",493114,523260,"null","called_strike",,,,,"7","null","R","L","R","MIL","STL","S","null","null",1,1,2012,"-1.5940333333333333","0.26306666666666666667","-0.3660","1.6410","null","null","null",0,3,"Bot","null","null",,,"null",,"null",,,,,,,"3.1700","1.4700","null","null","null","null","null","null",319089,"null","null","null","null","null","null","null","null","null","null","null","null","null","null","null","null","null",23,"3"
"SI","2012-07-17","94.0","null","null","Joe Kelly",493114,523260,"null","called_strike",,,,,"4","null","R","L","R","MIL","STL","S","null","null",1,0,2012,"-1.2586416666666667","0.29460000000000000000","-0.6520","1.9830","null","null","null",0,3,"Bot","null","null",,,"null",,"null",,,,,,,"3.1700","1.4200","null","null","null","null","null","null",319089,"null","null","null","null","null","null","null","null","null","null","null","null","null","null","null","null","null",23,"2"
"SI","2012-07-17","94.9","null","null","Joe Kelly",493114,523260,"null","ball",,,,,"11","null","R","L","R","MIL","STL","B","null","null",0,0,2012,"-1.3212666666666667","0.43650000000000000000","-1.4540","3.0030","null","null","null",0,3,"Bot","null","null",,,"null",,"null",,,,,,,"3.1700","1.3800","null","null","null","null","null","null",319089,"null","null","null","null","null","null","null","null","null","null","null","null","null","null","null","null","null",23,"1"
"SI","2012-07-17","94.6","null","null","Joe Kelly",150116,523260,"field_out","hit_into_play",,,,,"6","Randy Wolf grounds out to first baseman Allen Craig.","R","L","R","MIL","STL","X","3","ground_ball",3,2,2012,"-1.5258416666666667","0.20143333333333333333","0.3130","2.2770","null","null","null",2,2,"Bot","149.60","164.66",,,"null",,"null",,,,,,,"3.4100","1.5900","null","null","null","null","null","null",319089,"null","null","null","null","null","null","null","null","null","null","null","null","0.00",1,0,0,"null",17,"7"
"SI","2012-07-17","95.1","null","null","Joe Kelly",150116,523260,"null","ball",,,,,"14","null","R","L","R","MIL","STL","B","null","null",2,2,2012,"-1.3852833333333333","0.36626666666666666667","0.8880","2.2200","null","null","null",2,2,"Bot","null","null",,,"null",,"null",,,,,,,"3.2500","1.4200","null","null","null","null","null","null",319089,"null","null","null","null","null","null","null","null","null","null","null","null","null","null","null","null","null",17,"6"
"SI","2012-07-17","95.2","null","null","Joe Kelly",150116,523260,"null","foul",,,,,"7","null","R","L","R","MIL","STL","S","null","null",2,2,2012,"-1.2753416666666667","0.79053333333333333333","-0.3110","1.8090","null","null","null",2,2,"Bot","null","null",,,"null",,"null",,,,,,,"3.4100","1.5900","null","null","null","null","null","null",319089,"null","null","null","null","null","null","null","null","null","null","null","null","null","null","null","null","null",17,"5"
"SI","2012-07-17","93.7","null","null","Joe Kelly",150116,523260,"null","swinging_strike",,,,,"4","null","R","L","R","MIL","STL","S","null","null",2,1,2012,"-1.5856833333333333","0.70453333333333333333","-0.5790","2.2760","null","null","null",2,2,"Bot","null","null",,,"null",,"null",,,,,,,"3.4100","1.5900","null","null","null","null","null","null",319089,"null","null","null","null","null","null","null","null","null","null","null","null","null","null","null","null","null",17,"4"
"SI","2012-07-17","95.1","null","null","Joe Kelly",150116,523260,"null","ball",,,,,"13","null","R","L","R","MIL","STL","B","null","null",1,1,2012,"-1.3560583333333333","0.12976666666666666667","-1.5790","2.4320","null","null","null",2,2,"Bot","null","null",,,"null",,"null",,,,,,,"3.4200","1.5100","null","null","null","null","null","null",319089,"null","null","null","null","null","null","null","null","null","null","null","null","null","null","null","null","null",17,"3"
"SI","2012-07-17","94.3","null","null","Joe Kelly",150116,523260,"null","called_strike",,,,,"2","null","R","L","R","MIL","STL","S","null","null",1,0,2012,"-1.3101333333333333","0.74036666666666666667","-0.2290","2.4000","null","null","null",2,2,"Bot","null","null",,,"null",,"null",,,,,,,"2.8800","1.3000","null","null","null","null","null","null",319089,"null","null","null","null","null","null","null","null","null","null","null","null","null","null","null","null","null",17,"2"
"SI","2012-07-17","93.3","null","null","Joe Kelly",150116,523260,"null","ball",,,,,"11","null","R","L","R","MIL","STL","B","null","null",0,0,2012,"-1.2572500000000000","0.30033333333333333333","-2.1700","3.4840","null","null","null",2,2,"Bot","null","null",,,"null",,"null",,,,,,,"2.8500","1.3100","null","null","null","null","null","null",319089,"null","null","null","null","null","null","null","null","null","null","null","null","null","null","null","null","null",17,"1"
"SI","2012-07-17","95.0","null","null","Joe Kelly",285131,523260,"field_out","hit_into_play",,,,,"4","Cesar Izturis grounds out, shortstop Rafael Furcal to first baseman Allen Craig.","R","L","R","MIL","STL","X","6","ground_ball",1,1,2012,"-1.7248500000000000","0.27596666666666666667","-0.7030","2.1690","null","null","null",1,2,"Bot","116.47","153.61",,,"null",,"null",,,,,,,"3.2900","1.5800","null","null","null","null","null","null",319089,"null","null","null","null","null","null","null","null","null","null","null","null","0.00",1,0,0,"null",16,"3"
"SI","2012-07-17","93.9","null","null","Joe Kelly",285131,523260,"null","called_strike",,,,,"13","null","R","L","R","MIL","STL","S","null","null",1,0,2012,"-1.2377666666666667","0.10253333333333333333","-1.0730","1.9150","null","null","null",1,2,"Bot","null","null",,,"null",,"null",,,,,,,"3.2900","1.5800","null","null","null","null","null","null",319089,"null","null","null","null","null","null","null","null","null","null","null","null","null","null","null","null","null",16,"2"
"SI","2012-07-17","96.4","null","null","Joe Kelly",285131,523260,"null","ball",,,,,"14","null","R","L","R","MIL","STL","B","null","null",0,0,2012,"-1.4534750000000000","0.35910000000000000000","0.0670","1.4860","null","null","null",1,2,"Bot","null","null",,,"null",,"null",,,,,,,"3.2300","1.6900","null","null","null","null","null","null",319089,"null","null","null","null","null","null","null","null","null","null","null","null","null","null","null","null","null",16,"1"
"SI","2012-07-17","94.0","null","null","Joe Kelly",435459,523260,"field_out","hit_into_play",,,,,"11","George Kottaras flies out to center fielder Jon Jay.","R","L","R","MIL","STL","X","8","fly_ball",2,1,2012,"-1.02345000000000000000","0.68016666666666666667","-0.0460","3.5190","null","null","null",0,2,"Bot","137.55","107.43",,,"null",,"null",,,,,,,"3.3200","1.5300","null","null","null","null","null","null",319089,"null","null","null","null","null","null","null","null","null","null","null","null","0.00",1,0,0,"null",15,"4"
"SI","2012-07-17","93.9","null","null","Joe Kelly",435459,523260,"null","foul",,,,,"3","null","R","L","R","MIL","STL","S","null","null",2,0,2012,"-1.18627500000000000000","0.54256666666666666667","0.3170","3.0280","null","null","null",0,2,"Bot","null","null",,,"null",,"null",,,,,,,"3.3200","1.5300","null","null","null","null","null","null",319089,"null","null","null","null","null","null","null","null","null","null","null","null","null","null","null","null","null",15,"3"
"SI","2012-07-17","93.4","null","null","Joe Kelly",435459,523260,"null","ball",,,,,"13","null","R","L","R","MIL","STL","B","null","null",1,0,2012,"-1.4270333333333333","0.30463333333333333333","-2.1390","2.2410","null","null","null",0,2,"Bot","null","null",,,"null",,"null",,,,,,,"3.4800","1.7300","null","null","null","null","null","null",319089,"null","null","null","null","null","null","null","null","null","null","null","null","null","null","null","null","null",15,"2"
"SI","2012-07-17","94.8","null","null","Joe Kelly",435459,523260,"null","ball",,,,,"13","null","R","L","R","MIL","STL","B","null","null",0,0,2012,"-1.5675916666666667","-0.03363333333333333333","-1.5130","2.2130","null","null","null",0,2,"Bot","null","null",,,"null",,"null",,,,,,,"3.4300","1.5300","null","null","null","null","null","null",319089,"null","null","null","null","null","null","null","null","null","null","null","null","null","null","null","null","null",15,"1"
"SI","2012-07-17","96.0","null","null","Joe Kelly",430001,523260,"field_out","hit_into_play",,,,,"6","Rickie Weeks flies out to right fielder Matt Carpenter.","R","R","R","MIL","STL","X","9","fly_ball",0,1,2012,"-1.3268333333333333","0.61996666666666666667","0.4070","2.4230","null","133380.00","430611.00",2,1,"Bot","207.83","86.35",,,"null",,"null",,,,,,,"3.5100","1.5800","null","null","null","null","null","null",319089,"null","null","null","null","null","null","null","null","null","null","null","null","0.00",1,0,0,"null",10,"2"
"SI","2012-07-17","95.9","null","null","Joe Kelly",430001,523260,"null","called_strike",,,,,"3","null","R","R","R","MIL","STL","S","null","null",0,0,2012,"-1.4186833333333333","0.66870000000000000000","0.5830","3.1290","null","133380.00","430611.00",2,1,"Bot","null","null",,,"null",,"null",,,,,,,"3.7000","1.7100","null","null","null","null","null","null",319089,"null","null","null","null","null","null","null","null","null","null","null","null","null","null","null","null","null",10,"1"
"SL","2012-07-17","81.5","null","null","Joe Kelly",430611,523260,"single","hit_into_play_score",,,,,"5","Corey Hart singles on a line drive to left fielder Matt Holliday.    Norichika Aoki scores.    Aramis Ramirez to 2nd.","R","R","R","MIL","STL","X","null","line_drive",1,2,2012,"1.2797583333333333","-0.48800000000000000000","-0.2660","2.3910","493114.00","null","133380.00",2,1,"Bot","81.33","103.41",,,"null",,"null",,,,,,,"3.5200","1.6200","null","null","null","null","null","null",319089,"null","null","null","null","null","null","null","null","null","null","null","null","0.90",1,1,0,"null",9,"4"
"SL","2012-07-17","81.6","null","null","Joe Kelly",430611,523260,"null","blocked_ball",,,,,"14","null","R","R","R","MIL","STL","B","null","null",0,2,2012,"0.74535833333333333333","-0.59693333333333333333","2.0470","-0.2410","493114.00","null","133380.00",2,1,"Bot","null","null",,,"null",,"null",,,,,,,"3.4500","1.6200","null","null","null","null","null","null",319089,"null","null","null","null","null","null","null","null","null","null","null","null","null","null","null","null","null",9,"3"
"SI","2012-07-17","96.5","null","null","Joe Kelly",430611,523260,"null","called_strike",,,,,"13","null","R","R","R","MIL","STL","S","null","null",0,1,2012,"-1.7206750000000000","0.50530000000000000000","-1.0910","1.6800","493114.00","null","133380.00",2,1,"Bot","null","null",,,"null",,"null",,,,,,,"3.5600","1.6200","null","null","null","null","null","null",319089,"null","null","null","null","null","null","null","null","null","null","null","null","null","null","null","null","null",9,"2"
"SL","2012-07-17","82.8","null","null","Joe Kelly",430611,523260,"null","swinging_strike",,,,,"9","null","R","R","R","MIL","STL","S","null","null",0,0,2012,"0.77458333333333333333","-0.49230000000000000000","0.4000","1.9820","493114.00","null","133380.00",2,1,"Bot","null","null",,,"null",,"null",,,,,,,"3.5200","1.6200","null","null","null","null","null","null",319089,"null","null","null","null","null","null","null","null","null","null","null","null","null","null","null","null","null",9,"1"
"SI","2012-07-17","95.6","null","null","Joe Kelly",133380,523260,"force_out","hit_into_play",,,,,"13","Aramis Ramirez grounds into a force out, third baseman David Freese to second baseman Tyler Greene.    Norichika Aoki to 3rd.    Carlos Gomez out at 2nd.    Aramis Ramirez to 1st.","R","R","R","MIL","STL","X","5","ground_ball",1,1,2012,"-1.5188833333333333","0.41070000000000000000","-1.2290","1.6660","null","493114.00","460576.00",1,1,"Bot","104.42","166.67",,,"null",,"null",,,,,,,"3.6000","1.7200","null","null","null","null","null","null",319089,"null","null","null","null","null","null","null","null","null","null","null","null","0.00",1,0,0,"null",8,"3"
"SI","2012-07-17","96.5","null","null","Joe Kelly",133380,523260,"null","called_strike",,,,,"5","null","R","R","R","MIL","STL","S","null","null",1,0,2012,"-1.3435333333333333","0.98976666666666666667","0.1530","2.5680","null","493114.00","460576.00",1,1,"Bot","null","null",,,"null",,"null",,,,,,,"3.7400","1.7200","null","null","null","null","null","null",319089,"null","null","null","null","null","null","null","null","null","null","null","null","null","null","null","null","null",8,"2"
"SI","2012-07-17","97.1","null","null","Joe Kelly",133380,523260,"null","ball",,,,,"13","null","R","R","R","MIL","STL","B","null","null",0,0,2012,"-1.3421416666666667","0.69450000000000000000","-0.5000","1.5890","null","493114.00","460576.00",1,1,"Bot","null","null",,,"null",,"null",,,,,,,"3.7400","1.7500","null","null","null","null","null","null",319089,"null","null","null","null","null","null","null","null","null","null","null","null","null","null","null","null","null",8,"1"
"SI","2012-07-17","96.6","null","null","Joe Kelly",460075,523260,"strikeout","swinging_strike",,,,,"13","Ryan Braun strikes out swinging.","R","R","R","MIL","STL","S","null","null",1,2,2012,"-1.3337916666666667","1.19760000000000000000","-2.0540","2.3510","null","493114.00","460576.00",0,1,"Bot","null","null",,,"null",,"null",,,,,,,"3.6700","1.7600","null","null","null","null","null","null",319089,"null","null","null","null","null","null","null","null","null","null","null","null","0.00",1,0,0,"null",7,"5"
"SI","2012-07-17","97.4","null","null","Joe Kelly",460075,523260,"null","foul",,,,,"6","null","R","R","R","MIL","STL","S","null","null",1,2,2012,"-1.13060833333333333333","0.65866666666666666667","0.4560","2.8720","null","493114.00","460576.00",0,1,"Bot","null","null",,,"null",,"null",,,,,,,"3.6700","1.7600","null","null","null","null","null","null",319089,"null","null","null","null","null","null","null","null","null","null","null","null","null","null","null","null","null",7,"4"
"SL","2012-07-17","82.9","null","null","Joe Kelly",460075,523260,"null","swinging_strike",,,,,"14","null","R","R","R","MIL","STL","S","null","null",1,1,2012,"0.61315000000000000000","-0.28160000000000000000","0.3260","1.5280","null","493114.00","460576.00",0,1,"Bot","null","null",,,"null",,"null",,,,,,,"3.6700","1.7600","null","null","null","null","null","null",319089,"null","null","null","null","null","null","null","null","null","null","null","null","null","null","null","null","null",7,"3"
"SI","2012-07-17","96.1","null","null","Joe Kelly",460075,523260,"null","ball",,,,,"13","null","R","R","R","MIL","STL","B","null","null",0,1,2012,"-1.5188833333333333","0.84070000000000000000","-2.6030","1.8130","null","493114.00","460576.00",0,1,"Bot","null","null",,,"null",,"null",,,,,,,"3.9500","1.9200","null","null","null","null","null","null",319089,"null","null","null","null","null","null","null","null","null","null","null","null","null","null","null","null","null",7,"2"
"SI","2012-07-17","95.9","null","null","Joe Kelly",460075,523260,"null","foul",,,,,"13","null","R","R","R","MIL","STL","S","null","null",0,0,2012,"-1.4353833333333333","0.46086666666666666667","-1.3430","2.1670","null","493114.00","460576.00",0,1,"Bot","null","null",,,"null",,"null",,,,,,,"3.6700","1.7600","null","null","null","null","null","null",319089,"null","null","null","null","null","null","null","null","null","null","null","null","null","null","null","null","null",7,"1"
"SI","2012-07-17","95.4","null","null","Joe Kelly",460576,523260,"single","hit_into_play_no_out",,,,,"13","Carlos Gomez singles on a bunt ground ball to third baseman David Freese.    Norichika Aoki to 2nd.","R","R","R","MIL","STL","X","null","ground_ball",0,1,2012,"-1.2962166666666667","0.71026666666666666667","-1.0050","1.8870","null","null","493114.00",0,1,"Bot","114.46","187.75",,,"null",,"null",,,,,,,"3.3600","1.5200","null","null","null","null","null","null",319089,"null","null","null","null","null","null","null","null","null","null","null","null","0.90",1,1,0,"null",6,"2"
"SI","2012-07-17","94.9","null","null","Joe Kelly",460576,523260,"null","foul",,,,,"7","null","R","R","R","MIL","STL","S","null","null",0,0,2012,"-1.2530750000000000","0.80343333333333333333","-0.3440","2.0350","null","null","493114.00",0,1,"Bot","null","null",,,"null",,"null",,,,,,,"3.3600","1.5200","null","null","null","null","null","null",319089,"null","null","null","null","null","null","null","null","null","null","null","null","null","null","null","null","null",6,"1"
"SI","2012-07-17","95.4","null","null","Joe Kelly",493114,523260,"single","hit_into_play_no_out",,,,,"4","Norichika Aoki singles on a ground ball to center fielder Carlos Beltran.","R","L","R","MIL","STL","X","null","ground_ball",2,2,2012,"-1.5801166666666667","0.63000000000000000000","-0.5490","2.0780","null","null","null",0,1,"Bot","146.59","92.37",,,"null",,"null",,,,,,,"3.0900","1.3800","null","null","null","null","null","null",319089,"null","null","null","null","null","null","null","null","null","null","null","null","0.90",1,1,0,"null",5,"5"
"CH","2012-07-17","86.6","null","null","Joe Kelly",493114,523260,"null","ball",,,,,"11","null","R","L","R","MIL","STL","B","null","null",1,2,2012,"-1.5801166666666667","0.27453333333333333333","-2.4340","2.6730","null","null","null",0,1,"Bot","null","null",,,"null",,"null",,,,,,,"3.1000","1.4000","null","null","null","null","null","null",319089,"null","null","null","null","null","null","null","null","null","null","null","null","null","null","null","null","null",5,"4"
"SI","2012-07-17","97.6","null","null","Joe Kelly",493114,523260,"null","ball",,,,,"11","null","R","L","R","MIL","STL","B","null","null",0,2,2012,"-1.15844166666666666667","0.80630000000000000000","-1.2460","3.4690","null","null","null",0,1,"Bot","null","null",,,"null",,"null",,,,,,,"3.1000","1.3800","null","null","null","null","null","null",319089,"null","null","null","null","null","null","null","null","null","null","null","null","null","null","null","null","null",5,"3"
"SI","2012-07-17","96.5","null","null","Joe Kelly",493114,523260,"null","called_strike",,,,,"11","null","R","L","R","MIL","STL","S","null","null",0,1,2012,"-1.3866750000000000","0.65006666666666666667","-1.2820","2.5570","null","null","null",0,1,"Bot","null","null",,,"null",,"null",,,,,,,"3.2300","1.5200","null","null","null","null","null","null",319089,"null","null","null","null","null","null","null","null","null","null","null","null","null","null","null","null","null",5,"2"
"SI","2012-07-17","94.3","null","null","Joe Kelly",493114,523260,"null","foul",,,,,"4","null","R","L","R","MIL","STL","S","null","null",0,0,2012,"-1.4882666666666667","0.79913333333333333333","-0.4290","2.1870","null","null","null",0,1,"Bot","null","null",,,"null",,"null",,,,,,,"3.0900","1.3800","null","null","null","null","null","null",319089,"null","null","null","null","null","null","null","null","null","null","null","null","null","null","null","null","null",5,"1"
"SI","2012-07-08","95.0","null","null","Joe Kelly",448605,523260,"force_out","hit_into_play",,,,,"7","Justin Ruggiano grounds into a force out, shortstop Rafael Furcal to second baseman Skip Schumaker.    Logan Morrison out at 2nd.","R","R","R","STL","MIA","X","6","ground_ball",0,0,2012,"-1.5634166666666667","0.46086666666666666667","-0.5690","2.0220","null","null","489149.00",2,6,"Top","110.44","158.63",,,"null",,"null",,,,,,,"3.4800","1.6100","null","null","null","null","null","null",319008,"null","null","null","null","null","null","null","null","null","null","null","null","0.00",1,0,0,"null",43,"1"
"SI","2012-07-08","93.3","null","null","Joe Kelly",489149,523260,"walk","ball",,,,,"13","Logan Morrison walks.","R","L","R","STL","MIA","B","null","null",3,1,2012,"-1.7707750000000000","0.28600000000000000000","-1.5880","2.3300","null","null","null",2,6,"Top","null","null",,,"null",,"null",,,,,,,"3.4400","1.6000","null","null","null","null","null","null",319008,"null","null","null","null","null","null","null","null","null","null","null","null","0.70",1,0,0,"null",42,"5"
"SI","2012-07-08","93.8","null","null","Joe Kelly",489149,523260,"null","called_strike",,,,,"4","null","R","L","R","STL","MIA","S","null","null",3,0,2012,"-1.5564583333333333","0.62856666666666666667","-0.7520","2.6210","null","null","null",2,6,"Top","null","null",,,"null",,"null",,,,,,,"3.4400","1.6000","null","null","null","null","null","null",319008,"null","null","null","null","null","null","null","null","null","null","null","null","null","null","null","null","null",42,"4"
"SI","2012-07-08","95.4","null","null","Joe Kelly",489149,523260,"null","ball",,,,,"13","null","R","L","R","STL","MIA","B","null","null",2,0,2012,"-1.6051666666666667","0.35050000000000000000","-1.2690","1.3530","null","null","null",2,6,"Top","null","null",,,"null",,"null",,,,,,,"3.4400","1.6000","null","null","null","null","null","null",319008,"null","null","null","null","null","null","null","null","null","null","null","null","null","null","null","null","null",42,"3"
"SI","2012-07-08","94.0","null","null","Joe Kelly",489149,523260,"null","ball",,,,,"11","null","R","L","R","STL","MIA","B","null","null",1,0,2012,"-1.4089416666666667","0.18280000000000000000","-1.5430","3.3890","null","null","null",2,6,"Top","null","null",,,"null",,"null",,,,,,,"3.4400","1.6000","null","null","null","null","null","null",319008,"null","null","null","null","null","null","null","null","null","null","null","null","null","null","null","null","null",42,"2"
"SI","2012-07-08","95.1","null","null","Joe Kelly",489149,523260,"null","ball",,,,,"11","null","R","L","R","STL","MIA","B","null","null",0,0,2012,"-1.3964166666666667","0.22723333333333333333","-1.7450","3.3520","null","null","null",2,6,"Top","null","null",,,"null",,"null",,,,,,,"3.4400","1.6000","null","null","null","null","null","null",319008,"null","null","null","null","null","null","null","null","null","null","null","null","null","null","null","null","null",42,"1"
"SL","2012-07-08","80.8","null","null","Joe Kelly",150324,523260,"strikeout","swinging_strike_blocked",,,,,"13","Carlos Lee strikes out swinging, catcher Tony Cruz to first baseman Allen Craig.","R","R","R","STL","MIA","S","null","null",1,2,2012,"0.83720833333333333333","-0.67290000000000000000","-0.4530","0.6070","null","null","null",1,6,"Top","null","null",,,"null",,"null",,,,,,,"3.4500","1.6700","null","null","null","null","null","null",319008,"null","null","null","null","null","null","null","null","null","null","null","null","0.00",1,0,0,"null",41,"5"
"SL","2012-07-08","78.4","null","null","Joe Kelly",150324,523260,"null","ball",,,,,"14","null","R","R","R","STL","MIA","B","null","null",0,2,2012,"0.07875000000000000000","-0.55680000000000000000","0.5570","1.2870","null","null","null",1,6,"Top","null","null",,,"null",,"null",,,,,,,"3.4500","1.6700","null","null","null","null","null","null",319008,"null","null","null","null","null","null","null","null","null","null","null","null","null","null","null","null","null",41,"4"
"SI","2012-07-08","96.8","null","null","Joe Kelly",150324,523260,"null","foul",,,,,"6","null","R","R","R","STL","MIA","S","null","null",0,2,2012,"-1.2656000000000000","0.88370000000000000000","0.6270","2.5170","null","null","null",1,6,"Top","null","null",,,"null",,"null",,,,,,,"3.4500","1.6700","null","null","null","null","null","null",319008,"null","null","null","null","null","null","null","null","null","null","null","null","null","null","null","null","null",41,"3"
"SL","2012-07-08","82.9","null","null","Joe Kelly",150324,523260,"null","swinging_strike",,,,,"8","null","R","R","R","STL","MIA","S","null","null",0,1,2012,"0.23461666666666666667","-0.79186666666666666667","0.2640","1.6030","null","null","null",1,6,"Top","null","null",,,"null",,"null",,,,,,,"3.4500","1.6700","null","null","null","null","null","null",319008,"null","null","null","null","null","null","null","null","null","null","null","null","null","null","null","null","null",41,"2"
"SL","2012-07-08","82.1","null","null","Joe Kelly",150324,523260,"null","swinging_strike",,,,,"14","null","R","R","R","STL","MIA","S","null","null",0,0,2012,"0.00499166666666666667","-0.44786666666666666667","1.2200","1.0040","null","null","null",1,6,"Top","null","null",,,"null",,"null",,,,,,,"3.4500","1.6700","null","null","null","null","null","null",319008,"null","null","null","null","null","null","null","null","null","null","null","null","null","null","null","null","null",41,"1"
"SI","2012-07-08","95.8","null","null","Joe Kelly",434670,523260,"field_out","hit_into_play",,,,,"5","Hanley Ramirez grounds out, second baseman Skip Schumaker to first baseman Allen Craig.","R","R","R","STL","MIA","X","4","ground_ball",3,2,2012,"-1.6288250000000000","0.68733333333333333333","0.1700","2.4450","null","null","null",0,6,"Top","136.55","157.63",,,"null",,"null",,,,,,,"3.6000","1.6300","null","null","null","null","null","null",319008,"null","null","null","null","null","null","null","null","null","null","null","null","0.00",1,0,0,"null",40,"6"
"SI","2012-07-08","94.3","null","null","Joe Kelly",434670,523260,"null","called_strike",,,,,"3","null","R","R","R","STL","MIA","S","null","null",3,1,2012,"-1.5801166666666667","0.62713333333333333333","0.6380","3.0500","null","null","null",0,6,"Top","null","null",,,"null",,"null",,,,,,,"3.6000","1.6300","null","null","null","null","null","null",319008,"null","null","null","null","null","null","null","null","null","null","null","null","null","null","null","null","null",40,"5"
"SI","2012-07-08","94.5","null","null","Joe Kelly",434670,523260,"null","ball",,,,,"14","null","R","R","R","STL","MIA","B","null","null",2,1,2012,"-1.4075500000000000","1.03993333333333333333","0.9650","1.5120","null","null","null",0,6,"Top","null","null",,,"null",,"null",,,,,,,"3.6000","1.6300","null","null","null","null","null","null",319008,"null","null","null","null","null","null","null","null","null","null","null","null","null","null","null","null","null",40,"4"
"SI","2012-07-08","92.9","null","null","Joe Kelly",434670,523260,"null","ball",,,,,"13","null","R","R","R","STL","MIA","B","null","null",1,1,2012,"-1.4089416666666667","0.51103333333333333333","-0.1490","1.4740","null","null","null",0,6,"Top","null","null",,,"null",,"null",,,,,,,"3.6000","1.6300","null","null","null","null","null","null",319008,"null","null","null","null","null","null","null","null","null","null","null","null","null","null","null","null","null",40,"3"
"SL","2012-07-08","81.2","null","null","Joe Kelly",434670,523260,"null","called_strike",,,,,"8","null","R","R","R","STL","MIA","S","null","null",1,0,2012,"0.36543333333333333333","-0.53100000000000000000","-0.0550","2.1490","null","null","null",0,6,"Top","null","null",,,"null",,"null",,,,,,,"3.6000","1.6300","null","null","null","null","null","null",319008,"null","null","null","null","null","null","null","null","null","null","null","null","null","null","null","null","null",40,"2"
"SI","2012-07-08","94.5","null","null","Joe Kelly",434670,523260,"null","ball",,,,,"13","null","R","R","R","STL","MIA","B","null","null",0,0,2012,"-1.3825000000000000","0.70596666666666666667","-0.0420","1.4030","null","null","null",0,6,"Top","null","null",,,"null",,"null",,,,,,,"3.6000","1.6300","null","null","null","null","null","null",319008,"null","null","null","null","null","null","null","null","null","null","null","null","null","null","null","null","null",40,"1"
"SL","2012-07-08","81.4","null","null","Joe Kelly",408314,523260,"field_out","hit_into_play",,,,,"7","Jose Reyes flies out to center fielder Jon Jay.","R","L","R","STL","MIA","X","8","fly_ball",3,2,2012,"0.24992500000000000000","-0.40630000000000000000","-0.3490","1.5930","null","null","null",2,5,"Top","149.60","49.20",,,"null",,"null",,,,,,,"3.1400","1.4700","null","null","null","null","null","null",319008,"null","null","null","null","null","null","null","null","null","null","null","null","0.00",1,0,0,"null",34,"7"
"CH","2012-07-08","83.6","null","null","Joe Kelly",408314,523260,"null","ball",,,,,"14","null","R","L","R","STL","MIA","B","null","null",2,2,2012,"-1.6844916666666667","0.51820000000000000000","0.0560","0.9270","null","null","null",2,5,"Top","null","null",,,"null",,"null",,,,,,,"3.1400","1.4700","null","null","null","null","null","null",319008,"null","null","null","null","null","null","null","null","null","null","null","null","null","null","null","null","null",34,"6"
"SL","2012-07-08","80.9","null","null","Joe Kelly",408314,523260,"null","ball",,,,,"13","null","R","L","R","STL","MIA","B","null","null",1,2,2012,"0.53521666666666666667","-0.27873333333333333333","-0.3880","1.1260","null","null","null",2,5,"Top","null","null",,,"null",,"null",,,,,,,"3.1400","1.4700","null","null","null","null","null","null",319008,"null","null","null","null","null","null","null","null","null","null","null","null","null","null","null","null","null",34,"5"
"SI","2012-07-08","96.8","null","null","Joe Kelly",408314,523260,"null","foul",,,,,"1","null","R","L","R","STL","MIA","S","null","null",1,2,2012,"-1.5856833333333333","0.23726666666666666667","-0.7300","2.7090","null","null","null",2,5,"Top","null","null",,,"null",,"null",,,,,,,"3.1400","1.4700","null","null","null","null","null","null",319008,"null","null","null","null","null","null","null","null","null","null","null","null","null","null","null","null","null",34,"4"
"CH","2012-07-08","86.0","null","null","Joe Kelly",408314,523260,"null","foul_bunt",,,,,"7","null","R","L","R","STL","MIA","S","null","null",1,1,2012,"-2.0045750000000000","0.29173333333333333333","-0.6400","1.9520","null","null","null",2,5,"Top","null","null",,,"null",,"null",,,,,,,"3.1400","1.4700","null","null","null","null","null","null",319008,"null","null","null","null","null","null","null","null","null","null","null","null","null","null","null","null","null",34,"3"
"SI","2012-07-08","94.6","null","null","Joe Kelly",408314,523260,"null","swinging_strike",,,,,"11","null","R","L","R","STL","MIA","S","null","null",1,0,2012,"-2.0839000000000000","0.18853333333333333333","-0.7560","3.3800","null","null","null",2,5,"Top","null","null",,,"null",,"null",,,,,,,"3.1400","1.4700","null","null","null","null","null","null",319008,"null","null","null","null","null","null","null","null","null","null","null","null","null","null","null","null","null",34,"2"
"SI","2012-07-08","95.4","null","null","Joe Kelly",408314,523260,"null","ball",,,,,"13","null","R","L","R","STL","MIA","B","null","null",0,0,2012,"-1.6650083333333333","-0.05370000000000000000","-1.8470","2.1170","null","null","null",2,5,"Top","null","null",,,"null",,"null",,,,,,,"3.1400","1.4700","null","null","null","null","null","null",319008,"null","null","null","null","null","null","null","null","null","null","null","null","null","null","null","null","null",34,"1"
"SL","2012-07-08","81.4","null","null","Joe Kelly",434671,523260,"strikeout","foul_bunt",,,,,"2","Anibal Sanchez strikes out on foul bunt.","R","R","R","STL","MIA","S","null","null",0,2,2012,"0.28193333333333333333","-0.8979333333333333","-0.1560","2.8270","null","null","null",1,5,"Top","null","null",,,"null",,"null",,,,,,,"3.2900","1.5600","null","null","null","null","null","null",319008,"null","null","null","null","null","null","null","null","null","null","null","null","0.00",1,0,0,"null",33,"3"
"SL","2012-07-08","82.7","null","null","Joe Kelly",434671,523260,"null","swinging_strike",,,,,"4","null","R","R","R","STL","MIA","S","null","null",0,1,2012,"0.19565000000000000000","-0.01786666666666666667","-0.3710","2.1160","null","null","null",1,5,"Top","null","null",,,"null",,"null",,,,,,,"3.2900","1.5600","null","null","null","null","null","null",319008,"null","null","null","null","null","null","null","null","null","null","null","null","null","null","null","null","null",33,"2"
"SI","2012-07-08","92.4","null","null","Joe Kelly",434671,523260,"null","called_strike",,,,,"2","null","R","R","R","STL","MIA","S","null","null",0,0,2012,"-1.4270333333333333","0.63000000000000000000","-0.1050","2.9490","null","null","null",1,5,"Top","null","null",,,"null",,"null",,,,,,,"3.2900","1.5600","null","null","null","null","null","null",319008,"null","null","null","null","null","null","null","null","null","null","null","null","null","null","null","null","null",33,"1"
"SL","2012-07-08","82.5","null","null","Joe Kelly",407833,523260,"field_out","hit_into_play",,,,,"14","John Buck flies out to center fielder Jon Jay.","R","R","R","STL","MIA","X","8","fly_ball",0,1,2012,"0.45310833333333333333","-0.19416666666666666667","0.1040","1.2930","null","null","null",0,5,"Top","127.51","72.29",,,"null",,"null",,,,,,,"3.5100","1.6000","null","null","null","null","null","null",319008,"null","null","null","null","null","null","null","null","null","null","null","null","0.00",1,0,0,"null",32,"2"
"SI","2012-07-08","92.9","null","null","Joe Kelly",407833,523260,"null","called_strike",,,,,"6","null","R","R","R","STL","MIA","S","null","null",0,0,2012,"-1.2753416666666667","0.50816666666666666667","0.3170","2.5430","null","null","null",0,5,"Top","null","null",,,"null",,"null",,,,,,,"3.5100","1.6000","null","null","null","null","null","null",319008,"null","null","null","null","null","null","null","null","null","null","null","null","null","null","null","null","null",32,"1"
"SL","2012-07-08","80.2","null","null","Joe Kelly",408299,523260,"grounded_into_double_play","hit_into_play",,,,,"1","Omar Infante grounds into double play, third baseman Matt Carpenter to second baseman Skip Schumaker to first baseman Allen Craig.    Greg Dobbs out at 2nd.","R","R","R","STL","MIA","X","5","ground_ball",3,2,2012,"0.52269166666666666667","-0.00926666666666666667","-0.4460","3.0380","null","489149.00","425785.00",1,4,"Top","106.43","168.67",,,"null",,"null",,,,,,,"3.2900","1.4900","null","null","null","null","null","null",319008,"null","null","null","null","null","null","null","null","null","null","null","null","0.00",1,0,0,"null",27,"6"
"SI","2012-07-08","93.3","null","null","Joe Kelly",408299,523260,"null","foul",,,,,"11","null","R","R","R","STL","MIA","S","null","null",3,1,2012,"-1.5105333333333333","0.71170000000000000000","-1.3560","2.7500","null","489149.00","425785.00",1,4,"Top","null","null",,,"null",,"null",,,,,,,"3.2900","1.4900","null","null","null","null","null","null",319008,"null","null","null","null","null","null","null","null","null","null","null","null","null","null","null","null","null",27,"5"
"SI","2012-07-08","93.2","null","null","Joe Kelly",408299,523260,"null","ball",,,,,"11","null","R","R","R","STL","MIA","B","null","null",2,1,2012,"-1.5244500000000000","0.57266666666666666667","-1.6670","2.9270","null","489149.00","425785.00",1,4,"Top","null","null",,,"null",,"null",,,,,,,"3.2900","1.4900","null","null","null","null","null","null",319008,"null","null","null","null","null","null","null","null","null","null","null","null","null","null","null","null","null",27,"4"
"SI","2012-07-08","94.5","null","null","Joe Kelly",408299,523260,"null","called_strike",,,,,"5","null","R","R","R","STL","MIA","S","null","null",2,0,2012,"-1.5244500000000000","0.56693333333333333333","-0.1720","2.2430","null","489149.00","425785.00",1,4,"Top","null","null",,,"null",,"null",,,,,,,"3.2900","1.4900","null","null","null","null","null","null",319008,"null","null","null","null","null","null","null","null","null","null","null","null","null","null","null","null","null",27,"3"
"SL","2012-07-08","80.0","null","null","Joe Kelly",408299,523260,"null","ball",,,,,"3","null","R","R","R","STL","MIA","B","null","null",1,0,2012,"0.49764166666666666667","-0.18126666666666666667","0.3960","3.1640","null","489149.00","425785.00",1,4,"Top","null","null",,,"null",,"null",,,,,,,"3.0600","1.5100","null","null","null","null","null","null",319008,"null","null","null","null","null","null","null","null","null","null","null","null","null","null","null","null","null",27,"2"
"SI","2012-07-08","93.6","null","null","Joe Kelly",408299,523260,"null","ball",,,,,"9","null","R","R","R","STL","MIA","B","null","null",0,0,2012,"-1.8097416666666667","0.67873333333333333333","0.4970","1.8480","null","489149.00","425785.00",1,4,"Top","null","null",,,"null",,"null",,,,,,,"3.1800","1.4700","null","null","null","null","null","null",319008,"null","null","null","null","null","null","null","null","null","null","null","null","null","null","null","null","null",27,"1"
"SI","2012-07-08","93.1","null","null","Joe Kelly",425785,523260,"walk","ball",,,,,"14","Greg Dobbs walks.    Logan Morrison to 2nd.","R","L","R","STL","MIA","B","null","null",3,0,2012,"-1.7137166666666667","0.29316666666666666667","0.2810","1.3660","null","null","489149.00",1,4,"Top","null","null",,,"null",,"null",,,,,,,"3.2800","1.5800","null","null","null","null","null","null",319008,"null","null","null","null","null","null","null","null","null","null","null","null","0.70",1,0,0,"null",26,"4"
"SI","2012-07-08","93.1","null","null","Joe Kelly",425785,523260,"null","ball",,,,,"13","null","R","L","R","STL","MIA","B","null","null",2,0,2012,"-1.7401583333333333","0.58126666666666666667","-1.6230","2.3020","null","null","489149.00",1,4,"Top","null","null",,,"null",,"null",,,,,,,"3.2800","1.5800","null","null","null","null","null","null",319008,"null","null","null","null","null","null","null","null","null","null","null","null","null","null","null","null","null",26,"3"
"SI","2012-07-08","91.9","null","null","Joe Kelly",425785,523260,"null","ball",,,,,"13","null","R","L","R","STL","MIA","B","null","null",1,0,2012,"-1.5787250000000000","0.63143333333333333333","-0.4200","1.0290","null","null","489149.00",1,4,"Top","null","null",,,"null",,"null",,,,,,,"3.2800","1.5800","null","null","null","null","null","null",319008,"null","null","null","null","null","null","null","null","null","null","null","null","null","null","null","null","null",26,"2"
"SI","2012-07-08","93.0","null","null","Joe Kelly",425785,523260,"null","ball",,,,,"13","null","R","L","R","STL","MIA","B","null","null",0,0,2012,"-1.05824166666666666667","0.75756666666666666667","-0.9440","1.6680","null","null","489149.00",1,4,"Top","null","null",,,"null",,"null",,,,,,,"3.2800","1.5800","null","null","null","null","null","null",319008,"null","null","null","null","null","null","null","null","null","null","null","null","null","null","null","null","null",26,"1"
"CU","2012-07-08","75.4","null","null","Joe Kelly",448605,523260,"strikeout","swinging_strike_blocked",,,,,"14","Justin Ruggiano strikes out swinging.","R","R","R","STL","MIA","S","null","null",0,2,2012,"0.45589166666666666667","-0.12680000000000000000","0.3220","0.8130","null","null","489149.00",0,4,"Top","null","null",,,"null",,"null",,,,,,,"3.4800","1.6100","null","null","null","null","null","null",319008,"null","null","null","null","null","null","null","null","null","null","null","null","0.00",1,0,0,"null",25,"3"
"SI","2012-07-08","93.7","null","null","Joe Kelly",448605,523260,"null","foul",,,,,"8","null","R","R","R","STL","MIA","S","null","null",0,1,2012,"-1.7749500000000000","0.71886666666666666667","-0.0930","2.0690","null","null","489149.00",0,4,"Top","null","null",,,"null",,"null",,,,,,,"3.4800","1.6100","null","null","null","null","null","null",319008,"null","null","null","null","null","null","null","null","null","null","null","null","null","null","null","null","null",25,"2"
"SI","2012-07-08","94.2","null","null","Joe Kelly",448605,523260,"null","called_strike",,,,,"8","null","R","R","R","STL","MIA","S","null","null",0,0,2012,"-1.4966166666666667","0.58413333333333333333","0.1300","1.7660","null","null","489149.00",0,4,"Top","null","null",,,"null",,"null",,,,,,,"3.4800","1.6100","null","null","null","null","null","null",319008,"null","null","null","null","null","null","null","null","null","null","null","null","null","null","null","null","null",25,"1"
"SI","2012-07-08","95.0","null","null","Joe Kelly",489149,523260,"single","hit_into_play_no_out",,,,,"8","Logan Morrison singles on a sharp ground ball to right fielder Carlos Beltran.","R","L","R","STL","MIA","X","null","ground_ball",3,1,2012,"-1.7248500000000000","0.54256666666666666667","0.0770","1.8730","null","null","null",0,4,"Top","185.74","107.43",,,"null",,"null",,,,,,,"3.4400","1.6000","null","null","null","null","null","null",319008,"null","null","null","null","null","null","null","null","null","null","null","null","0.90",1,1,0,"null",24,"5"
"CH","2012-07-08","84.1","null","null","Joe Kelly",489149,523260,"null","ball",,,,,"13","null","R","L","R","STL","MIA","B","null","null",2,1,2012,"-2.0184916666666667","0.64576666666666666667","-0.0940","0.8740","null","null","null",0,4,"Top","null","null",,,"null",,"null",,,,,,,"3.4400","1.6000","null","null","null","null","null","null",319008,"null","null","null","null","null","null","null","null","null","null","null","null","null","null","null","null","null",24,"4"
"SI","2012-07-08","92.4","null","null","Joe Kelly",489149,523260,"null","called_strike",,,,,"11","null","R","L","R","STL","MIA","S","null","null",2,0,2012,"-2.0296250000000000","0.55260000000000000000","-0.9020","2.8090","null","null","null",0,4,"Top","null","null",,,"null",,"null",,,,,,,"3.4400","1.6000","null","null","null","null","null","null",319008,"null","null","null","null","null","null","null","null","null","null","null","null","null","null","null","null","null",24,"3"
"SI","2012-07-08","93.3","null","null","Joe Kelly",489149,523260,"null","ball",,,,,"13","null","R","L","R","STL","MIA","B","null","null",1,0,2012,"-1.7610333333333333","0.98546666666666666667","-1.9690","1.6270","null","null","null",0,4,"Top","null","null",,,"null",,"null",,,,,,,"3.4400","1.6000","null","null","null","null","null","null",319008,"null","null","null","null","null","null","null","null","null","null","null","null","null","null","null","null","null",24,"2"
"SI","2012-07-08","93.8","null","null","Joe Kelly",489149,523260,"null","ball",,,,,"13","null","R","L","R","STL","MIA","B","null","null",0,0,2012,"-1.7749500000000000","1.06430000000000000000","-1.3010","1.7980","null","null","null",0,4,"Top","null","null",,,"null",,"null",,,,,,,"3.4400","1.6000","null","null","null","null","null","null",319008,"null","null","null","null","null","null","null","null","null","null","null","null","null","null","null","null","null",24,"1"
"SI","2012-07-08","95.6","null","null","Joe Kelly",150324,523260,"field_out","hit_into_play",,,,,"4","Carlos Lee flies out to right fielder Carlos Beltran.","R","R","R","STL","MIA","X","9","fly_ball",2,1,2012,"-1.6204750000000000","0.92956666666666666667","-0.4500","2.5310","434671.00","null","null",2,3,"Top","163.65","104.42",,,"null",,"null",,,,,,,"3.4500","1.6700","null","null","null","null","null","null",319008,"null","null","null","null","null","null","null","null","null","null","null","null","0.00",1,0,0,"null",20,"4"
"CH","2012-07-08","80.8","null","null","Joe Kelly",150324,523260,"null","ball",,,,,"11","null","R","R","R","STL","MIA","B","null","null",1,1,2012,"-1.6163000000000000","0.50960000000000000000","-2.2970","2.7710","434671.00","null","null",2,3,"Top","null","null",,,"null",,"null",,,,,,,"3.4500","1.6700","null","null","null","null","null","null",319008,"null","null","null","null","null","null","null","null","null","null","null","null","null","null","null","null","null",20,"3"
"SI","2012-07-08","93.6","null","null","Joe Kelly",150324,523260,"null","called_strike",,,,,"7","null","R","R","R","STL","MIA","S","null","null",1,0,2012,"-2.0101416666666667","0.86506666666666666667","-0.8140","2.1360","434671.00","null","null",2,3,"Top","null","null",,,"null",,"null",,,,,,,"3.4500","1.6700","null","null","null","null","null","null",319008,"null","null","null","null","null","null","null","null","null","null","null","null","null","null","null","null","null",20,"2"
"SI","2012-07-08","93.7","null","null","Joe Kelly",150324,523260,"null","ball",,,,,"13","null","R","R","R","STL","MIA","B","null","null",0,0,2012,"-1.6858833333333333","0.79626666666666666667","-1.4240","2.3070","434671.00","null","null",2,3,"Top","null","null",,,"null",,"null",,,,,,,"3.4500","1.6700","null","null","null","null","null","null",319008,"null","null","null","null","null","null","null","null","null","null","null","null","null","null","null","null","null",20,"1"
"CH","2012-07-08","82.7","null","null","Joe Kelly",434670,523260,"field_out","hit_into_play",,,,,"5","Hanley Ramirez grounds out, first baseman Allen Craig to pitcher Joe Kelly.    Anibal Sanchez to 3rd.","R","R","R","STL","MIA","X","3","ground_ball",1,2,2012,"-1.9252500000000000","0.17420000000000000000","-0.1290","2.6560","null","434671.00","null",1,3,"Top","141.57","164.66",,,"null",,"null",,,,,,,"3.6000","1.6300","null","null","null","null","null","null",319008,"null","null","null","null","null","null","null","null","null","null","null","null","0.00",1,0,0,"null",19,"5"
"SI","2012-07-08","94.9","null","null","Joe Kelly",434670,523260,"null","ball",,,,,"13","null","R","R","R","STL","MIA","B","null","null",0,2,2012,"-1.4632166666666667","0.67586666666666666667","-1.7580","2.2060","null","434671.00","null",1,3,"Top","null","null",,,"null",,"null",,,,,,,"3.6000","1.6300","null","null","null","null","null","null",319008,"null","null","null","null","null","null","null","null","null","null","null","null","null","null","null","null","null",19,"4"
"SI","2012-07-08","94.3","null","null","Joe Kelly",434670,523260,"null","foul",,,,,"13","null","R","R","R","STL","MIA","S","null","null",0,2,2012,"-1.5620250000000000","0.85073333333333333333","-1.6370","2.5400","null","434671.00","null",1,3,"Top","null","null",,,"null",,"null",,,,,,,"3.6000","1.6300","null","null","null","null","null","null",319008,"null","null","null","null","null","null","null","null","null","null","null","null","null","null","null","null","null",19,"3"
"SL","2012-07-08","80.7","null","null","Joe Kelly",434670,523260,"null","swinging_strike",,,,,"14","null","R","R","R","STL","MIA","S","null","null",0,1,2012,"0.34873333333333333333","-0.15690000000000000000","0.0050","1.4000","null","434671.00","null",1,3,"Top","null","null",,,"null",,"null",,,,,,,"3.6000","1.6300","null","null","null","null","null","null",319008,"null","null","null","null","null","null","null","null","null","null","null","null","null","null","null","null","null",19,"2"
"SL","2012-07-08","80.4","null","null","Joe Kelly",434670,523260,"null","called_strike",,,,,"9","null","R","R","R","STL","MIA","S","null","null",0,0,2012,"0.45171666666666666667","-0.36043333333333333333","0.5250","2.0060","null","434671.00","null",1,3,"Top","null","null",,,"null",,"null",,,,,,,"3.6000","1.6300","null","null","null","null","null","null",319008,"null","null","null","null","null","null","null","null","null","null","null","null","null","null","null","null","null",19,"1"
"SI","2012-07-08","94.2","null","null","Joe Kelly",408314,523260,"sac_bunt","hit_into_play",,,,,"13","Jose Reyes out on a sacrifice bunt, pitcher Joe Kelly to first baseman Allen Craig.    Anibal Sanchez to 2nd.","R","L","R","STL","MIA","X","1","ground_ball",1,0,2012,"-1.5703750000000000","0.58556666666666666667","-0.9490","1.9530","null","null","434671.00",0,3,"Top","132.53","188.76",,,"null",,"null",,,,,,,"3.1400","1.4700","null","null","null","null","null","null",319008,"null","null","null","null","null","null","null","null","null","null","null","null","0.00",1,0,0,"null",18,"2"
"SI","2012-07-08","94.2","null","null","Joe Kelly",408314,523260,"null","ball",,,,,"13","null","R","L","R","STL","MIA","B","null","null",0,0,2012,"-1.5982083333333333","0.47090000000000000000","-2.0080","1.3420","null","null","434671.00",0,3,"Top","null","null",,,"null",,"null",,,,,,,"3.1400","1.4700","null","null","null","null","null","null",319008,"null","null","null","null","null","null","null","null","null","null","null","null","null","null","null","null","null",18,"1"
"SI","2012-07-08","91.8","null","null","Joe Kelly",434671,523260,"walk","ball",,,,,"11","Anibal Sanchez walks.","R","R","R","STL","MIA","B","null","null",3,1,2012,"-1.5216666666666667","0.63286666666666666667","-0.8990","2.9440","null","null","null",0,3,"Top","null","null",,,"null",,"null",,,,,,,"3.2900","1.5600","null","null","null","null","null","null",319008,"null","null","null","null","null","null","null","null","null","null","null","null","0.70",1,0,0,"null",17,"5"
"SI","2012-07-08","91.0","null","null","Joe Kelly",434671,523260,"null","ball",,,,,"11","null","R","R","R","STL","MIA","B","null","null",2,1,2012,"-1.6970166666666667","0.59846666666666666667","-1.3310","2.5190","null","null","null",0,3,"Top","null","null",,,"null",,"null",,,,,,,"3.2900","1.5600","null","null","null","null","null","null",319008,"null","null","null","null","null","null","null","null","null","null","null","null","null","null","null","null","null",17,"4"
"SI","2012-07-08","91.0","null","null","Joe Kelly",434671,523260,"null","called_strike",,,,,"13","null","R","R","R","STL","MIA","S","null","null",2,0,2012,"-1.7415500000000000","0.63860000000000000000","-1.0030","2.3390","null","null","null",0,3,"Top","null","null",,,"null",,"null",,,,,,,"3.2900","1.5600","null","null","null","null","null","null",319008,"null","null","null","null","null","null","null","null","null","null","null","null","null","null","null","null","null",17,"3"
"SI","2012-07-08","92.2","null","null","Joe Kelly",434671,523260,"null","ball",,,,,"2","null","R","R","R","STL","MIA","B","null","null",1,0,2012,"-1.4618250000000000","0.67300000000000000000","-0.1510","3.3150","null","null","null",0,3,"Top","null","null",,,"null",,"null",,,,,,,"3.2900","1.5600","null","null","null","null","null","null",319008,"null","null","null","null","null","null","null","null","null","null","null","null","null","null","null","null","null",17,"2"
"SI","2012-07-08","91.9","null","null","Joe Kelly",434671,523260,"null","ball",,,,,"13","null","R","R","R","STL","MIA","B","null","null",0,0,2012,"-1.4270333333333333","0.49670000000000000000","-0.5290","1.1980","null","null","null",0,3,"Top","null","null",,,"null",,"null",,,,,,,"3.2900","1.5600","null","null","null","null","null","null",319008,"null","null","null","null","null","null","null","null","null","null","null","null","null","null","null","null","null",17,"1"
"SL","2012-07-08","78.8","null","null","Joe Kelly",407833,523260,"double_play","hit_into_play",,,,,"4","John Buck lines into double play, pitcher Joe Kelly to first baseman Allen Craig.    Omar Infante out at 1st.","R","R","R","STL","MIA","X","1","line_drive",0,0,2012,"0.64376666666666666667","-0.41060000000000000000","-0.7620","2.5820","null","null","408299.00",1,2,"Top","126.51","183.73",,,"null",,"null",,,,,,,"3.5100","1.6000","null","null","null","null","null","null",319008,"null","null","null","null","null","null","null","null","null","null","null","null","0.00",1,0,0,"null",11,"1"
"SI","2012-07-08","92.7","null","null","Joe Kelly",408299,523260,"single","hit_into_play_no_out",,,,,"6","Omar Infante singles on a ground ball to center fielder Jon Jay.","R","R","R","STL","MIA","X","null","ground_ball",1,0,2012,"-1.6163000000000000","0.35480000000000000000","0.2940","2.0520","null","null","null",1,2,"Top","111.45","96.39",,,"null",,"null",,,,,,,"3.2900","1.4900","null","null","null","null","null","null",319008,"null","null","null","null","null","null","null","null","null","null","null","null","0.90",1,1,0,"null",10,"2"
"SI","2012-07-08","95.8","null","null","Joe Kelly",408299,523260,"null","ball",,,,,"13","null","R","R","R","STL","MIA","B","null","null",0,0,2012,"-1.3908500000000000","0.72316666666666666667","-1.0500","1.9820","null","null","null",1,2,"Top","null","null",,,"null",,"null",,,,,,,"3.2900","1.4900","null","null","null","null","null","null",319008,"null","null","null","null","null","null","null","null","null","null","null","null","null","null","null","null","null",10,"1"
"SI","2012-07-08","93.4","null","null","Joe Kelly",425785,523260,"field_out","hit_into_play",,,,,"1","Greg Dobbs flies out to left fielder Matt Holliday.","R","L","R","STL","MIA","X","7","fly_ball",2,1,2012,"-1.4576500000000000","0.33043333333333333333","-0.5000","2.8550","null","null","null",0,2,"Top","77.31","84.34",,,"null",,"null",,,,,,,"3.2800","1.5800","null","null","null","null","null","null",319008,"null","null","null","null","null","null","null","null","null","null","null","null","0.00",1,0,0,"null",9,"4"
"CH","2012-07-08","84.6","null","null","Joe Kelly",425785,523260,"null","ball",,,,,"14","null","R","L","R","STL","MIA","B","null","null",1,1,2012,"-1.8167000000000000","0.29030000000000000000","0.4420","1.2990","null","null","null",0,2,"Top","null","null",,,"null",,"null",,,,,,,"3.2800","1.5800","null","null","null","null","null","null",319008,"null","null","null","null","null","null","null","null","null","null","null","null","null","null","null","null","null",9,"3"
"SL","2012-07-08","78.9","null","null","Joe Kelly",425785,523260,"null","ball",,,,,"11","null","R","L","R","STL","MIA","B","null","null",0,1,2012,"0.68134166666666666667","-0.40630000000000000000","-1.2570","3.0810","null","null","null",0,2,"Top","null","null",,,"null",,"null",,,,,,,"3.2800","1.5800","null","null","null","null","null","null",319008,"null","null","null","null","null","null","null","null","null","null","null","null","null","null","null","null","null",9,"2"
"SI","2012-07-08","93.0","null","null","Joe Kelly",425785,523260,"null","called_strike",,,,,"11","null","R","L","R","STL","MIA","S","null","null",0,0,2012,"-1.7178916666666667","0.50673333333333333333","-1.0330","2.6040","null","null","null",0,2,"Top","null","null",,,"null",,"null",,,,,,,"3.2800","1.5800","null","null","null","null","null","null",319008,"null","null","null","null","null","null","null","null","null","null","null","null","null","null","null","null","null",9,"1"
"SL","2012-07-08","79.9","null","null","Joe Kelly",448605,523260,"strikeout","swinging_strike",,,,,"9","Justin Ruggiano strikes out swinging.","R","R","R","STL","MIA","S","null","null",1,2,2012,"0.80380833333333333333","-0.63706666666666666667","0.3420","2.0630","null","150324.00","null",2,1,"Top","null","null",,,"null",,"null",,,,,,,"3.4800","1.6100","null","null","null","null","null","null",319008,"null","null","null","null","null","null","null","null","null","null","null","null","0.00",1,0,0,"null",5,"4"
"SI","2012-07-08","92.8","null","null","Joe Kelly",448605,523260,"null","foul",,,,,"7","null","R","R","R","STL","MIA","S","null","null",1,1,2012,"-1.9419500000000000","0.81490000000000000000","-0.4070","1.5960","null","150324.00","null",2,1,"Top","null","null",,,"null",,"null",,,,,,,"3.4800","1.6100","null","null","null","null","null","null",319008,"null","null","null","null","null","null","null","null","null","null","null","null","null","null","null","null","null",5,"3"
"SI","2012-07-08","93.6","null","null","Joe Kelly",448605,523260,"null","ball",,,,,"11","null","R","R","R","STL","MIA","B","null","null",0,1,2012,"-1.6037750000000000","0.59990000000000000000","-1.1460","3.6150","null","150324.00","null",2,1,"Top","null","null",,,"null",,"null",,,,,,,"3.4800","1.6100","null","null","null","null","null","null",319008,"null","null","null","null","null","null","null","null","null","null","null","null","null","null","null","null","null",5,"2"
"SL","2012-07-08","81.3","null","null","Joe Kelly",448605,523260,"null","swinging_strike",,,,,"6","null","R","R","R","STL","MIA","S","null","null",0,0,2012,"0.45171666666666666667","-0.07950000000000000000","0.5670","2.2970","null","150324.00","null",2,1,"Top","null","null",,,"null",,"null",,,,,,,"3.4800","1.6100","null","null","null","null","null","null",319008,"null","null","null","null","null","null","null","null","null","null","null","null","null","null","null","null","null",5,"1"
"SL","2012-07-08","82.2","null","null","Joe Kelly",489149,523260,"strikeout","swinging_strike",,,,,"14","Logan Morrison strikes out swinging.  Hanley Ramirez steals (12) 3rd base.   Hanley Ramirez scores.    Carlos Lee to 2nd.  Carlos Lee steals (1) 2nd base.  Throwing error by catcher Tony Cruz.","R","L","R","STL","MIA","S","null","null",3,2,2012,"0.41970833333333333333","-0.15976666666666666667","1.2020","1.2950","null","434670.00","150324.00",1,1,"Top","null","null",,,"null",,"null",,,,,,,"3.4400","1.6000","null","null","null","null","null","null",319008,"null","null","null","null","null","null","null","null","null","null","null","null","0.00",1,0,0,"null",4,"6"
"SI","2012-07-08","95.3","null","null","Joe Kelly",489149,523260,"null","foul",,,,,"13","null","R","L","R","STL","MIA","S","null","null",3,1,2012,"-1.5648083333333333","0.67300000000000000000","-0.0580","1.0710","null","434670.00","150324.00",1,1,"Top","null","null",,,"null",,"null",,,,,,,"3.4400","1.6000","null","null","null","null","null","null",319008,"null","null","null","null","null","null","null","null","null","null","null","null","null","null","null","null","null",4,"5"
"SI","2012-07-08","94.9","null","null","Joe Kelly",489149,523260,"null","ball",,,,,"14","null","R","L","R","STL","MIA","B","null","null",2,1,2012,"-2.0755500000000000","0.87796666666666666667","0.8330","2.2460","null","434670.00","150324.00",1,1,"Top","null","null",,,"null",,"null",,,,,,,"3.4400","1.6000","null","null","null","null","null","null",319008,"null","null","null","null","null","null","null","null","null","null","null","null","null","null","null","null","null",4,"4"
"CH","2012-07-08","83.6","null","null","Joe Kelly",489149,523260,"null","ball",,,,,"14","null","R","L","R","STL","MIA","B","null","null",1,1,2012,"-2.0338000000000000","0.38633333333333333333","0.6460","1.1800","null","434670.00","150324.00",1,1,"Top","null","null",,,"null",,"null",,,,,,,"3.4400","1.6000","null","null","null","null","null","null",319008,"null","null","null","null","null","null","null","null","null","null","null","null","null","null","null","null","null",4,"3"
"SI","2012-07-08","95.0","null","null","Joe Kelly",489149,523260,"null","foul",,,,,"7","null","R","L","R","STL","MIA","S","null","null",1,0,2012,"-1.9475166666666667","0.68160000000000000000","-0.2910","1.6050","null","434670.00","150324.00",1,1,"Top","null","null",,,"null",,"null",,,,,,,"3.4400","1.6000","null","null","null","null","null","null",319008,"null","null","null","null","null","null","null","null","null","null","null","null","null","null","null","null","null",4,"2"
"SI","2012-07-08","93.4","null","null","Joe Kelly",489149,523260,"null","ball",,,,,"13","null","R","L","R","STL","MIA","B","null","null",0,0,2012,"-1.8236583333333333","0.58843333333333333333","-1.3160","2.2720","null","434670.00","150324.00",1,1,"Top","null","null",,,"null",,"null",,,,,,,"3.4400","1.6000","null","null","null","null","null","null",319008,"null","null","null","null","null","null","null","null","null","null","null","null","null","null","null","null","null",4,"1"
"CH","2012-07-08","80.7","null","null","Joe Kelly",150324,523260,"walk","ball",,,,,"13","Carlos Lee walks.","R","R","R","STL","MIA","B","null","null",3,2,2012,"-1.6622250000000000","0.27453333333333333333","-2.0060","2.1130","null","434670.00","null",1,1,"Top","null","null",,,"null",,"null",,,,,,,"3.4500","1.6700","null","null","null","null","null","null",319008,"null","null","null","null","null","null","null","null","null","null","null","null","0.70",1,0,0,"null",3,"8"
"SI","2012-07-08","95.3","null","null","Joe Kelly",150324,523260,"null","ball",,,,,"12","null","R","R","R","STL","MIA","B","null","null",2,2,2012,"-1.14452500000000000000","0.71170000000000000000","1.0210","3.2070","null","434670.00","null",1,1,"Top","null","null",,,"null",,"null",,,,,,,"3.4500","1.6700","null","null","null","null","null","null",319008,"null","null","null","null","null","null","null","null","null","null","null","null","null","null","null","null","null",3,"7"
"CU","2012-07-08","74.6","null","null","Joe Kelly",150324,523260,"null","blocked_ball",,,,,"14","null","R","R","R","STL","MIA","B","null","null",1,2,2012,"0.68412500000000000000","-0.32746666666666666667","1.2260","0.1090","null","434670.00","null",1,1,"Top","null","null",,,"null",,"null",,,,,,,"3.4500","1.6700","null","null","null","null","null","null",319008,"null","null","null","null","null","null","null","null","null","null","null","null","null","null","null","null","null",3,"6"
"SL","2012-07-08","79.6","null","null","Joe Kelly",150324,523260,"null","foul",,,,,"9","null","R","R","R","STL","MIA","S","null","null",1,2,2012,"0.52130000000000000000","-0.46650000000000000000","0.3590","1.6130","null","434670.00","null",1,1,"Top","null","null",,,"null",,"null",,,,,,,"3.4500","1.6700","null","null","null","null","null","null",319008,"null","null","null","null","null","null","null","null","null","null","null","null","null","null","null","null","null",3,"5"
"SI","2012-07-08","94.0","null","null","Joe Kelly",150324,523260,"null","foul",,,,,"11","null","R","R","R","STL","MIA","S","null","null",1,2,2012,"-1.2558583333333333","0.58270000000000000000","-0.9000","2.9620","null","434670.00","null",1,1,"Top","null","null",,,"null",,"null",,,,,,,"3.4500","1.6700","null","null","null","null","null","null",319008,"null","null","null","null","null","null","null","null","null","null","null","null","null","null","null","null","null",3,"4"
"SL","2012-07-08","80.8","null","null","Joe Kelly",150324,523260,"null","called_strike",,,,,"2","null","R","R","R","STL","MIA","S","null","null",1,1,2012,"0.50738333333333333333","-0.45503333333333333333","0.1710","3.1010","null","434670.00","null",1,1,"Top","null","null",,,"null",,"null",,,,,,,"3.4500","1.6700","null","null","null","null","null","null",319008,"null","null","null","null","null","null","null","null","null","null","null","null","null","null","null","null","null",3,"3"
"SI","2012-07-08","95.1","null","null","Joe Kelly",150324,523260,"null","ball",,,,,"13","null","R","R","R","STL","MIA","B","null","null",0,1,2012,"-1.6608333333333333","0.92670000000000000000","-0.6720","1.1020","null","434670.00","null",1,1,"Top","null","null",,,"null",,"null",,,,,,,"3.4500","1.6700","null","null","null","null","null","null",319008,"null","null","null","null","null","null","null","null","null","null","null","null","null","null","null","null","null",3,"2"
"SI","2012-07-08","93.7","null","null","Joe Kelly",150324,523260,"null","called_strike",,,,,"8","null","R","R","R","STL","MIA","S","null","null",0,0,2012,"-1.5550666666666667","0.39063333333333333333","0.2030","1.7440","null","null","434670.00",1,1,"Top","null","null",,,"null",,"null",,,,,,,"3.4500","1.6700","null","null","null","null","null","null",319008,"null","null","null","null","null","null","null","null","null","null","null","null","null","null","null","null","null",3,"1"
"SI","2012-07-08","94.4","null","null","Joe Kelly",434670,523260,"walk","ball",,,,,"14","Hanley Ramirez walks.","R","R","R","STL","MIA","B","null","null",3,2,2012,"-1.2544666666666667","0.82206666666666666667","1.1650","1.9690","null","null","null",1,1,"Top","null","null",,,"null",,"null",,,,,,,"3.6000","1.6300","null","null","null","null","null","null",319008,"null","null","null","null","null","null","null","null","null","null","null","null","0.70",1,0,0,"null",2,"6"
"SI","2012-07-08","95.3","null","null","Joe Kelly",434670,523260,"null","foul",,,,,"13","null","R","R","R","STL","MIA","S","null","null",3,1,2012,"-1.6719666666666667","0.43506666666666666667","-0.9880","2.1200","null","null","null",1,1,"Top","null","null",,,"null",,"null",,,,,,,"3.6000","1.6300","null","null","null","null","null","null",319008,"null","null","null","null","null","null","null","null","null","null","null","null","null","null","null","null","null",2,"5"
"SI","2012-07-08","93.3","null","null","Joe Kelly",434670,523260,"null","called_strike",,,,,"7","null","R","R","R","STL","MIA","S","null","null",3,0,2012,"-1.5801166666666667","0.90806666666666666667","-0.3940","2.2470","null","null","null",1,1,"Top","null","null",,,"null",,"null",,,,,,,"3.6200","1.6300","null","null","null","null","null","null",319008,"null","null","null","null","null","null","null","null","null","null","null","null","null","null","null","null","null",2,"4"
"SI","2012-07-08","93.1","null","null","Joe Kelly",434670,523260,"null","ball",,,,,"11","null","R","R","R","STL","MIA","B","null","null",2,0,2012,"-1.6343916666666667","0.51963333333333333333","-1.9870","2.6280","null","null","null",1,1,"Top","null","null",,,"null",,"null",,,,,,,"3.5000","1.5800","null","null","null","null","null","null",319008,"null","null","null","null","null","null","null","null","null","null","null","null","null","null","null","null","null",2,"3"
"SI","2012-07-08","95.1","null","null","Joe Kelly",434670,523260,"null","ball",,,,,"14","null","R","R","R","STL","MIA","B","null","null",1,0,2012,"-1.8292250000000000","0.51963333333333333333","0.9130","1.6270","null","null","null",1,1,"Top","null","null",,,"null",,"null",,,,,,,"3.6000","1.8300","null","null","null","null","null","null",319008,"null","null","null","null","null","null","null","null","null","null","null","null","null","null","null","null","null",2,"2"
"SI","2012-07-08","95.3","null","null","Joe Kelly",434670,523260,"null","ball",,,,,"14","null","R","R","R","STL","MIA","B","null","null",0,0,2012,"-1.3226583333333333","0.96540000000000000000","1.1610","1.7030","null","null","null",1,1,"Top","null","null",,,"null",,"null",,,,,,,"3.6000","1.6300","null","null","null","null","null","null",319008,"null","null","null","null","null","null","null","null","null","null","null","null","null","null","null","null","null",2,"1"
"CH","2012-07-08","82.7","null","null","Joe Kelly",408314,523260,"field_out","hit_into_play",,,,,"4","Jose Reyes grounds out, second baseman Skip Schumaker to first baseman Allen Craig.","R","L","R","STL","MIA","X","4","ground_ball",1,1,2012,"-1.6733583333333333","0.36196666666666666667","-0.7170","2.0400","null","null","null",0,1,"Top","150.60","161.65",,,"null",,"null",,,,,,,"3.1400","1.4700","null","null","null","null","null","null",319008,"null","null","null","null","null","null","null","null","null","null","null","null","0.00",1,0,0,"null",1,"3"
"SI","2012-07-08","94.2","null","null","Joe Kelly",408314,523260,"null","ball",,,,,"11","null","R","L","R","STL","MIA","B","null","null",0,1,2012,"-1.4089416666666667","0.46946666666666666667","-1.3160","2.8620","null","null","null",0,1,"Top","null","null",,,"null",,"null",,,,,,,"3.1400","1.4700","null","null","null","null","null","null",319008,"null","null","null","null","null","null","null","null","null","null","null","null","null","null","null","null","null",1,"2"
"SI","2012-07-08","93.8","null","null","Joe Kelly",408314,523260,"null","called_strike",,,,,"13","null","R","L","R","STL","MIA","S","null","null",0,0,2012,"-1.5912500000000000","0.67300000000000000000","-0.9480","2.0480","null","null","null",0,1,"Top","null","null",,,"null",,"null",,,,,,,"3.1100","1.3900","null","null","null","null","null","null",319008,"null","null","null","null","null","null","null","null","null","null","null","null","null","null","null","null","null",1,"1"
"SI","2012-07-03","93.9","null","null","Joe Kelly",433585,523260,"field_out","hit_into_play",,,,,"4","Jeff Francis flies out to center fielder Jon Jay.","R","L","R","STL","COL","X","8","fly_ball",2,2,2012,"-1.6636166666666667","0.64863333333333333333","-0.4510","2.9020","null","null","null",2,6,"Top","89.36","87.35",,,"null",,"null",,,,,,,"3.6800","1.6700","null","null","null","null","null","null",318934,"null","null","null","null","null","null","null","null","null","null","null","null","0.00",1,0,0,"null",48,"5"
"SI","2012-07-03","91.9","null","null","Joe Kelly",433585,523260,"null","swinging_strike",,,,,"13","null","R","L","R","STL","COL","S","null","null",2,1,2012,"-1.8445333333333333","0.60276666666666666667","-1.6070","2.3430","null","null","null",2,6,"Top","null","null",,,"null",,"null",,,,,,,"3.6800","1.6700","null","null","null","null","null","null",318934,"null","null","null","null","null","null","null","null","null","null","null","null","null","null","null","null","null",48,"4"
"SI","2012-07-03","93.9","null","null","Joe Kelly",433585,523260,"null","ball",,,,,"11","null","R","L","R","STL","COL","B","null","null",1,1,2012,"-1.6232583333333333","0.56693333333333333333","-2.3490","3.3410","null","null","null",2,6,"Top","null","null",,,"null",,"null",,,,,,,"3.5400","1.6700","null","null","null","null","null","null",318934,"null","null","null","null","null","null","null","null","null","null","null","null","null","null","null","null","null",48,"3"
"SI","2012-07-03","91.5","null","null","Joe Kelly",433585,523260,"null","foul",,,,,"13","null","R","L","R","STL","COL","S","null","null",1,0,2012,"-1.5634166666666667","0.42073333333333333333","-0.8820","2.3750","null","null","null",2,6,"Top","null","null",,,"null",,"null",,,,,,,"3.6800","1.6700","null","null","null","null","null","null",318934,"null","null","null","null","null","null","null","null","null","null","null","null","null","null","null","null","null",48,"2"
"SI","2012-07-03","94.5","null","null","Joe Kelly",433585,523260,"null","ball",,,,,"11","null","R","L","R","STL","COL","B","null","null",0,0,2012,"-1.4033750000000000","0.46373333333333333333","-1.6230","2.6270","null","null","null",2,6,"Top","null","null",,,"null",,"null",,,,,,,"3.5400","1.6700","null","null","null","null","null","null",318934,"null","null","null","null","null","null","null","null","null","null","null","null","null","null","null","null","null",48,"1"
"CU","2012-07-03","77.4","null","null","Joe Kelly",468406,523260,"field_out","hit_into_play",,,,,"11","Jonathan Herrera grounds out, third baseman David Freese to first baseman Allen Craig.","R","L","R","STL","COL","X","5","ground_ball",1,2,2012,"0.29724166666666666667","-1.2247333333333333","-1.0860","3.0320","null","null","null",1,6,"Top","108.43","173.69",,,"null",,"null",,,,,,,"3.2500","1.6000","null","null","null","null","null","null",318934,"null","null","null","null","null","null","null","null","null","null","null","null","0.00",1,0,0,"null",47,"4"
"SI","2012-07-03","94.2","null","null","Joe Kelly",468406,523260,"null","called_strike",,,,,"13","null","R","L","R","STL","COL","S","null","null",1,1,2012,"-1.2976083333333333","0.51390000000000000000","-1.1970","1.7720","null","null","null",1,6,"Top","null","null",,,"null",,"null",,,,,,,"3.1700","1.6000","null","null","null","null","null","null",318934,"null","null","null","null","null","null","null","null","null","null","null","null","null","null","null","null","null",47,"3"
"SL","2012-07-03","80.0","null","null","Joe Kelly",468406,523260,"null","ball",,,,,"14","null","R","L","R","STL","COL","B","null","null",0,1,2012,"0.30837500000000000000","-0.83200000000000000000","1.3070","-0.2020","null","null","null",1,6,"Top","null","null",,,"null",,"null",,,,,,,"3.1700","1.6000","null","null","null","null","null","null",318934,"null","null","null","null","null","null","null","null","null","null","null","null","null","null","null","null","null",47,"2"
"SI","2012-07-03","93.4","null","null","Joe Kelly",468406,523260,"null","called_strike",,,,,"6","null","R","L","R","STL","COL","S","null","null",0,0,2012,"-1.4785250000000000","0.55833333333333333333","0.5030","2.2090","null","null","null",1,6,"Top","null","null",,,"null",,"null",,,,,,,"3.1300","1.6000","null","null","null","null","null","null",318934,"null","null","null","null","null","null","null","null","null","null","null","null","null","null","null","null","null",47,"1"
"SI","2012-07-03","92.3","null","null","Joe Kelly",501647,523260,"strikeout","swinging_strike",,,,,"13","Wilin Rosario strikes out swinging.","R","R","R","STL","COL","S","null","null",2,2,2012,"-1.4896583333333333","0.61710000000000000000","-1.8670","1.6680","null","null","null",0,6,"Top","null","null",,,"null",,"null",,,,,,,"3.4400","1.6200","null","null","null","null","null","null",318934,"null","null","null","null","null","null","null","null","null","null","null","null","0.00",1,0,0,"null",46,"5"
"SL","2012-07-03","80.9","null","null","Joe Kelly",501647,523260,"null","called_strike",,,,,"9","null","R","R","R","STL","COL","S","null","null",2,1,2012,"0.34038333333333333333","-0.55823333333333333333","0.4890","2.0210","null","null","null",0,6,"Top","null","null",,,"null",,"null",,,,,,,"3.2900","1.5100","null","null","null","null","null","null",318934,"null","null","null","null","null","null","null","null","null","null","null","null","null","null","null","null","null",46,"4"
"SI","2012-07-03","91.8","null","null","Joe Kelly",501647,523260,"null","ball",,,,,"13","null","R","R","R","STL","COL","B","null","null",1,1,2012,"-1.5495000000000000","0.50100000000000000000","-1.2660","1.2570","null","null","null",0,6,"Top","null","null",,,"null",,"null",,,,,,,"3.4600","1.5100","null","null","null","null","null","null",318934,"null","null","null","null","null","null","null","null","null","null","null","null","null","null","null","null","null",46,"3"
"SI","2012-07-03","92.1","null","null","Joe Kelly",501647,523260,"null","swinging_strike",,,,,"13","null","R","R","R","STL","COL","S","null","null",1,0,2012,"-1.2252416666666667","0.56550000000000000000","-1.5000","1.9580","null","null","null",0,6,"Top","null","null",,,"null",,"null",,,,,,,"3.4400","1.6200","null","null","null","null","null","null",318934,"null","null","null","null","null","null","null","null","null","null","null","null","null","null","null","null","null",46,"2"
"SL","2012-07-03","79.3","null","null","Joe Kelly",501647,523260,"null","ball",,,,,"11","null","R","R","R","STL","COL","B","null","null",0,0,2012,"0.56165833333333333333","-0.70013333333333333333","-1.5260","2.7710","null","null","null",0,6,"Top","null","null",,,"null",,"null",,,,,,,"3.4400","1.6200","null","null","null","null","null","null",318934,"null","null","null","null","null","null","null","null","null","null","null","null","null","null","null","null","null",46,"1"
"SI","2012-07-03","94.7","null","null","Joe Kelly",455126,523260,"field_out","hit_into_play",,,,,"11","Chris Nelson grounds out, pitcher Joe Kelly to first baseman Allen Craig.","R","R","R","STL","COL","X","1","ground_ball",0,1,2012,"-1.2141083333333333","0.77476666666666666667","-1.1570","2.6940","null","null","null",2,5,"Top","127.51","183.73",,,"null",,"null",,,,,,,"3.4800","1.6500","null","null","null","null","null","null",318934,"null","null","null","null","null","null","null","null","null","null","null","null","0.00",1,0,0,"null",42,"2"
"SI","2012-07-03","95.5","null","null","Joe Kelly",455126,523260,"null","foul",,,,,"5","null","R","R","R","STL","COL","S","null","null",0,0,2012,"-1.5829000000000000","0.70453333333333333333","-0.1050","2.7620","null","null","null",2,5,"Top","null","null",,,"null",,"null",,,,,,,"3.4800","1.6500","null","null","null","null","null","null",318934,"null","null","null","null","null","null","null","null","null","null","null","null","null","null","null","null","null",42,"1"
"SI","2012-07-03","95.9","null","null","Joe Kelly",115732,523260,"strikeout","swinging_strike",,,,,"13","Todd Helton strikes out swinging.","R","L","R","STL","COL","S","null","null",2,2,2012,"-1.6803166666666667","0.60420000000000000000","-0.9500","1.6680","null","null","null",1,5,"Top","null","null",,,"null",,"null",,,,,,,"3.6700","1.7100","null","null","null","null","null","null",318934,"null","null","null","null","null","null","null","null","null","null","null","null","0.00",1,0,0,"null",41,"5"
"SI","2012-07-03","95.7","null","null","Joe Kelly",115732,523260,"null","ball",,,,,"13","null","R","L","R","STL","COL","B","null","null",1,2,2012,"-1.6664000000000000","0.63860000000000000000","-2.3000","2.5040","null","null","null",1,5,"Top","null","null",,,"null",,"null",,,,,,,"3.6300","1.5900","null","null","null","null","null","null",318934,"null","null","null","null","null","null","null","null","null","null","null","null","null","null","null","null","null",41,"4"
"SI","2012-07-03","94.1","null","null","Joe Kelly",115732,523260,"null","called_strike",,,,,"11","null","R","L","R","STL","COL","S","null","null",1,1,2012,"-1.6149083333333333","0.61853333333333333333","-1.0570","3.0410","null","null","null",1,5,"Top","null","null",,,"null",,"null",,,,,,,"3.6300","1.5900","null","null","null","null","null","null",318934,"null","null","null","null","null","null","null","null","null","null","null","null","null","null","null","null","null",41,"3"
"SI","2012-07-03","95.2","null","null","Joe Kelly",115732,523260,"null","ball",,,,,"11","null","R","L","R","STL","COL","B","null","null",0,1,2012,"-1.16540000000000000000","0.71170000000000000000","-2.9620","3.9660","null","null","null",1,5,"Top","null","null",,,"null",,"null",,,,,,,"3.6200","1.5900","null","null","null","null","null","null",318934,"null","null","null","null","null","null","null","null","null","null","null","null","null","null","null","null","null",41,"2"
"SI","2012-07-03","95.3","null","null","Joe Kelly",115732,523260,"null","swinging_strike",,,,,"8","null","R","L","R","STL","COL","S","null","null",0,0,2012,"-1.5091416666666667","0.66296666666666666667","-0.2540","2.0580","null","null","null",1,5,"Top","null","null",,,"null",,"null",,,,,,,"3.6700","1.7100","null","null","null","null","null","null",318934,"null","null","null","null","null","null","null","null","null","null","null","null","null","null","null","null","null",41,"1"
"SI","2012-07-03","93.9","null","null","Joe Kelly",150212,523260,"field_out","hit_into_play",,,,,"5","Michael Cuddyer grounds out, shortstop Rafael Furcal to first baseman Allen Craig.","R","R","R","STL","COL","X","6","ground_ball",0,0,2012,"-1.5926416666666667","0.31180000000000000000","-0.0970","2.5890","null","null","null",0,5,"Top","113.45","160.64",,,"null",,"null",,,,,,,"3.5300","1.6300","null","null","null","null","null","null",318934,"null","null","null","null","null","null","null","null","null","null","null","null","0.00",1,0,0,"null",40,"1"
"CH","2012-07-03","84.1","null","null","Joe Kelly",471865,523260,"field_out","hit_into_play",,,,,"11","Carlos Gonzalez pops out to shortstop Rafael Furcal.","R","L","R","STL","COL","X","6","popup",2,1,2012,"-1.6260416666666667","0.33043333333333333333","-1.4070","2.5380","468406.00","502125.00","340192.00",2,4,"Top","107.43","109.44",,,"null",,"null",,,,,,,"3.4300","1.6100","null","null","null","null","null","null",318934,"null","null","null","null","null","null","null","null","null","null","null","null","0.00",1,0,0,"null",35,"4"
"SI","2012-07-03","95.1","null","null","Joe Kelly",471865,523260,"null","ball",,,,,"11","null","R","L","R","STL","COL","B","null","null",1,1,2012,"-1.7206750000000000","0.57123333333333333333","-2.2390","2.3370","468406.00","502125.00","340192.00",2,4,"Top","null","null",,,"null",,"null",,,,,,,"3.2700","1.3900","null","null","null","null","null","null",318934,"null","null","null","null","null","null","null","null","null","null","null","null","null","null","null","null","null",35,"3"
"CH","2012-07-03","83.9","null","null","Joe Kelly",471865,523260,"null","foul_tip",,,,,"13","null","R","L","R","STL","COL","S","null","null",1,0,2012,"-1.7234583333333333","0.20430000000000000000","-1.1770","2.0740","468406.00","502125.00","340192.00",2,4,"Top","null","null",,,"null",,"null",,,,,,,"3.4300","1.6100","null","null","null","null","null","null",318934,"null","null","null","null","null","null","null","null","null","null","null","null","null","null","null","null","null",35,"2"
"CH","2012-07-03","85.3","null","null","Joe Kelly",471865,523260,"null","ball",,,,,"11","null","R","L","R","STL","COL","B","null","null",0,0,2012,"-1.6524833333333333","0.32040000000000000000","-0.4080","3.7860","468406.00","502125.00","340192.00",2,4,"Top","null","null",,,"null",,"null",,,,,,,"3.4300","1.6100","null","null","null","null","null","null",318934,"null","null","null","null","null","null","null","null","null","null","null","null","null","null","null","null","null",35,"1"
"SI","2012-07-03","95.8","null","null","Joe Kelly",340192,523260,"single","hit_into_play_no_out",,,,,"5","Marco Scutaro singles on a ground ball to shortstop Rafael Furcal, deflected by pitcher Joe Kelly.    Jonathan Herrera to 3rd.    Tyler Colvin to 2nd.","R","R","R","STL","COL","X","1","ground_ball",1,2,2012,"-1.5634166666666667","0.57840000000000000000","0.0640","2.6540","null","468406.00","502125.00",2,4,"Top","113.45","159.64",,,"null",,"null",,,,,,,"3.2400","1.5200","null","null","null","null","null","null",318934,"null","null","null","null","null","null","null","null","null","null","null","null","0.90",1,1,0,"null",34,"4"
"SL","2012-07-03","81.2","null","null","Joe Kelly",340192,523260,"null","ball",,,,,"14","null","R","R","R","STL","COL","B","null","null",0,2,2012,"0.70500000000000000000","-0.21853333333333333333","1.8230","1.8120","null","468406.00","502125.00",2,4,"Top","null","null",,,"null",,"null",,,,,,,"3.2400","1.5200","null","null","null","null","null","null",318934,"null","null","null","null","null","null","null","null","null","null","null","null","null","null","null","null","null",34,"3"
"SI","2012-07-03","95.7","null","null","Joe Kelly",340192,523260,"null","called_strike",,,,,"2","null","R","R","R","STL","COL","S","null","null",0,1,2012,"-1.4367750000000000","0.90376666666666666667","0.0960","3.1720","null","468406.00","502125.00",2,4,"Top","null","null",,,"null",,"null",,,,,,,"3.2400","1.5200","null","null","null","null","null","null",318934,"null","null","null","null","null","null","null","null","null","null","null","null","null","null","null","null","null",34,"2"
"SL","2012-07-03","81.8","null","null","Joe Kelly",340192,523260,"null","called_strike",,,,,"12","null","R","R","R","STL","COL","S","null","null",0,0,2012,"0.60480000000000000000","-0.32173333333333333333","0.8760","2.4250","null","468406.00","502125.00",2,4,"Top","null","null",,,"null",,"null",,,,,,,"3.2400","1.5200","null","null","null","null","null","null",318934,"null","null","null","null","null","null","null","null","null","null","null","null","null","null","null","null","null",34,"1"
"SI","2012-07-03","94.2","null","null","Joe Kelly",502125,523260,"walk","ball",,,,,"13","Tyler Colvin walks.","R","L","R","STL","COL","B","null","null",3,0,2012,"-1.8584500000000000","0.55260000000000000000","-0.6170","0.8270","null","468406.00","null",2,4,"Top","null","null",,,"null",,"null",,,,,,,"3.6200","1.6600","null","null","null","null","null","null",318934,"null","null","null","null","null","null","null","null","null","null","null","null","0.70",1,0,0,"null",33,"4"
"SI","2012-07-03","93.2","null","null","Joe Kelly",502125,523260,"null","ball",,,,,"9","null","R","L","R","STL","COL","B","null","null",2,0,2012,"-1.5063583333333333","0.79626666666666666667","0.8220","1.5740","null","468406.00","null",2,4,"Top","null","null",,,"null",,"null",,,,,,,"3.5000","1.6600","null","null","null","null","null","null",318934,"null","null","null","null","null","null","null","null","null","null","null","null","null","null","null","null","null",33,"3"
"SI","2012-07-03","94.2","null","null","Joe Kelly",502125,523260,"null","ball",,,,,"13","null","R","L","R","STL","COL","B","null","null",1,0,2012,"-1.4840916666666667","0.77046666666666666667","-1.9590","2.1450","null","468406.00","null",2,4,"Top","null","null",,,"null",,"null",,,,,,,"3.5800","1.6700","null","null","null","null","null","null",318934,"null","null","null","null","null","null","null","null","null","null","null","null","null","null","null","null","null",33,"2"
"SI","2012-07-03","95.8","null","null","Joe Kelly",502125,523260,"null","ball",,,,,"13","null","R","L","R","STL","COL","B","null","null",0,0,2012,"-1.5898583333333333","0.50100000000000000000","-0.6650","0.9980","null","468406.00","null",2,4,"Top","null","null",,,"null",,"null",,,,,,,"3.5800","1.6600","null","null","null","null","null","null",318934,"null","null","null","null","null","null","null","null","null","null","null","null","null","null","null","null","null",33,"1"
"SI","2012-07-03","93.7","null","null","Joe Kelly",433585,523260,"grounded_into_double_play","hit_into_play",,,,,"13","Jeff Francis ground bunts into double play, catcher Yadier Molina to third baseman David Freese to second baseman Tyler Greene.    Wilin Rosario out at 3rd.    Jonathan Herrera to 2nd.","R","L","R","STL","COL","X","2","ground_ball",0,0,2012,"-1.7986083333333333","0.54543333333333333333","-0.8600","2.3300","null","501647.00","468406.00",0,4,"Top","125.50","196.79",,,"null",,"null",,,,,,,"3.6800","1.6700","null","null","null","null","null","null",318934,"null","null","null","null","null","null","null","null","null","null","null","null","0.00",1,0,0,"null",32,"1"
"SI","2012-07-03","93.0","null","null","Joe Kelly",468406,523260,"single","hit_into_play_no_out",,,,,"4","Jonathan Herrera singles on a line drive to left fielder Matt Holliday.    Wilin Rosario to 2nd.","R","L","R","STL","COL","X","null","line_drive",2,0,2012,"-1.6594416666666667","0.54256666666666666667","-0.6120","2.6640","null","null","501647.00",0,4,"Top","78.31","115.46",,,"null",,"null",,,,,,,"3.2500","1.6000","null","null","null","null","null","null",318934,"null","null","null","null","null","null","null","null","null","null","null","null","0.90",1,1,0,"null",31,"3"
"SI","2012-07-03","92.6","null","null","Joe Kelly",468406,523260,"null","ball",,,,,"11","null","R","L","R","STL","COL","B","null","null",1,0,2012,"-1.7972166666666667","0.72460000000000000000","-1.5030","2.4350","null","null","501647.00",0,4,"Top","null","null",,,"null",,"null",,,,,,,"3.1300","1.6000","null","null","null","null","null","null",318934,"null","null","null","null","null","null","null","null","null","null","null","null","null","null","null","null","null",31,"2"
"SI","2012-07-03","93.6","null","null","Joe Kelly",468406,523260,"null","ball",,,,,"13","null","R","L","R","STL","COL","B","null","null",0,0,2012,"-1.6580500000000000","0.55116666666666666667","-1.8470","1.4600","null","null","501647.00",0,4,"Top","null","null",,,"null",,"null",,,,,,,"3.1700","1.6000","null","null","null","null","null","null",318934,"null","null","null","null","null","null","null","null","null","null","null","null","null","null","null","null","null",31,"1"
"SI","2012-07-03","94.8","null","null","Joe Kelly",501647,523260,"walk","ball",,,,,"14","Wilin Rosario walks.","R","R","R","STL","COL","B","null","null",3,1,2012,"-1.6900583333333333","0.42933333333333333333","1.7450","2.4440","null","null","null",0,4,"Top","null","null",,,"null",,"null",,,,,,,"3.4300","1.5500","null","null","null","null","null","null",318934,"null","null","null","null","null","null","null","null","null","null","null","null","0.70",1,0,0,"null",30,"5"
"SL","2012-07-03","81.0","null","null","Joe Kelly",501647,523260,"null","ball",,,,,"14","null","R","R","R","STL","COL","B","null","null",2,1,2012,"0.51990833333333333333","-0.54820000000000000000","0.9940","1.1080","null","null","null",0,4,"Top","null","null",,,"null",,"null",,,,,,,"3.3400","1.5500","null","null","null","null","null","null",318934,"null","null","null","null","null","null","null","null","null","null","null","null","null","null","null","null","null",30,"4"
"SL","2012-07-03","82.0","null","null","Joe Kelly",501647,523260,"null","ball",,,,,"14","null","R","R","R","STL","COL","B","null","null",1,1,2012,"0.72030833333333333333","-0.37906666666666666667","1.3180","1.3720","null","null","null",0,4,"Top","null","null",,,"null",,"null",,,,,,,"3.3700","1.5000","null","null","null","null","null","null",318934,"null","null","null","null","null","null","null","null","null","null","null","null","null","null","null","null","null",30,"3"
"SL","2012-07-03","81.8","null","null","Joe Kelly",501647,523260,"null","ball",,,,,"14","null","R","R","R","STL","COL","B","null","null",0,1,2012,"0.75231666666666666667","-0.41490000000000000000","0.9750","2.3410","null","null","null",0,4,"Top","null","null",,,"null",,"null",,,,,,,"3.4400","1.5800","null","null","null","null","null","null",318934,"null","null","null","null","null","null","null","null","null","null","null","null","null","null","null","null","null",30,"2"
"SL","2012-07-03","80.3","null","null","Joe Kelly",501647,523260,"null","called_strike",,,,,"14","null","R","R","R","STL","COL","S","null","null",0,0,2012,"0.59784166666666666667","-0.17696666666666666667","0.8510","1.8000","null","null","null",0,4,"Top","null","null",,,"null",,"null",,,,,,,"3.4400","1.6200","null","null","null","null","null","null",318934,"null","null","null","null","null","null","null","null","null","null","null","null","null","null","null","null","null",30,"1"
"SL","2012-07-03","82.6","null","null","Joe Kelly",455126,523260,"field_out","hit_into_play",,,,,"14","Chris Nelson grounds out, pitcher Joe Kelly to first baseman Allen Craig.","R","R","R","STL","COL","X","1","ground_ball",0,2,2012,"0.36404166666666666667","-0.57973333333333333333","0.9580","2.3570","471865.00","150212.00","115732.00",2,3,"Top","127.51","178.71",,,"null",,"null",,,,,,,"3.4800","1.6500","null","null","null","null","null","null",318934,"null","null","null","null","null","null","null","null","null","null","null","null","0.00",1,0,0,"null",23,"4"
"SI","2012-07-03","95.8","null","null","Joe Kelly",455126,523260,"null","foul",,,,,"1","null","R","R","R","STL","COL","S","null","null",0,2,2012,"-1.2809083333333333","0.78766666666666666667","-0.5460","3.3580","471865.00","150212.00","115732.00",2,3,"Top","null","null",,,"null",,"null",,,,,,,"3.4800","1.6500","null","null","null","null","null","null",318934,"null","null","null","null","null","null","null","null","null","null","null","null","null","null","null","null","null",23,"3"
"SL","2012-07-03","81.9","null","null","Joe Kelly",455126,523260,"null","foul",,,,,"6","null","R","R","R","STL","COL","S","null","null",0,1,2012,"0.52408333333333333333","-0.46793333333333333333","0.5380","2.2630","471865.00","150212.00","115732.00",2,3,"Top","null","null",,,"null",,"null",,,,,,,"3.4800","1.6500","null","null","null","null","null","null",318934,"null","null","null","null","null","null","null","null","null","null","null","null","null","null","null","null","null",23,"2"
"SI","2012-07-03","96.0","null","null","Joe Kelly",455126,523260,"null","swinging_strike",,,,,"9","null","R","R","R","STL","COL","S","null","null",0,0,2012,"-1.3310083333333333","0.61280000000000000000","0.8010","1.8600","471865.00","150212.00","115732.00",2,3,"Top","null","null",,,"null",,"null",,,,,,,"3.4800","1.6500","null","null","null","null","null","null",318934,"null","null","null","null","null","null","null","null","null","null","null","null","null","null","null","null","null",23,"1"
"CH","2012-07-03","86.4","null","null","Joe Kelly",115732,523260,"walk","ball",,,,,"14","Todd Helton walks.    Carlos Gonzalez to 3rd.    Michael Cuddyer to 2nd.","R","L","R","STL","COL","B","null","null",3,2,2012,"-1.5035750000000000","0.51246666666666666667","0.5790","1.3260","null","471865.00","150212.00",2,3,"Top","null","null",,,"null",,"null",,,,,,,"3.6700","1.7100","null","null","null","null","null","null",318934,"null","null","null","null","null","null","null","null","null","null","null","null","0.70",1,0,0,"null",22,"7"
"SI","2012-07-03","95.3","null","null","Joe Kelly",115732,523260,"null","foul",,,,,"13","null","R","L","R","STL","COL","S","null","null",3,2,2012,"-1.5355833333333333","0.50243333333333333333","-1.2600","2.3620","null","471865.00","150212.00",2,3,"Top","null","null",,,"null",,"null",,,,,,,"3.6700","1.7100","null","null","null","null","null","null",318934,"null","null","null","null","null","null","null","null","null","null","null","null","null","null","null","null","null",22,"6"
"SI","2012-07-03","93.7","null","null","Joe Kelly",115732,523260,"null","foul",,,,,"8","null","R","L","R","STL","COL","S","null","null",3,1,2012,"-1.6371750000000000","0.38346666666666666667","0.1220","1.8210","null","471865.00","150212.00",2,3,"Top","null","null",,,"null",,"null",,,,,,,"3.6700","1.7100","null","null","null","null","null","null",318934,"null","null","null","null","null","null","null","null","null","null","null","null","null","null","null","null","null",22,"5"
"SI","2012-07-03","94.5","null","null","Joe Kelly",115732,523260,"null","ball",,,,,"13","null","R","L","R","STL","COL","B","null","null",2,1,2012,"-1.6260416666666667","0.62283333333333333333","-1.7220","2.1420","null","471865.00","150212.00",2,3,"Top","null","null",,,"null",,"null",,,,,,,"3.6700","1.7100","null","null","null","null","null","null",318934,"null","null","null","null","null","null","null","null","null","null","null","null","null","null","null","null","null",22,"4"
"SI","2012-07-03","93.4","null","null","Joe Kelly",115732,523260,"null","ball",,,,,"13","null","R","L","R","STL","COL","B","null","null",1,1,2012,"-1.4701750000000000","0.50243333333333333333","-1.6310","0.6090","null","471865.00","150212.00",2,3,"Top","null","null",,,"null",,"null",,,,,,,"3.6700","1.7100","null","null","null","null","null","null",318934,"null","null","null","null","null","null","null","null","null","null","null","null","null","null","null","null","null",22,"3"
"SI","2012-07-03","94.0","null","null","Joe Kelly",115732,523260,"null","ball",,,,,"14","null","R","L","R","STL","COL","B","null","null",0,1,2012,"-1.2558583333333333","0.91810000000000000000","1.4880","1.7010","null","471865.00","150212.00",2,3,"Top","null","null",,,"null",,"null",,,,,,,"3.6700","1.7100","null","null","null","null","null","null",318934,"null","null","null","null","null","null","null","null","null","null","null","null","null","null","null","null","null",22,"2"
"SI","2012-07-03","95.2","null","null","Joe Kelly",115732,523260,"null","called_strike",,,,,"13","null","R","L","R","STL","COL","S","null","null",0,0,2012,"-1.5564583333333333","0.36340000000000000000","-1.3100","2.6340","null","471865.00","150212.00",2,3,"Top","null","null",,,"null",,"null",,,,,,,"3.6700","1.7100","null","null","null","null","null","null",318934,"null","null","null","null","null","null","null","null","null","null","null","null","null","null","null","null","null",22,"1"
"SL","2012-07-03","80.5","null","null","Joe Kelly",150212,523260,"single","hit_into_play_no_out",,,,,"5","Michael Cuddyer singles on a line drive to left fielder Matt Holliday.    Carlos Gonzalez to 2nd.","R","R","R","STL","COL","X","null","line_drive",0,1,2012,"0.43501666666666666667","-0.59406666666666666667","-0.0130","2.4560","null","null","471865.00",2,3,"Top","83.33","114.46",,,"null",,"null",,,,,,,"3.5300","1.6300","null","null","null","null","null","null",318934,"null","null","null","null","null","null","null","null","null","null","null","null","0.90",1,1,0,"null",21,"2"
"SI","2012-07-03","94.7","null","null","Joe Kelly",150212,523260,"null","called_strike",,,,,"2","null","R","R","R","STL","COL","S","null","null",0,0,2012,"-1.4423416666666667","0.97686666666666666667","0.1190","3.0730","null","null","471865.00",2,3,"Top","null","null",,,"null",,"null",,,,,,,"3.5300","1.6300","null","null","null","null","null","null",318934,"null","null","null","null","null","null","null","null","null","null","null","null","null","null","null","null","null",21,"1"
"SL","2012-07-03","82.4","null","null","Joe Kelly",471865,523260,"single","hit_into_play_no_out",,,,,"4","Carlos Gonzalez singles on a ground ball to right fielder Carlos Beltran.","R","L","R","STL","COL","X","null","ground_ball",0,1,2012,"0.31255000000000000000","-0.61556666666666666667","-0.4520","2.7700","null","null","null",2,3,"Top","161.65","99.40",,,"null",,"null",,,,,,,"3.4300","1.6100","null","null","null","null","null","null",318934,"null","null","null","null","null","null","null","null","null","null","null","null","0.90",1,1,0,"null",20,"2"
"SI","2012-07-03","95.0","null","null","Joe Kelly",471865,523260,"null","foul",,,,,"4","null","R","L","R","STL","COL","S","null","null",0,0,2012,"-1.4172916666666667","0.60133333333333333333","-0.5140","2.7290","null","null","null",2,3,"Top","null","null",,,"null",,"null",,,,,,,"3.4300","1.6100","null","null","null","null","null","null",318934,"null","null","null","null","null","null","null","null","null","null","null","null","null","null","null","null","null",20,"1"
"SI","2012-07-03","94.7","null","null","Joe Kelly",340192,523260,"field_out","hit_into_play",,,,,"13","Marco Scutaro lines out to center fielder Jon Jay.","R","R","R","STL","COL","X","8","line_drive",0,0,2012,"-1.3324000000000000","0.78050000000000000000","-1.0670","2.2220","null","null","null",1,3,"Top","123.49","84.34",,,"null",,"null",,,,,,,"3.2400","1.5200","null","null","null","null","null","null",318934,"null","null","null","null","null","null","null","null","null","null","null","null","0.00",1,0,0,"null",19,"1"
"CH","2012-07-03","83.5","null","null","Joe Kelly",502125,523260,"home_run","hit_into_play_score",,,,,"13","Tyler Colvin homers (10) on a fly ball to right field.    Jonathan Herrera scores.    Jeff Francis scores.","R","L","R","STL","COL","X","null","fly_ball",0,2,2012,"-1.7415500000000000","0.29746666666666666667","-1.0510","2.5330","null","468406.00","433585.00",1,3,"Top","196.79","50.20",,,"null",,"null",,,,,,,"3.5000","1.6600","null","null","null","null","null","null",318934,"null","null","null","null","null","null","null","null","null","null","null","null","2.00",1,0,3,"null",18,"4"
"CU","2012-07-03","76.2","null","null","Joe Kelly",502125,523260,"null","foul",,,,,"7","null","R","L","R","STL","COL","S","null","null",0,2,2012,"0.34873333333333333333","-1.2175666666666667","-0.7510","1.6730","null","468406.00","433585.00",1,3,"Top","null","null",,,"null",,"null",,,,,,,"3.5000","1.6600","null","null","null","null","null","null",318934,"null","null","null","null","null","null","null","null","null","null","null","null","null","null","null","null","null",18,"3"
"SI","2012-07-03","94.1","null","null","Joe Kelly",502125,523260,"null","foul",,,,,"13","null","R","L","R","STL","COL","S","null","null",0,1,2012,"-1.5898583333333333","0.65580000000000000000","-0.8830","1.3980","null","468406.00","433585.00",1,3,"Top","null","null",,,"null",,"null",,,,,,,"3.5000","1.6600","null","null","null","null","null","null",318934,"null","null","null","null","null","null","null","null","null","null","null","null","null","null","null","null","null",18,"2"
"SI","2012-07-03","93.2","null","null","Joe Kelly",502125,523260,"null","called_strike",,,,,"13","null","R","L","R","STL","COL","S","null","null",0,0,2012,"-1.6705750000000000","0.41213333333333333333","-1.1320","2.4300","null","468406.00","433585.00",1,3,"Top","null","null",,,"null",,"null",,,,,,,"3.5800","1.6700","null","null","null","null","null","null",318934,"null","null","null","null","null","null","null","null","null","null","null","null","null","null","null","null","null",18,"1"
"SI","2012-07-03","92.2","null","null","Joe Kelly",433585,523260,"field_error","hit_into_play_no_out",,,,,"13","Jeff Francis reaches on force attempt, throwing error by catcher Yadier Molina.    Jonathan Herrera to 2nd.","R","L","R","STL","COL","X","2","ground_ball",0,1,2012,"-1.4256416666666667","0.64003333333333333333","-1.2930","2.1440","null","null","468406.00",1,3,"Top","125.50","195.78",,,"null",,"null",,,,,,,"3.6800","1.6700","null","null","null","null","null","null",318934,"null","null","null","null","null","null","null","null","null","null","null","null","0.00",1,0,0,"null",17,"2"
"SI","2012-07-03","93.9","null","null","Joe Kelly",433585,523260,"null","foul_bunt",,,,,"5","null","R","L","R","STL","COL","S","null","null",0,0,2012,"-1.01649166666666666667","1.04996666666666666667","-0.1900","2.6900","null","null","468406.00",1,3,"Top","null","null",,,"null",,"null",,,,,,,"3.6800","1.6700","null","null","null","null","null","null",318934,"null","null","null","null","null","null","null","null","null","null","null","null","null","null","null","null","null",17,"1"
"SI","2012-07-03","95.0","null","null","Joe Kelly",468406,523260,"walk","ball",,,,,"11","Jonathan Herrera walks.","R","L","R","STL","COL","B","null","null",3,2,2012,"-1.4103333333333333","0.36483333333333333333","-1.5550","3.5680","null","null","null",1,3,"Top","null","null",,,"null",,"null",,,,,,,"3.2200","1.6000","null","null","null","null","null","null",318934,"null","null","null","null","null","null","null","null","null","null","null","null","0.70",1,0,0,"null",16,"6"
"SI","2012-07-03","94.5","null","null","Joe Kelly",468406,523260,"null","called_strike",,,,,"1","null","R","L","R","STL","COL","S","null","null",3,1,2012,"-1.5467166666666667","0.50386666666666666667","-0.6680","2.6930","null","null","null",1,3,"Top","null","null",,,"null",,"null",,,,,,,"3.0500","1.6000","null","null","null","null","null","null",318934,"null","null","null","null","null","null","null","null","null","null","null","null","null","null","null","null","null",16,"5"
"SI","2012-07-03","94.8","null","null","Joe Kelly",468406,523260,"null","ball",,,,,"13","null","R","L","R","STL","COL","B","null","null",2,1,2012,"-1.3894583333333333","0.45083333333333333333","-2.8750","2.2760","null","null","null",1,3,"Top","null","null",,,"null",,"null",,,,,,,"3.1800","1.6000","null","null","null","null","null","null",318934,"null","null","null","null","null","null","null","null","null","null","null","null","null","null","null","null","null",16,"4"
"SI","2012-07-03","93.8","null","null","Joe Kelly",468406,523260,"null","called_strike",,,,,"1","null","R","L","R","STL","COL","S","null","null",2,0,2012,"-1.4172916666666667","0.66870000000000000000","-0.6150","2.7930","null","null","null",1,3,"Top","null","null",,,"null",,"null",,,,,,,"3.1000","1.6000","null","null","null","null","null","null",318934,"null","null","null","null","null","null","null","null","null","null","null","null","null","null","null","null","null",16,"3"
"SI","2012-07-03","93.7","null","null","Joe Kelly",468406,523260,"null","ball",,,,,"11","null","R","L","R","STL","COL","B","null","null",1,0,2012,"-1.4896583333333333","0.62283333333333333333","-1.5690","2.3920","null","null","null",1,3,"Top","null","null",,,"null",,"null",,,,,,,"3.1800","1.6000","null","null","null","null","null","null",318934,"null","null","null","null","null","null","null","null","null","null","null","null","null","null","null","null","null",16,"2"
"SI","2012-07-03","95.0","null","null","Joe Kelly",468406,523260,"null","ball",,,,,"12","null","R","L","R","STL","COL","B","null","null",0,0,2012,"-1.03319166666666666667","0.78193333333333333333","1.5050","2.4180","null","null","null",1,3,"Top","null","null",,,"null",,"null",,,,,,,"3.2200","1.6000","null","null","null","null","null","null",318934,"null","null","null","null","null","null","null","null","null","null","null","null","null","null","null","null","null",16,"1"
"SL","2012-07-03","79.6","null","null","Joe Kelly",501647,523260,"field_out","hit_into_play",,,,,"14","Wilin Rosario flies out to center fielder Jon Jay.","R","R","R","STL","COL","X","8","fly_ball",1,1,2012,"0.53660833333333333333","-0.24146666666666666667","0.9240","2.4010","null","null","null",0,3,"Top","89.36","66.27",,,"null",,"null",,,,,,,"3.4400","1.6200","null","null","null","null","null","null",318934,"null","null","null","null","null","null","null","null","null","null","null","null","0.00",1,0,0,"null",15,"3"
"SL","2012-07-03","82.2","null","null","Joe Kelly",501647,523260,"null","ball",,,,,"14","null","R","R","R","STL","COL","B","null","null",0,1,2012,"0.23183333333333333333","-0.48513333333333333333","1.4930","1.6140","null","null","null",0,3,"Top","null","null",,,"null",,"null",,,,,,,"3.4400","1.6200","null","null","null","null","null","null",318934,"null","null","null","null","null","null","null","null","null","null","null","null","null","null","null","null","null",15,"2"
"SI","2012-07-03","96.2","null","null","Joe Kelly",501647,523260,"null","called_strike",,,,,"4","null","R","R","R","STL","COL","S","null","null",0,0,2012,"-0.98587500000000000000","0.96540000000000000000","-0.6950","2.3240","null","null","null",0,3,"Top","null","null",,,"null",,"null",,,,,,,"3.4400","1.6200","null","null","null","null","null","null",318934,"null","null","null","null","null","null","null","null","null","null","null","null","null","null","null","null","null",15,"1"
"SL","2012-07-03","83.1","null","null","Joe Kelly",455126,523260,"strikeout","swinging_strike_blocked",,,,,"14","Chris Nelson strikes out swinging.","R","R","R","STL","COL","S","null","null",0,2,2012,"-0.00475000000000000000","-0.67863333333333333333","1.3530","0.9590","null","null","null",2,2,"Top","null","null",,,"null",,"null",,,,,,,"3.4800","1.6500","null","null","null","null","null","null",318934,"null","null","null","null","null","null","null","null","null","null","null","null","0.00",1,0,0,"null",11,"3"
"SL","2012-07-03","81.7","null","null","Joe Kelly",455126,523260,"null","called_strike",,,,,"6","null","R","R","R","STL","COL","S","null","null",0,1,2012,"0.51990833333333333333","-0.43066666666666666667","0.3000","2.8430","null","null","null",2,2,"Top","null","null",,,"null",,"null",,,,,,,"3.4800","1.6500","null","null","null","null","null","null",318934,"null","null","null","null","null","null","null","null","null","null","null","null","null","null","null","null","null",11,"2"
"SI","2012-07-03","96.4","null","null","Joe Kelly",455126,523260,"null","called_strike",,,,,"4","null","R","R","R","STL","COL","S","null","null",0,0,2012,"-1.3546666666666667","0.61280000000000000000","-0.4040","2.7260","null","null","null",2,2,"Top","null","null",,,"null",,"null",,,,,,,"3.4800","1.6500","null","null","null","null","null","null",318934,"null","null","null","null","null","null","null","null","null","null","null","null","null","null","null","null","null",11,"1"
"SI","2012-07-03","97.8","null","null","Joe Kelly",115732,523260,"strikeout","swinging_strike",,,,,"8","Todd Helton strikes out swinging.","R","L","R","STL","COL","S","null","null",1,2,2012,"-1.4896583333333333","0.71600000000000000000","-0.2380","1.5950","null","null","null",1,2,"Top","null","null",,,"null",,"null",,,,,,,"3.6700","1.7100","null","null","null","null","null","null",318934,"null","null","null","null","null","null","null","null","null","null","null","null","0.00",1,0,0,"null",10,"4"
"SI","2012-07-03","95.0","null","null","Joe Kelly",115732,523260,"null","foul_tip",,,,,"5","null","R","L","R","STL","COL","S","null","null",1,1,2012,"-1.3574500000000000","0.33903333333333333333","-0.0120","2.4590","null","null","null",1,2,"Top","null","null",,,"null",,"null",,,,,,,"3.6700","1.7100","null","null","null","null","null","null",318934,"null","null","null","null","null","null","null","null","null","null","null","null","null","null","null","null","null",10,"3"
"SI","2012-07-03","96.3","null","null","Joe Kelly",115732,523260,"null","ball",,,,,"13","null","R","L","R","STL","COL","B","null","null",0,1,2012,"-1.4089416666666667","0.35623333333333333333","-1.9110","2.5710","null","null","null",1,2,"Top","null","null",,,"null",,"null",,,,,,,"3.6700","1.7100","null","null","null","null","null","null",318934,"null","null","null","null","null","null","null","null","null","null","null","null","null","null","null","null","null",10,"2"
"SI","2012-07-03","96.7","null","null","Joe Kelly",115732,523260,"null","called_strike",,,,,"7","null","R","L","R","STL","COL","S","null","null",0,0,2012,"-1.5842916666666667","0.59990000000000000000","-0.3620","2.2490","null","null","null",1,2,"Top","null","null",,,"null",,"null",,,,,,,"3.6700","1.7100","null","null","null","null","null","null",318934,"null","null","null","null","null","null","null","null","null","null","null","null","null","null","null","null","null",10,"1"
"SI","2012-07-03","94.6","null","null","Joe Kelly",150212,523260,"field_out","hit_into_play",,,,,"1","Michael Cuddyer flies out to center fielder Jon Jay.","R","R","R","STL","COL","X","8","fly_ball",1,1,2012,"-1.3504916666666667","0.57266666666666666667","-0.6580","2.9940","null","null","null",0,2,"Top","117.47","71.29",,,"null",,"null",,,,,,,"3.5300","1.6300","null","null","null","null","null","null",318934,"null","null","null","null","null","null","null","null","null","null","null","null","0.00",1,0,0,"null",9,"3"
"SI","2012-07-03","93.4","null","null","Joe Kelly",150212,523260,"null","called_strike",,,,,"5","null","R","R","R","STL","COL","S","null","null",1,0,2012,"-1.5369750000000000","0.87080000000000000000","0.2150","2.9310","null","null","null",0,2,"Top","null","null",,,"null",,"null",,,,,,,"3.5300","1.6300","null","null","null","null","null","null",318934,"null","null","null","null","null","null","null","null","null","null","null","null","null","null","null","null","null",9,"2"
"SI","2012-07-03","93.4","null","null","Joe Kelly",150212,523260,"null","ball",,,,,"2","null","R","R","R","STL","COL","B","null","null",0,0,2012,"-1.19462500000000000000","0.79913333333333333333","-0.1120","3.5440","null","null","null",0,2,"Top","null","null",,,"null",,"null",,,,,,,"3.5700","1.6300","null","null","null","null","null","null",318934,"null","null","null","null","null","null","null","null","null","null","null","null","null","null","null","null","null",9,"1"
"SI","2012-07-03","97.4","null","null","Joe Kelly",471865,523260,"strikeout","swinging_strike",,,,,"11","Carlos Gonzalez strikes out swinging.","R","L","R","STL","COL","S","null","null",1,2,2012,"-1.6260416666666667","0.94390000000000000000","-1.2590","2.6970","null","null","null",2,1,"Top","null","null",,,"null",,"null",,,,,,,"3.4300","1.6100","null","null","null","null","null","null",318934,"null","null","null","null","null","null","null","null","null","null","null","null","0.00",1,0,0,"null",3,"4"
"SI","2012-07-03","95.4","null","null","Joe Kelly",471865,523260,"null","foul_tip",,,,,"1","null","R","L","R","STL","COL","S","null","null",1,1,2012,"-1.2294166666666667","0.95393333333333333333","-0.3590","3.0350","null","null","null",2,1,"Top","null","null",,,"null",,"null",,,,,,,"3.4300","1.6100","null","null","null","null","null","null",318934,"null","null","null","null","null","null","null","null","null","null","null","null","null","null","null","null","null",3,"3"
"SI","2012-07-03","96.6","null","null","Joe Kelly",471865,523260,"null","ball",,,,,"12","null","R","L","R","STL","COL","B","null","null",0,1,2012,"-1.2850833333333333","0.87796666666666666667","1.5580","2.9490","null","null","null",2,1,"Top","null","null",,,"null",,"null",,,,,,,"3.4300","1.6100","null","null","null","null","null","null",318934,"null","null","null","null","null","null","null","null","null","null","null","null","null","null","null","null","null",3,"2"
"SI","2012-07-03","96.5","null","null","Joe Kelly",471865,523260,"null","called_strike",,,,,"4","null","R","L","R","STL","COL","S","null","null",0,0,2012,"-1.5536750000000000","0.69450000000000000000","-0.4200","2.2520","null","null","null",2,1,"Top","null","null",,,"null",,"null",,,,,,,"3.5100","1.5900","null","null","null","null","null","null",318934,"null","null","null","null","null","null","null","null","null","null","null","null","null","null","null","null","null",3,"1"
"SI","2012-07-03","96.5","null","null","Joe Kelly",340192,523260,"field_out","hit_into_play",,,,,"1","Marco Scutaro flies out to right fielder Carlos Beltran.","R","R","R","STL","COL","X","9","fly_ball",1,2,2012,"-1.2489000000000000","0.89946666666666666667","-0.5790","3.0680","null","null","null",1,1,"Top","147.59","72.29",,,"null",,"null",,,,,,,"3.2400","1.5200","null","null","null","null","null","null",318934,"null","null","null","null","null","null","null","null","null","null","null","null","0.00",1,0,0,"null",2,"6"
"SL","2012-07-03","82.9","null","null","Joe Kelly",340192,523260,"null","foul",,,,,"6","null","R","R","R","STL","COL","S","null","null",1,2,2012,"0.32229166666666666667","-0.56540000000000000000","0.6530","2.3220","null","null","null",1,1,"Top","null","null",,,"null",,"null",,,,,,,"3.2400","1.5200","null","null","null","null","null","null",318934,"null","null","null","null","null","null","null","null","null","null","null","null","null","null","null","null","null",2,"5"
"SL","2012-07-03","81.9","null","null","Joe Kelly",340192,523260,"null","ball",,,,,"12","null","R","R","R","STL","COL","B","null","null",0,2,2012,"0.28054166666666666667","-0.66716666666666666667","0.9460","2.5540","null","null","null",1,1,"Top","null","null",,,"null",,"null",,,,,,,"3.2400","1.5200","null","null","null","null","null","null",318934,"null","null","null","null","null","null","null","null","null","null","null","null","null","null","null","null","null",2,"4"
"SI","2012-07-03","97.0","null","null","Joe Kelly",340192,523260,"null","foul",,,,,"2","null","R","R","R","STL","COL","S","null","null",0,2,2012,"-1.3755416666666667","0.75040000000000000000","-0.0630","3.2460","null","null","null",1,1,"Top","null","null",,,"null",,"null",,,,,,,"3.2400","1.5200","null","null","null","null","null","null",318934,"null","null","null","null","null","null","null","null","null","null","null","null","null","null","null","null","null",2,"3"
"SI","2012-07-03","94.4","null","null","Joe Kelly",340192,523260,"null","foul",,,,,"11","null","R","R","R","STL","COL","S","null","null",0,1,2012,"-1.3992000000000000","1.09010000000000000000","-1.1940","2.6430","null","null","null",1,1,"Top","null","null",,,"null",,"null",,,,,,,"3.2400","1.5200","null","null","null","null","null","null",318934,"null","null","null","null","null","null","null","null","null","null","null","null","null","null","null","null","null",2,"2"
"SI","2012-07-03","93.8","null","null","Joe Kelly",340192,523260,"null","called_strike",,,,,"7","null","R","R","R","STL","COL","S","null","null",0,0,2012,"-1.2475083333333333","1.04136666666666666667","-0.4870","1.7940","null","null","null",1,1,"Top","null","null",,,"null",,"null",,,,,,,"3.3700","1.6600","null","null","null","null","null","null",318934,"null","null","null","null","null","null","null","null","null","null","null","null","null","null","null","null","null",2,"1"
"SI","2012-07-03","94.0","null","null","Joe Kelly",502125,523260,"field_out","hit_into_play",,,,,"4","Tyler Colvin grounds out, second baseman Tyler Greene to first baseman Allen Craig.","R","L","R","STL","COL","X","4","ground_ball",1,0,2012,"-1.5063583333333333","0.77763333333333333333","-0.7910","2.4000","null","null","null",0,1,"Top","139.56","155.62",,,"null",,"null",,,,,,,"3.5000","1.6600","null","null","null","null","null","null",318934,"null","null","null","null","null","null","null","null","null","null","null","null","0.00",1,0,0,"null",1,"2"
"SI","2012-07-03","94.5","null","null","Joe Kelly",502125,523260,"null","ball",,,,,"13","null","R","L","R","STL","COL","B","null","null",0,0,2012,"-1.4451250000000000","0.64433333333333333333","-1.3690","2.3370","null","null","null",0,1,"Top","null","null",,,"null",,"null",,,,,,,"3.7100","1.8100","null","null","null","null","null","null",318934,"null","null","null","null","null","null","null","null","null","null","null","null","null","null","null","null","null",1,"1"
"SI","2012-06-27","91.6","null","null","Joe Kelly",408299,523260,"field_out","hit_into_play",,,,,"13","Omar Infante grounds out, third baseman David Freese to first baseman Matt Carpenter.","R","R","R","MIA","STL","X","5","ground_ball",2,2,2012,"-0.78408333333333333333","0.78480000000000000000","-0.8770","2.3640","null","448605.00","null",2,6,"Bot","100.40","166.67",,,"null",,"null",,,,,,,"3.3000","1.4900","null","null","null","null","null","null",318856,"null","null","null","null","null","null","null","null","null","null","null","null","0.00",1,0,0,"null",49,"5"
"SL","2012-06-27","80.3","null","null","Joe Kelly",408299,523260,"null","called_strike",,,,,"4","null","R","R","R","MIA","STL","S","null","null",2,1,2012,"1.2213083333333333","-0.17983333333333333333","-0.3530","2.4730","null","448605.00","null",2,6,"Bot","null","null",,,"null",,"null",,,,,,,"3.3000","1.4900","null","null","null","null","null","null",318856,"null","null","null","null","null","null","null","null","null","null","null","null","null","null","null","null","null",49,"4"
"SL","2012-06-27","80.1","null","null","Joe Kelly",408299,523260,"null","ball",,,,,"11","null","R","R","R","MIA","STL","B","null","null",1,1,2012,"1.0584833333333333","-0.36330000000000000000","-1.0770","3.5880","null","448605.00","null",2,6,"Bot","null","null",,,"null",,"null",,,,,,,"3.3000","1.4900","null","null","null","null","null","null",318856,"null","null","null","null","null","null","null","null","null","null","null","null","null","null","null","null","null",49,"3"
"SI","2012-06-27","93.7","null","null","Joe Kelly",408299,523260,"null","called_strike",,,,,"7","null","R","R","R","MIA","STL","S","null","null",1,0,2012,"-1.2530750000000000","0.89660000000000000000","-0.6470","1.9040","null","null","448605.00",2,6,"Bot","null","null",,,"null",,"null",,,,,,,"3.1800","1.3800","null","null","null","null","null","null",318856,"null","null","null","null","null","null","null","null","null","null","null","null","null","null","null","null","null",49,"2"
"SL","2012-06-27","81.0","null","null","Joe Kelly",408299,523260,"null","ball",,,,,"14","null","R","R","R","MIA","STL","B","null","null",0,0,2012,"0.73283333333333333333","0.05523333333333333333","1.3640","2.0290","null","null","448605.00",2,6,"Bot","null","null",,,"null",,"null",,,,,,,"3.2700","1.4900","null","null","null","null","null","null",318856,"null","null","null","null","null","null","null","null","null","null","null","null","null","null","null","null","null",49,"1"
"SI","2012-06-27","93.8","null","null","Joe Kelly",448605,523260,"single","hit_into_play_no_out",,,,,"4","Justin Ruggiano singles on a ground ball to center fielder Jon Jay.","R","R","R","MIA","STL","X","null","ground_ball",1,0,2012,"-1.14730833333333333333","1.01843333333333333333","-0.3370","2.6230","null","null","null",2,6,"Bot","96.39","84.34",,,"null",,"null",,,,,,,"3.5200","1.6300","null","null","null","null","null","null",318856,"null","null","null","null","null","null","null","null","null","null","null","null","0.90",1,1,0,"null",48,"2"
"SI","2012-06-27","94.9","null","null","Joe Kelly",448605,523260,"null","ball",,,,,"13","null","R","R","R","MIA","STL","B","null","null",0,0,2012,"-1.11251666666666666667","0.99836666666666666667","-0.0920","1.4230","null","null","null",2,6,"Bot","null","null",,,"null",,"null",,,,,,,"3.5100","1.6300","null","null","null","null","null","null",318856,"null","null","null","null","null","null","null","null","null","null","null","null","null","null","null","null","null",48,"1"
"SI","2012-06-27","93.3","null","null","Joe Kelly",425785,523260,"field_out","hit_into_play",,,,,"7","Greg Dobbs lines out to left fielder Matt Holliday.","R","L","R","MIA","STL","X","7","line_drive",1,0,2012,"-1.3783250000000000","0.88656666666666666667","-0.6330","1.9750","null","null","null",1,6,"Bot","74.30","104.42",,,"null",,"null",,,,,,,"3.2300","1.5700","null","null","null","null","null","null",318856,"null","null","null","null","null","null","null","null","null","null","null","null","0.00",1,0,0,"null",47,"2"
"SI","2012-06-27","94.1","null","null","Joe Kelly",425785,523260,"null","ball",,,,,"14","null","R","L","R","MIA","STL","B","null","null",0,0,2012,"-1.4339916666666667","0.91953333333333333333","0.7640","1.5110","null","null","null",1,6,"Bot","null","null",,,"null",,"null",,,,,,,"3.4000","1.7600","null","null","null","null","null","null",318856,"null","null","null","null","null","null","null","null","null","null","null","null","null","null","null","null","null",47,"1"
"SL","2012-06-27","80.7","null","null","Joe Kelly",519317,523260,"field_out","hit_into_play",,,,,"6","Giancarlo Stanton pops out to shortstop Rafael Furcal.","R","R","R","MIA","STL","X","6","popup",1,0,2012,"0.95132500000000000000","-0.23573333333333333333","0.5610","2.3310","null","null","null",0,6,"Bot","104.42","147.59",,,"null",,"null",,,,,,,"3.4700","1.6100","null","null","null","null","null","null",318856,"null","null","null","null","null","null","null","null","null","null","null","null","0.00",1,0,0,"null",46,"2"
"SI","2012-06-27","93.8","null","null","Joe Kelly",519317,523260,"null","ball",,,,,"13","null","R","R","R","MIA","STL","B","null","null",0,0,2012,"-1.4576500000000000","0.78910000000000000000","-2.1380","1.9340","null","null","null",0,6,"Bot","null","null",,,"null",,"null",,,,,,,"3.4700","1.6100","null","null","null","null","null","null",318856,"null","null","null","null","null","null","null","null","null","null","null","null","null","null","null","null","null",46,"1"
"SL","2012-06-27","80.3","null","null","Joe Kelly",434670,523260,"field_out","hit_into_play",,,,,"14","Hanley Ramirez lines out to left fielder Matt Holliday.","R","R","R","MIA","STL","X","7","line_drive",1,2,2012,"1.0390000000000000","-0.20276666666666666667","1.0410","2.5590","407833.00","null","null",2,5,"Bot","83.33","100.40",,,"null",,"null",,,,,,,"3.5900","1.6200","null","null","null","null","null","null",318856,"null","null","null","null","null","null","null","null","null","null","null","null","0.00",1,0,0,"null",40,"6"
"SL","2012-06-27","82.6","null","null","Joe Kelly",434670,523260,"null","foul",,,,,"14","null","R","R","R","MIA","STL","S","null","null",1,2,2012,"0.76623333333333333333","-0.44356666666666666667","0.3200","1.3390","407833.00","null","null",2,5,"Bot","null","null",,,"null",,"null",,,,,,,"3.5900","1.6200","null","null","null","null","null","null",318856,"null","null","null","null","null","null","null","null","null","null","null","null","null","null","null","null","null",40,"5"
"SI","2012-06-27","95.2","null","null","Joe Kelly",434670,523260,"null","foul",,,,,"8","null","R","R","R","MIA","STL","S","null","null",1,2,2012,"-1.4632166666666667","1.07863333333333333333","-0.2260","1.6700","407833.00","null","null",2,5,"Bot","null","null",,,"null",,"null",,,,,,,"3.5900","1.6200","null","null","null","null","null","null",318856,"null","null","null","null","null","null","null","null","null","null","null","null","null","null","null","null","null",40,"4"
"FF","2012-06-27","94.1","null","null","Joe Kelly",434670,523260,"null","foul",,,,,"4","null","R","R","R","MIA","STL","S","null","null",1,1,2012,"-0.72841666666666666667","1.3567000000000000","-0.4310","2.2590","407833.00","null","null",2,5,"Bot","null","null",,,"null",,"null",,,,,,,"3.5900","1.6200","null","null","null","null","null","null",318856,"null","null","null","null","null","null","null","null","null","null","null","null","null","null","null","null","null",40,"3"
"SI","2012-06-27","94.7","null","null","Joe Kelly",434670,523260,"null","called_strike",,,,,"13","null","R","R","R","MIA","STL","S","null","null",1,0,2012,"-1.4618250000000000","0.94963333333333333333","-1.0540","1.9500","407833.00","null","null",2,5,"Bot","null","null",,,"null",,"null",,,,,,,"3.6800","1.6200","null","null","null","null","null","null",318856,"null","null","null","null","null","null","null","null","null","null","null","null","null","null","null","null","null",40,"2"
"SL","2012-06-27","82.4","null","null","Joe Kelly",434670,523260,"null","ball",,,,,"14","null","R","R","R","MIA","STL","B","null","null",0,0,2012,"1.0028166666666667","-0.19130000000000000000","1.1160","1.4240","407833.00","null","null",2,5,"Bot","null","null",,,"null",,"null",,,,,,,"3.5900","1.6200","null","null","null","null","null","null",318856,"null","null","null","null","null","null","null","null","null","null","null","null","null","null","null","null","null",40,"1"
"SI","2012-06-27","94.7","null","null","Joe Kelly",408314,523260,"field_out","hit_into_play_score",,,,,"5","Jose Reyes grounds out, second baseman Tyler Greene to first baseman Matt Carpenter.   Gaby Sanchez scores.    John Buck to 3rd.","R","L","R","MIA","STL","X","4","ground_ball",0,0,2012,"-0.90933333333333333333","0.88513333333333333333","0.2040","2.2350","459991.00","407833.00","null",1,5,"Bot","146.59","161.65",,,"null",,"null",,,,,,,"3.1100","1.4600","null","null","null","null","null","null",318856,"null","null","null","null","null","null","null","null","null","null","null","null","0.00",1,0,0,"null",39,"1"
"SI","2012-06-27","93.4","null","null","Joe Kelly",434671,523260,"sac_bunt","hit_into_play",,,,,"12","Anibal Sanchez out on a sacrifice bunt, first baseman Matt Carpenter to second baseman Tyler Greene.   John Buck to 2nd.","R","R","R","MIA","STL","X","3","ground_ball",0,2,2012,"-1.3296166666666667","1.00266666666666666667","0.8880","2.9820","459991.00","null","407833.00",0,5,"Bot","134.54","188.76",,,"null",,"null",,,,,,,"3.3300","1.5900","null","null","null","null","null","null",318856,"null","null","null","null","null","null","null","null","null","null","null","null","0.00",1,0,0,"null",38,"3"
"SI","2012-06-27","92.5","null","null","Joe Kelly",434671,523260,"null","foul_bunt",,,,,"3","null","R","R","R","MIA","STL","S","null","null",0,1,2012,"-1.2141083333333333","0.79483333333333333333","0.7550","3.1830","459991.00","null","407833.00",0,5,"Bot","null","null",,,"null",,"null",,,,,,,"3.3300","1.5900","null","null","null","null","null","null",318856,"null","null","null","null","null","null","null","null","null","null","null","null","null","null","null","null","null",38,"2"
"SI","2012-06-27","93.6","null","null","Joe Kelly",434671,523260,"null","foul_bunt",,,,,"1","null","R","R","R","MIA","STL","S","null","null",0,0,2012,"-1.20854166666666666667","0.55976666666666666667","-0.3360","3.2800","459991.00","null","407833.00",0,5,"Bot","null","null",,,"null",,"null",,,,,,,"3.3300","1.5900","null","null","null","null","null","null",318856,"null","null","null","null","null","null","null","null","null","null","null","null","null","null","null","null","null",38,"1"
"SI","2012-06-27","94.8","null","null","Joe Kelly",407833,523260,"single","hit_into_play_score",,,,,"8","John Buck singles on a ground ball to center fielder Jon Jay.   Omar Infante scores.    Gaby Sanchez to 3rd.","R","R","R","MIA","STL","X","null","ground_ball",0,1,2012,"-1.2252416666666667","0.87510000000000000000","0.0560","1.6650","null","408299.00","459991.00",0,5,"Bot","91.37","84.34",,,"null",,"null",,,,,,,"3.5600","1.6300","null","null","null","null","null","null",318856,"null","null","null","null","null","null","null","null","null","null","null","null","0.90",1,1,0,"null",37,"2"
"SI","2012-06-27","94.5","null","null","Joe Kelly",407833,523260,"null","called_strike",,,,,"1","null","R","R","R","MIA","STL","S","null","null",0,0,2012,"-1.2864750000000000","0.42216666666666666667","-0.4960","3.1430","null","408299.00","459991.00",0,5,"Bot","null","null",,,"null",,"null",,,,,,,"3.4700","1.5000","null","null","null","null","null","null",318856,"null","null","null","null","null","null","null","null","null","null","null","null","null","null","null","null","null",37,"1"
"SI","2012-06-27","93.7","null","null","Joe Kelly",459991,523260,"walk","ball",,,,,"11","Gaby Sanchez walks.   Omar Infante to 2nd.","R","R","R","MIA","STL","B","null","null",3,2,2012,"-0.92742500000000000000","1.03706666666666666667","-1.6910","3.3830","null","null","408299.00",0,5,"Bot","null","null",,,"null",,"null",,,,,,,"3.1000","1.4600","null","null","null","null","null","null",318856,"null","null","null","null","null","null","null","null","null","null","null","null","0.70",1,0,0,"null",36,"8"
"SI","2012-06-27","94.6","null","null","Joe Kelly",459991,523260,"null","foul",,,,,"12","null","R","R","R","MIA","STL","S","null","null",3,2,2012,"-1.13060833333333333333","1.24203333333333333333","0.0850","3.3270","null","null","408299.00",0,5,"Bot","null","null",,,"null",,"null",,,,,,,"3.0500","1.3700","null","null","null","null","null","null",318856,"null","null","null","null","null","null","null","null","null","null","null","null","null","null","null","null","null",36,"7"
"SL","2012-06-27","81.0","null","null","Joe Kelly",459991,523260,"null","ball",,,,,"12","null","R","R","R","MIA","STL","B","null","null",2,2,2012,"1.0431750000000000","-0.21996666666666666667","0.4030","3.9620","null","null","408299.00",0,5,"Bot","null","null",,,"null",,"null",,,,,,,"3.0500","1.3700","null","null","null","null","null","null",318856,"null","null","null","null","null","null","null","null","null","null","null","null","null","null","null","null","null",36,"6"
"SI","2012-06-27","94.2","null","null","Joe Kelly",459991,523260,"null","ball",,,,,"11","null","R","R","R","MIA","STL","B","null","null",1,2,2012,"-1.19880000000000000000","1.00553333333333333333","-2.5780","2.7430","null","null","408299.00",0,5,"Bot","null","null",,,"null",,"null",,,,,,,"3.1800","1.4500","null","null","null","null","null","null",318856,"null","null","null","null","null","null","null","null","null","null","null","null","null","null","null","null","null",36,"5"
"SI","2012-06-27","93.0","null","null","Joe Kelly",459991,523260,"null","foul",,,,,"11","null","R","R","R","MIA","STL","S","null","null",1,2,2012,"-1.3922416666666667","0.68876666666666666667","-1.3980","2.2670","null","null","408299.00",0,5,"Bot","null","null",,,"null",,"null",,,,,,,"3.0500","1.3700","null","null","null","null","null","null",318856,"null","null","null","null","null","null","null","null","null","null","null","null","null","null","null","null","null",36,"4"
"SL","2012-06-27","82.4","null","null","Joe Kelly",459991,523260,"null","called_strike",,,,,"2","null","R","R","R","MIA","STL","S","null","null",1,1,2012,"0.58949166666666666667","0.09536666666666666667","0.2470","2.5510","null","null","408299.00",0,5,"Bot","null","null",,,"null",,"null",,,,,,,"3.0500","1.3700","null","null","null","null","null","null",318856,"null","null","null","null","null","null","null","null","null","null","null","null","null","null","null","null","null",36,"3"
"SI","2012-06-27","94.3","null","null","Joe Kelly",459991,523260,"null","ball",,,,,"11","null","R","R","R","MIA","STL","B","null","null",0,1,2012,"-1.2294166666666667","0.93530000000000000000","-2.1370","3.6120","null","null","408299.00",0,5,"Bot","null","null",,,"null",,"null",,,,,,,"3.1400","1.3700","null","null","null","null","null","null",318856,"null","null","null","null","null","null","null","null","null","null","null","null","null","null","null","null","null",36,"2"
"SI","2012-06-27","92.6","null","null","Joe Kelly",459991,523260,"null","called_strike",,,,,"1","null","R","R","R","MIA","STL","S","null","null",0,0,2012,"-0.69501666666666666667","0.46660000000000000000","-0.4990","3.2630","null","null","408299.00",0,5,"Bot","null","null",,,"null",,"null",,,,,,,"3.2100","1.4100","null","null","null","null","null","null",318856,"null","null","null","null","null","null","null","null","null","null","null","null","null","null","null","null","null",36,"1"
"SI","2012-06-27","93.6","null","null","Joe Kelly",408299,523260,"walk","ball",,,,,"14","Omar Infante walks.","R","R","R","MIA","STL","B","null","null",3,0,2012,"-1.3504916666666667","0.92813333333333333333","0.5630","0.6670","null","null","null",0,5,"Bot","null","null",,,"null",,"null",,,,,,,"3.1400","1.4900","null","null","null","null","null","null",318856,"null","null","null","null","null","null","null","null","null","null","null","null","0.70",1,0,0,"null",35,"4"
"SI","2012-06-27","94.5","null","null","Joe Kelly",408299,523260,"null","ball",,,,,"13","null","R","R","R","MIA","STL","B","null","null",2,0,2012,"-1.3157000000000000","0.68733333333333333333","-0.0350","1.2030","null","null","null",0,5,"Bot","null","null",,,"null",,"null",,,,,,,"3.2200","1.4900","null","null","null","null","null","null",318856,"null","null","null","null","null","null","null","null","null","null","null","null","null","null","null","null","null",35,"3"
"SI","2012-06-27","94.0","null","null","Joe Kelly",408299,523260,"null","ball",,,,,"13","null","R","R","R","MIA","STL","B","null","null",1,0,2012,"-1.4646083333333333","0.77046666666666666667","-0.9860","1.5510","null","null","null",0,5,"Bot","null","null",,,"null",,"null",,,,,,,"3.1300","1.4100","null","null","null","null","null","null",318856,"null","null","null","null","null","null","null","null","null","null","null","null","null","null","null","null","null",35,"2"
"CH","2012-06-27","86.4","null","null","Joe Kelly",408299,523260,"null","ball",,,,,"14","null","R","R","R","MIA","STL","B","null","null",0,0,2012,"-1.3699750000000000","0.67586666666666666667","0.5310","1.1150","null","null","null",0,5,"Bot","null","null",,,"null",,"null",,,,,,,"3.1800","1.4900","null","null","null","null","null","null",318856,"null","null","null","null","null","null","null","null","null","null","null","null","null","null","null","null","null",35,"1"
"SI","2012-06-27","94.7","null","null","Joe Kelly",448605,523260,"field_out","hit_into_play",,,,,"11","Justin Ruggiano grounds out, shortstop Rafael Furcal to first baseman Matt Carpenter.","R","R","R","MIA","STL","X","6","ground_ball",0,1,2012,"-1.4882666666666667","0.71743333333333333333","-0.9970","2.8240","null","null","null",2,4,"Bot","115.46","156.63",,,"null",,"null",,,,,,,"3.5200","1.6300","null","null","null","null","null","null",318856,"null","null","null","null","null","null","null","null","null","null","null","null","0.00",1,0,0,"null",30,"2"
"FF","2012-06-27","95.0","null","null","Joe Kelly",448605,523260,"null","called_strike",,,,,"8","null","R","R","R","MIA","STL","S","null","null",0,0,2012,"-0.88150000000000000000","1.10586666666666666667","0.1200","1.9780","null","null","null",2,4,"Bot","null","null",,,"null",,"null",,,,,,,"3.5200","1.6300","null","null","null","null","null","null",318856,"null","null","null","null","null","null","null","null","null","null","null","null","null","null","null","null","null",30,"1"
"SI","2012-06-27","94.3","null","null","Joe Kelly",425785,523260,"grounded_into_double_play","hit_into_play",,,,,"13","Greg Dobbs grounds into a double play, shortstop Rafael Furcal to first baseman Matt Carpenter.   Giancarlo Stanton out at 2nd.","R","L","R","MIA","STL","X","6","ground_ball",3,2,2012,"-1.12782500000000000000","0.57553333333333333333","-1.2180","2.1150","null","null","519317.00",0,4,"Bot","118.47","147.59",,,"null",,"null",,,,,,,"3.2300","1.5700","null","null","null","null","null","null",318856,"null","null","null","null","null","null","null","null","null","null","null","null","0.00",1,0,0,"null",29,"8"
"CH","2012-06-27","84.9","null","null","Joe Kelly",425785,523260,"null","blocked_ball",,,,,"14","null","R","L","R","MIA","STL","B","null","null",2,2,2012,"-1.6455250000000000","0.81346666666666666667","0.2480","0.7850","null","null","519317.00",0,4,"Bot","null","null",,,"null",,"null",,,,,,,"3.4000","1.5700","null","null","null","null","null","null",318856,"null","null","null","null","null","null","null","null","null","null","null","null","null","null","null","null","null",29,"7"
"SI","2012-06-27","95.2","null","null","Joe Kelly",425785,523260,"null","blocked_ball",,,,,"14","null","R","L","R","MIA","STL","B","null","null",1,2,2012,"-1.14313333333333333333","1.16463333333333333333","0.7790","0.0480","null","null","519317.00",0,4,"Bot","null","null",,,"null",,"null",,,,,,,"3.3900","1.5700","null","null","null","null","null","null",318856,"null","null","null","null","null","null","null","null","null","null","null","null","null","null","null","null","null",29,"6"
"SI","2012-06-27","94.6","null","null","Joe Kelly",425785,523260,"null","foul",,,,,"11","null","R","L","R","MIA","STL","S","null","null",1,2,2012,"-1.04710833333333333333","0.93386666666666666667","-1.4290","2.9270","null","null","519317.00",0,4,"Bot","null","null",,,"null",,"null",,,,,,,"3.2300","1.5700","null","null","null","null","null","null",318856,"null","null","null","null","null","null","null","null","null","null","null","null","null","null","null","null","null",29,"5"
"SL","2012-06-27","81.1","null","null","Joe Kelly",425785,523260,"null","foul",,,,,"9","null","R","L","R","MIA","STL","S","null","null",1,2,2012,"0.87200000000000000000","-0.25150000000000000000","0.5340","1.7360","null","null","519317.00",0,4,"Bot","null","null",,,"null",,"null",,,,,,,"3.2300","1.5700","null","null","null","null","null","null",318856,"null","null","null","null","null","null","null","null","null","null","null","null","null","null","null","null","null",29,"4"
"CH","2012-06-27","85.3","null","null","Joe Kelly",425785,523260,"null","foul",,,,,"13","null","R","L","R","MIA","STL","S","null","null",1,1,2012,"-1.6176916666666667","0.72030000000000000000","-0.8640","2.0610","null","null","519317.00",0,4,"Bot","null","null",,,"null",,"null",,,,,,,"3.2300","1.5700","null","null","null","null","null","null",318856,"null","null","null","null","null","null","null","null","null","null","null","null","null","null","null","null","null",29,"3"
"SI","2012-06-27","94.2","null","null","Joe Kelly",425785,523260,"null","ball",,,,,"11","null","R","L","R","MIA","STL","B","null","null",0,1,2012,"-1.4395583333333333","0.66010000000000000000","-2.1710","2.7610","null","null","519317.00",0,4,"Bot","null","null",,,"null",,"null",,,,,,,"3.4400","1.5700","null","null","null","null","null","null",318856,"null","null","null","null","null","null","null","null","null","null","null","null","null","null","null","null","null",29,"2"
"SI","2012-06-27","94.5","null","null","Joe Kelly",425785,523260,"null","called_strike",,,,,"1","null","R","L","R","MIA","STL","S","null","null",0,0,2012,"-1.4548666666666667","0.75900000000000000000","-0.7300","2.9170","null","null","519317.00",0,4,"Bot","null","null",,,"null",,"null",,,,,,,"3.3200","1.5700","null","null","null","null","null","null",318856,"null","null","null","null","null","null","null","null","null","null","null","null","null","null","null","null","null",29,"1"
"FF","2012-06-27","95.2","null","null","Joe Kelly",519317,523260,"single","hit_into_play_no_out",,,,,"8","Giancarlo Stanton singles on a sharp line drive to left fielder Matt Holliday.","R","R","R","MIA","STL","X","null","line_drive",1,0,2012,"-0.99979166666666666667","1.27213333333333333333","-0.2510","1.8190","null","null","null",0,4,"Bot","93.37","99.40",,,"null",,"null",,,,,,,"3.4700","1.6100","null","null","null","null","null","null",318856,"null","null","null","null","null","null","null","null","null","null","null","null","0.90",1,1,0,"null",28,"2"
"SI","2012-06-27","94.8","null","null","Joe Kelly",519317,523260,"null","ball",,,,,"7","null","R","R","R","MIA","STL","B","null","null",0,0,2012,"-1.14035000000000000000","1.22340000000000000000","-0.4310","2.0300","null","null","null",0,4,"Bot","null","null",,,"null",,"null",,,,,,,"3.4900","1.7400","null","null","null","null","null","null",318856,"null","null","null","null","null","null","null","null","null","null","null","null","null","null","null","null","null",28,"1"
"FF","2012-06-27","95.7","null","null","Joe Kelly",434670,523260,"strikeout","swinging_strike",,,,,"6","Hanley Ramirez strikes out swinging.","R","R","R","MIA","STL","S","null","null",1,2,2012,"-0.94690833333333333333","1.3036666666666667","0.4930","2.4710","null","null","null",2,3,"Bot","null","null",,,"null",,"null",,,,,,,"3.5900","1.6200","null","null","null","null","null","null",318856,"null","null","null","null","null","null","null","null","null","null","null","null","0.00",1,0,0,"null",23,"4"
"SL","2012-06-27","82.8","null","null","Joe Kelly",434670,523260,"null","called_strike",,,,,"8","null","R","R","R","MIA","STL","S","null","null",1,1,2012,"1.0932750000000000","-0.58116666666666666667","0.0650","2.2370","null","null","null",2,3,"Bot","null","null",,,"null",,"null",,,,,,,"3.6700","1.6200","null","null","null","null","null","null",318856,"null","null","null","null","null","null","null","null","null","null","null","null","null","null","null","null","null",23,"3"
"CH","2012-06-27","86.9","null","null","Joe Kelly",434670,523260,"null","ball",,,,,"9","null","R","R","R","MIA","STL","B","null","null",0,1,2012,"-1.7067583333333333","1.24776666666666666667","0.7980","1.9000","null","null","null",2,3,"Bot","null","null",,,"null",,"null",,,,,,,"3.5900","1.7900","null","null","null","null","null","null",318856,"null","null","null","null","null","null","null","null","null","null","null","null","null","null","null","null","null",23,"2"
"SI","2012-06-27","96.3","null","null","Joe Kelly",434670,523260,"null","foul",,,,,"13","null","R","R","R","MIA","STL","S","null","null",0,0,2012,"-1.14452500000000000000","1.09010000000000000000","-0.9640","2.2430","null","null","null",2,3,"Bot","null","null",,,"null",,"null",,,,,,,"3.5900","1.6200","null","null","null","null","null","null",318856,"null","null","null","null","null","null","null","null","null","null","null","null","null","null","null","null","null",23,"1"
"SI","2012-06-27","95.0","null","null","Joe Kelly",408314,523260,"field_out","hit_into_play",,,,,"12","Jose Reyes flies out to center fielder Jon Jay.","R","L","R","MIA","STL","X","8","fly_ball",3,2,2012,"-1.2252416666666667","0.68016666666666666667","0.0500","3.3720","null","null","null",1,3,"Bot","145.58","69.28",,,"null",,"null",,,,,,,"3.1100","1.4600","null","null","null","null","null","null",318856,"null","null","null","null","null","null","null","null","null","null","null","null","0.00",1,0,0,"null",22,"6"
"SI","2012-06-27","96.2","null","null","Joe Kelly",408314,523260,"null","ball",,,,,"14","null","R","L","R","MIA","STL","B","null","null",2,2,2012,"-1.6163000000000000","0.98976666666666666667","0.3260","0.4320","null","null","null",1,3,"Bot","null","null",,,"null",,"null",,,,,,,"3.1100","1.4600","null","null","null","null","null","null",318856,"null","null","null","null","null","null","null","null","null","null","null","null","null","null","null","null","null",22,"5"
"FF","2012-06-27","97.6","null","null","Joe Kelly",408314,523260,"null","ball",,,,,"11","null","R","L","R","MIA","STL","B","null","null",1,2,2012,"-0.99700833333333333333","1.3997000000000000","-1.1240","3.0100","null","null","null",1,3,"Bot","null","null",,,"null",,"null",,,,,,,"3.1100","1.4600","null","null","null","null","null","null",318856,"null","null","null","null","null","null","null","null","null","null","null","null","null","null","null","null","null",22,"4"
"SL","2012-06-27","83.9","null","null","Joe Kelly",408314,523260,"null","ball",,,,,"14","null","R","L","R","MIA","STL","B","null","null",0,2,2012,"1.0960583333333333","-0.24003333333333333333","1.4500","1.2460","null","null","null",1,3,"Bot","null","null",,,"null",,"null",,,,,,,"3.1100","1.4600","null","null","null","null","null","null",318856,"null","null","null","null","null","null","null","null","null","null","null","null","null","null","null","null","null",22,"3"
"SI","2012-06-27","95.2","null","null","Joe Kelly",408314,523260,"null","foul",,,,,"5","null","R","L","R","MIA","STL","S","null","null",0,1,2012,"-1.2489000000000000","1.19473333333333333333","-0.2580","2.2410","null","null","null",1,3,"Bot","null","null",,,"null",,"null",,,,,,,"3.1100","1.4600","null","null","null","null","null","null",318856,"null","null","null","null","null","null","null","null","null","null","null","null","null","null","null","null","null",22,"2"
"CH","2012-06-27","87.1","null","null","Joe Kelly",408314,523260,"null","called_strike",,,,,"9","null","R","L","R","MIA","STL","S","null","null",0,0,2012,"-1.3936333333333333","1.03993333333333333333","0.4760","1.8820","null","null","null",1,3,"Bot","null","null",,,"null",,"null",,,,,,,"3.1100","1.4600","null","null","null","null","null","null",318856,"null","null","null","null","null","null","null","null","null","null","null","null","null","null","null","null","null",22,"1"
"SI","2012-06-27","94.2","null","null","Joe Kelly",434671,523260,"field_out","hit_into_play",,,,,"11","Anibal Sanchez bunt grounds out, third baseman David Freese to first baseman Matt Carpenter.","R","R","R","MIA","STL","X","5","ground_ball",0,1,2012,"-1.3268333333333333","0.53253333333333333333","-1.8700","2.7160","null","null","null",0,3,"Bot","111.45","184.74",,,"null",,"null",,,,,,,"3.3300","1.5900","null","null","null","null","null","null",318856,"null","null","null","null","null","null","null","null","null","null","null","null","0.00",1,0,0,"null",21,"2"
"SI","2012-06-27","93.0","null","null","Joe Kelly",434671,523260,"null","called_strike",,,,,"5","null","R","R","R","MIA","STL","S","null","null",0,0,2012,"-0.93438333333333333333","1.03850000000000000000","0.1760","2.3200","null","null","null",0,3,"Bot","null","null",,,"null",,"null",,,,,,,"3.3300","1.5100","null","null","null","null","null","null",318856,"null","null","null","null","null","null","null","null","null","null","null","null","null","null","null","null","null",21,"1"
"SI","2012-06-27","94.2","null","null","Joe Kelly",407833,523260,"field_out","hit_into_play",,,,,"8","John Buck grounds out, third baseman David Freese to first baseman Matt Carpenter.","R","R","R","MIA","STL","X","5","ground_ball",0,1,2012,"-1.16818333333333333333","0.95823333333333333333","-0.1330","1.5150","null","null","459991.00",2,2,"Bot","108.43","167.67",,,"null",,"null",,,,,,,"3.5600","1.6300","null","null","null","null","null","null",318856,"null","null","null","null","null","null","null","null","null","null","null","null","0.00",1,0,0,"null",17,"2"
"SI","2012-06-27","93.9","null","null","Joe Kelly",407833,523260,"null","swinging_strike",,,,,"13","null","R","R","R","MIA","STL","S","null","null",0,0,2012,"-1.4423416666666667","0.65293333333333333333","-0.8420","1.9230","null","null","459991.00",2,2,"Bot","null","null",,,"null",,"null",,,,,,,"3.5600","1.6300","null","null","null","null","null","null",318856,"null","null","null","null","null","null","null","null","null","null","null","null","null","null","null","null","null",17,"1"
"SI","2012-06-27","95.5","null","null","Joe Kelly",459991,523260,"single","hit_into_play_no_out",,,,,"2","Gaby Sanchez singles on a soft ground ball to pitcher Joe Kelly.","R","R","R","MIA","STL","X","null","ground_ball",0,0,2012,"-1.08746666666666666667","0.93673333333333333333","0.0550","2.5350","null","null","null",2,2,"Bot","116.47","188.76",,,"null",,"null",,,,,,,"3.0500","1.3700","null","null","null","null","null","null",318856,"null","null","null","null","null","null","null","null","null","null","null","null","0.90",1,1,0,"null",16,"1"
"FF","2012-06-27","94.2","null","null","Joe Kelly",408299,523260,"field_out","hit_into_play",,,,,"6","Omar Infante flies out to center fielder Jon Jay.","R","R","R","MIA","STL","X","8","fly_ball",2,1,2012,"-0.91629166666666666667","1.25923333333333333333","0.3350","2.1250","null","null","null",1,2,"Bot","156.63","70.28",,,"null",,"null",,,,,,,"3.3000","1.4900","null","null","null","null","null","null",318856,"null","null","null","null","null","null","null","null","null","null","null","null","0.00",1,0,0,"null",15,"4"
"SI","2012-06-27","94.1","null","null","Joe Kelly",408299,523260,"null","ball",,,,,"11","null","R","R","R","MIA","STL","B","null","null",1,1,2012,"-1.4576500000000000","0.75470000000000000000","-1.8300","2.5520","null","null","null",1,2,"Bot","null","null",,,"null",,"null",,,,,,,"3.3000","1.4900","null","null","null","null","null","null",318856,"null","null","null","null","null","null","null","null","null","null","null","null","null","null","null","null","null",15,"3"
"FF","2012-06-27","94.8","null","null","Joe Kelly",408299,523260,"null","foul",,,,,"11","null","R","R","R","MIA","STL","S","null","null",1,0,2012,"-0.93020833333333333333","1.2979333333333333","-0.8300","2.6490","null","null","null",1,2,"Bot","null","null",,,"null",,"null",,,,,,,"3.3000","1.4900","null","null","null","null","null","null",318856,"null","null","null","null","null","null","null","null","null","null","null","null","null","null","null","null","null",15,"2"
"SL","2012-06-27","79.9","null","null","Joe Kelly",408299,523260,"null","ball",,,,,"11","null","R","R","R","MIA","STL","B","null","null",0,0,2012,"1.1517250000000000","-0.83056666666666666667","-2.2870","3.8670","null","null","null",1,2,"Bot","null","null",,,"null",,"null",,,,,,,"3.3000","1.4900","null","null","null","null","null","null",318856,"null","null","null","null","null","null","null","null","null","null","null","null","null","null","null","null","null",15,"1"
"FF","2012-06-27","94.6","null","null","Joe Kelly",448605,523260,"field_out","hit_into_play",,,,,"4","Justin Ruggiano flies out to center fielder Jon Jay.","R","R","R","MIA","STL","X","8","fly_ball",2,2,2012,"-0.78825833333333333333","0.95250000000000000000","-0.7660","2.6310","null","null","null",0,2,"Bot","121.49","81.33",,,"null",,"null",,,,,,,"3.5200","1.6300","null","null","null","null","null","null",318856,"null","null","null","null","null","null","null","null","null","null","null","null","0.00",1,0,0,"null",14,"5"
"SL","2012-06-27","80.5","null","null","Joe Kelly",448605,523260,"null","ball",,,,,"13","null","R","R","R","MIA","STL","B","null","null",1,2,2012,"1.1517250000000000","-0.81193333333333333333","-1.0060","1.0740","null","null","null",0,2,"Bot","null","null",,,"null",,"null",,,,,,,"3.4700","1.6300","null","null","null","null","null","null",318856,"null","null","null","null","null","null","null","null","null","null","null","null","null","null","null","null","null",14,"4"
"SL","2012-06-27","80.8","null","null","Joe Kelly",448605,523260,"null","ball",,,,,"14","null","R","R","R","MIA","STL","B","null","null",0,2,2012,"0.77875833333333333333","-0.8936333333333333","0.3440","1.1150","null","null","null",0,2,"Bot","null","null",,,"null",,"null",,,,,,,"3.5100","1.5400","null","null","null","null","null","null",318856,"null","null","null","null","null","null","null","null","null","null","null","null","null","null","null","null","null",14,"3"
"CU","2012-06-27","77.6","null","null","Joe Kelly",448605,523260,"null","swinging_strike",,,,,"3","null","R","R","R","MIA","STL","S","null","null",0,1,2012,"0.73005000000000000000","-1.0986000000000000","0.3730","3.1080","null","null","null",0,2,"Bot","null","null",,,"null",,"null",,,,,,,"3.5200","1.6300","null","null","null","null","null","null",318856,"null","null","null","null","null","null","null","null","null","null","null","null","null","null","null","null","null",14,"2"
"SI","2012-06-27","94.2","null","null","Joe Kelly",448605,523260,"null","foul",,,,,"1","null","R","R","R","MIA","STL","S","null","null",0,0,2012,"-0.97335000000000000000","1.16606666666666666667","-0.5180","3.5170","null","null","null",0,2,"Bot","null","null",,,"null",,"null",,,,,,,"3.5200","1.6300","null","null","null","null","null","null",318856,"null","null","null","null","null","null","null","null","null","null","null","null","null","null","null","null","null",14,"1"
"SI","2012-06-27","94.9","null","null","Joe Kelly",425785,523260,"field_out","hit_into_play",,,,,"13","Greg Dobbs grounds out, second baseman Tyler Greene to first baseman Matt Carpenter.","R","L","R","MIA","STL","X","4","ground_ball",0,0,2012,"-1.6107333333333333","0.67873333333333333333","-0.6120","1.3220","null","434670.00","null",2,1,"Bot","147.59","159.64",,,"null",,"null",,,,,,,"3.2300","1.5700","null","null","null","null","null","null",318856,"null","null","null","null","null","null","null","null","null","null","null","null","0.00",1,0,0,"null",10,"1"
"SL","2012-06-27","80.7","null","null","Joe Kelly",519317,523260,"strikeout","swinging_strike_blocked",,,,,"14","Giancarlo Stanton strikes out swinging.","R","R","R","MIA","STL","S","null","null",0,2,2012,"1.2380083333333333","-0.60696666666666666667","1.3580","0.8390","null","434670.00","null",1,1,"Bot","null","null",,,"null",,"null",,,,,,,"3.4700","1.6100","null","null","null","null","null","null",318856,"null","null","null","null","null","null","null","null","null","null","null","null","0.00",1,0,0,"null",9,"3"
"SL","2012-06-27","80.6","null","null","Joe Kelly",519317,523260,"null","foul",,,,,"2","null","R","R","R","MIA","STL","S","null","null",0,1,2012,"0.91375000000000000000","-0.48083333333333333333","0.1610","3.4140","null","434670.00","null",1,1,"Bot","null","null",,,"null",,"null",,,,,,,"3.4700","1.6100","null","null","null","null","null","null",318856,"null","null","null","null","null","null","null","null","null","null","null","null","null","null","null","null","null",9,"2"
"SI","2012-06-27","94.5","null","null","Joe Kelly",519317,523260,"null","foul",,,,,"11","null","R","R","R","MIA","STL","S","null","null",0,0,2012,"-1.3630166666666667","0.95106666666666666667","-1.1620","2.5490","null","434670.00","null",1,1,"Bot","null","null",,,"null",,"null",,,,,,,"3.4700","1.6100","null","null","null","null","null","null",318856,"null","null","null","null","null","null","null","null","null","null","null","null","null","null","null","null","null",9,"1"
"SI","2012-06-27","94.9","null","null","Joe Kelly",434670,523260,"double","hit_into_play_no_out",,,,,"5","Hanley Ramirez doubles (16) on a soft line drive to right fielder Carlos Beltran.","R","R","R","MIA","STL","X","null","line_drive",3,2,2012,"-1.2419416666666667","0.82063333333333333333","-0.0460","2.7880","null","null","null",1,1,"Bot","193.78","124.50",,,"null",,"null",,,,,,,"3.5900","1.6200","null","null","null","null","null","null",318856,"null","null","null","null","null","null","null","null","null","null","null","null","1.25",1,1,1,"null",8,"6"
"CH","2012-06-27","84.3","null","null","Joe Kelly",434670,523260,"null","ball",,,,,"11","null","R","R","R","MIA","STL","B","null","null",2,2,2012,"-1.5035750000000000","0.02370000000000000000","-1.9940","3.6840","null","null","null",1,1,"Bot","null","null",,,"null",,"null",,,,,,,"3.5900","1.6200","null","null","null","null","null","null",318856,"null","null","null","null","null","null","null","null","null","null","null","null","null","null","null","null","null",8,"5"
"SI","2012-06-27","96.1","null","null","Joe Kelly",434670,523260,"null","ball",,,,,"13","null","R","R","R","MIA","STL","B","null","null",1,2,2012,"-1.4799166666666667","1.08866666666666666667","-0.5420","0.6720","null","null","null",1,1,"Bot","null","null",,,"null",,"null",,,,,,,"3.5900","1.6200","null","null","null","null","null","null",318856,"null","null","null","null","null","null","null","null","null","null","null","null","null","null","null","null","null",8,"4"
"SL","2012-06-27","82.6","null","null","Joe Kelly",434670,523260,"null","foul_tip",,,,,"9","null","R","R","R","MIA","STL","S","null","null",1,1,2012,"0.70917500000000000000","-0.69583333333333333333","0.6890","1.7970","null","null","null",1,1,"Bot","null","null",,,"null",,"null",,,,,,,"3.5900","1.6200","null","null","null","null","null","null",318856,"null","null","null","null","null","null","null","null","null","null","null","null","null","null","null","null","null",8,"3"
"SI","2012-06-27","94.1","null","null","Joe Kelly",434670,523260,"null","called_strike",,,,,"8","null","R","R","R","MIA","STL","S","null","null",1,0,2012,"-1.3212666666666667","0.88083333333333333333","0.1290","1.6760","null","null","null",1,1,"Bot","null","null",,,"null",,"null",,,,,,,"3.5900","1.6200","null","null","null","null","null","null",318856,"null","null","null","null","null","null","null","null","null","null","null","null","null","null","null","null","null",8,"2"
"SI","2012-06-27","96.3","null","null","Joe Kelly",434670,523260,"null","ball",,,,,"7","null","R","R","R","MIA","STL","B","null","null",0,0,2012,"-1.12782500000000000000","1.08723333333333333333","-0.6290","1.6490","null","null","null",1,1,"Bot","null","null",,,"null",,"null",,,,,,,"3.5900","1.7400","null","null","null","null","null","null",318856,"null","null","null","null","null","null","null","null","null","null","null","null","null","null","null","null","null",8,"1"
"CH","2012-06-27","86.3","null","null","Joe Kelly",408314,523260,"strikeout","swinging_strike",,,,,"7","Jose Reyes strikes out swinging.","R","L","R","MIA","STL","S","null","null",1,2,2012,"-1.8835000000000000","0.44653333333333333333","-0.7500","1.7560","null","null","null",0,1,"Bot","null","null",,,"null",,"null",,,,,,,"3.1100","1.4600","null","null","null","null","null","null",318856,"null","null","null","null","null","null","null","null","null","null","null","null","0.00",1,0,0,"null",7,"4"
"SI","2012-06-27","94.1","null","null","Joe Kelly",408314,523260,"null","foul",,,,,"5","null","R","L","R","MIA","STL","S","null","null",1,1,2012,"-0.89402500000000000000","0.93816666666666666667","-0.2570","1.9890","null","null","null",0,1,"Bot","null","null",,,"null",,"null",,,,,,,"3.1100","1.4600","null","null","null","null","null","null",318856,"null","null","null","null","null","null","null","null","null","null","null","null","null","null","null","null","null",7,"3"
"SI","2012-06-27","92.6","null","null","Joe Kelly",408314,523260,"null","called_strike",,,,,"11","null","R","L","R","MIA","STL","S","null","null",1,0,2012,"-1.2823000000000000","0.85933333333333333333","-0.9890","2.6990","null","null","null",0,1,"Bot","null","null",,,"null",,"null",,,,,,,"3.1100","1.4600","null","null","null","null","null","null",318856,"null","null","null","null","null","null","null","null","null","null","null","null","null","null","null","null","null",7,"2"
"SI","2012-06-27","93.1","null","null","Joe Kelly",408314,523260,"null","ball",,,,,"11","null","R","L","R","MIA","STL","B","null","null",0,0,2012,"-0.81748333333333333333","0.66153333333333333333","-1.5370","3.1220","null","null","null",0,1,"Bot","null","null",,,"null",,"null",,,,,,,"3.1100","1.4600","null","null","null","null","null","null",318856,"null","null","null","null","null","null","null","null","null","null","null","null","null","null","null","null","null",7,"1"
"SI","2012-06-22","93.9","null","null","Joe Kelly",502481,523260,"grounded_into_double_play","hit_into_play",,,,,"13","Jarrod Dyson grounds into double play, pitcher Joe Kelly to shortstop Rafael Furcal to first baseman Matt Carpenter.    Alcides Escobar out at 2nd.","R","L","R","KC","STL","X","1","ground_ball",2,0,2012,"-1.3797166666666667","0.78193333333333333333","-0.9080","2.3300","null","521692.00","444876.00",1,6,"Bot","126.51","177.71",,,"null",,"null",,,,,,,"3.4000","1.5800","null","null","null","null","null","null",318784,"null","null","null","null","null","null","null","null","null","null","null","null","0.00",1,0,0,"null",64,"3"
"SI","2012-06-22","93.1","null","null","Joe Kelly",502481,523260,"null","ball",,,,,"13","null","R","L","R","KC","STL","B","null","null",1,0,2012,"-1.5105333333333333","0.69306666666666666667","-1.0300","1.2180","null","521692.00","444876.00",1,6,"Bot","null","null",,,"null",,"null",,,,,,,"3.4000","1.6400","null","null","null","null","null","null",318784,"null","null","null","null","null","null","null","null","null","null","null","null","null","null","null","null","null",64,"2"
"SI","2012-06-22","93.2","null","null","Joe Kelly",502481,523260,"null","ball",,,,,"11","null","R","L","R","KC","STL","B","null","null",0,0,2012,"-0.98865833333333333333","0.54830000000000000000","-1.2000","2.6440","null","521692.00","444876.00",1,6,"Bot","null","null",,,"null",,"null",,,,,,,"3.3200","1.6400","null","null","null","null","null","null",318784,"null","null","null","null","null","null","null","null","null","null","null","null","null","null","null","null","null",64,"1"
"SI","2012-06-22","92.5","null","null","Joe Kelly",444876,523260,"single","hit_into_play_no_out",,,,,"1","Alcides Escobar singles on a ground ball to shortstop Rafael Furcal, deflected by third baseman David Freese.    Salvador Perez to 2nd.","R","R","R","KC","STL","X","5","ground_ball",2,2,2012,"-1.05128333333333333333","0.48523333333333333333","-0.5760","3.1150","null","null","521692.00",1,6,"Bot","105.42","140.56",,,"null",,"null",,,,,,,"3.3800","1.5900","null","null","null","null","null","null",318784,"null","null","null","null","null","null","null","null","null","null","null","null","0.90",1,1,0,"null",63,"5"
"SL","2012-06-22","82.1","null","null","Joe Kelly",444876,523260,"null","blocked_ball",,,,,"14","null","R","R","R","KC","STL","B","null","null",1,2,2012,"0.67716666666666666667","-0.49516666666666666667","0.4000","0.1260","null","null","521692.00",1,6,"Bot","null","null",,,"null",,"null",,,,,,,"3.1000","1.5000","null","null","null","null","null","null",318784,"null","null","null","null","null","null","null","null","null","null","null","null","null","null","null","null","null",63,"4"
"SI","2012-06-22","92.6","null","null","Joe Kelly",444876,523260,"null","swinging_strike",,,,,"13","null","R","R","R","KC","STL","S","null","null",1,1,2012,"-1.17096666666666666667","0.50673333333333333333","-1.4710","1.7730","null","null","521692.00",1,6,"Bot","null","null",,,"null",,"null",,,,,,,"3.3800","1.5900","null","null","null","null","null","null",318784,"null","null","null","null","null","null","null","null","null","null","null","null","null","null","null","null","null",63,"3"
"SI","2012-06-22","94.6","null","null","Joe Kelly",444876,523260,"null","ball",,,,,"13","null","R","R","R","KC","STL","B","null","null",0,1,2012,"-1.6218666666666667","0.89660000000000000000","-1.2230","0.7220","null","null","521692.00",1,6,"Bot","null","null",,,"null",,"null",,,,,,,"3.2400","1.5900","null","null","null","null","null","null",318784,"null","null","null","null","null","null","null","null","null","null","null","null","null","null","null","null","null",63,"2"
"SI","2012-06-22","95.1","null","null","Joe Kelly",444876,523260,"null","called_strike",,,,,"5","null","R","R","R","KC","STL","S","null","null",0,0,2012,"-1.2475083333333333","0.66726666666666666667","-0.1420","2.1650","null","null","521692.00",1,6,"Bot","null","null",,,"null",,"null",,,,,,,"3.1300","1.5000","null","null","null","null","null","null",318784,"null","null","null","null","null","null","null","null","null","null","null","null","null","null","null","null","null",63,"1"
"SI","2012-06-22","94.4","null","null","Joe Kelly",521692,523260,"force_out","hit_into_play",,,,,"1","Salvador Perez grounds into a force out, third baseman David Freese to second baseman Tyler Greene.    Mike Moustakas out at 2nd.    Salvador Perez to 1st.","R","R","R","KC","STL","X","5","ground_ball",0,0,2012,"-1.2210666666666667","1.00696666666666666667","-0.6300","3.1330","null","null","519058.00",0,6,"Bot","96.39","168.67",,,"null",,"null",,,,,,,"3.4400","1.6600","null","null","null","null","null","null",318784,"null","null","null","null","null","null","null","null","null","null","null","null","0.00",1,0,0,"null",62,"1"
"SI","2012-06-22","92.2","null","null","Joe Kelly",519058,523260,"single","hit_into_play_no_out",,,,,"4","Mike Moustakas singles on a sharp ground ball to right fielder Skip Schumaker.","R","L","R","KC","STL","X","null","ground_ball",2,0,2012,"-1.10138333333333333333","0.46516666666666666667","-0.5040","2.2830","null","null","null",0,6,"Bot","188.76","103.41",,,"null",,"null",,,,,,,"3.4000","1.6100","null","null","null","null","null","null",318784,"null","null","null","null","null","null","null","null","null","null","null","null","0.90",1,1,0,"null",61,"3"
"SI","2012-06-22","93.4","null","null","Joe Kelly",519058,523260,"null","ball",,,,,"13","null","R","L","R","KC","STL","B","null","null",1,0,2012,"-1.3825000000000000","0.83783333333333333333","-0.0290","0.8170","null","null","null",0,6,"Bot","null","null",,,"null",,"null",,,,,,,"3.4000","1.6100","null","null","null","null","null","null",318784,"null","null","null","null","null","null","null","null","null","null","null","null","null","null","null","null","null",61,"2"
"SI","2012-06-22","93.0","null","null","Joe Kelly",519058,523260,"null","ball",,,,,"11","null","R","L","R","KC","STL","B","null","null",0,0,2012,"-1.3894583333333333","0.41356666666666666667","-1.1060","2.5560","null","null","null",0,6,"Bot","null","null",,,"null",,"null",,,,,,,"3.4000","1.6100","null","null","null","null","null","null",318784,"null","null","null","null","null","null","null","null","null","null","null","null","null","null","null","null","null",61,"1"
"SI","2012-06-22","93.7","null","null","Joe Kelly",425796,523260,"field_out","hit_into_play",,,,,"6","Jeff Francoeur grounds out, pitcher Joe Kelly to first baseman Matt Carpenter.","R","R","R","KC","STL","X","1","ground_ball",3,2,2012,"-1.01370833333333333333","0.65866666666666666667","0.3870","2.6510","null","null","null",2,5,"Bot","127.51","177.71",,,"null",,"null",,,,,,,"3.4400","1.6400","null","null","null","null","null","null",318784,"null","null","null","null","null","null","null","null","null","null","null","null","0.00",1,0,0,"null",55,"6"
"SI","2012-06-22","94.3","null","null","Joe Kelly",425796,523260,"null","foul",,,,,"6","null","R","R","R","KC","STL","S","null","null",3,1,2012,"-1.2697750000000000","0.84213333333333333333","0.5250","2.3880","null","null","null",2,5,"Bot","null","null",,,"null",,"null",,,,,,,"3.4400","1.6400","null","null","null","null","null","null",318784,"null","null","null","null","null","null","null","null","null","null","null","null","null","null","null","null","null",55,"5"
"SI","2012-06-22","94.1","null","null","Joe Kelly",425796,523260,"null","ball",,,,,"14","null","R","R","R","KC","STL","B","null","null",2,1,2012,"-1.5314083333333333","0.72173333333333333333","0.2670","1.3880","null","null","null",2,5,"Bot","null","null",,,"null",,"null",,,,,,,"3.2000","1.5300","null","null","null","null","null","null",318784,"null","null","null","null","null","null","null","null","null","null","null","null","null","null","null","null","null",55,"4"
"SI","2012-06-22","95.8","null","null","Joe Kelly",425796,523260,"null","ball",,,,,"14","null","R","R","R","KC","STL","B","null","null",1,1,2012,"-0.98726666666666666667","0.96540000000000000000","1.4310","1.8370","null","null","null",2,5,"Bot","null","null",,,"null",,"null",,,,,,,"3.2100","1.5700","null","null","null","null","null","null",318784,"null","null","null","null","null","null","null","null","null","null","null","null","null","null","null","null","null",55,"3"
"SI","2012-06-22","95.6","null","null","Joe Kelly",425796,523260,"null","called_strike",,,,,"13","null","R","R","R","KC","STL","S","null","null",1,0,2012,"-1.4646083333333333","0.54973333333333333333","-0.4130","1.4380","null","null","null",2,5,"Bot","null","null",,,"null",,"null",,,,,,,"3.2400","1.6500","null","null","null","null","null","null",318784,"null","null","null","null","null","null","null","null","null","null","null","null","null","null","null","null","null",55,"2"
"SL","2012-06-22","83.3","null","null","Joe Kelly",425796,523260,"null","ball",,,,,"9","null","R","R","R","KC","STL","B","null","null",0,0,2012,"0.49903333333333333333","-0.60840000000000000000","0.7670","1.7070","null","null","null",2,5,"Bot","null","null",,,"null",,"null",,,,,,,"3.2400","1.6100","null","null","null","null","null","null",318784,"null","null","null","null","null","null","null","null","null","null","null","null","null","null","null","null","null",55,"1"
"SI","2012-06-22","95.0","null","null","Joe Kelly",543333,523260,"field_out","hit_into_play",,,,,"5","Eric Hosmer flies out to left fielder Matt Holliday.","R","L","R","KC","STL","X","7","fly_ball",3,1,2012,"-0.93438333333333333333","0.31323333333333333333","-0.0310","2.4580","null","null","null",1,5,"Bot","91.37","112.45",,,"null",,"null",,,,,,,"3.6100","1.7000","null","null","null","null","null","null",318784,"null","null","null","null","null","null","null","null","null","null","null","null","0.00",1,0,0,"null",54,"5"
"SI","2012-06-22","94.6","null","null","Joe Kelly",543333,523260,"null","ball",,,,,"14","null","R","L","R","KC","STL","B","null","null",2,1,2012,"-1.21271666666666666667","0.81776666666666666667","0.6470","1.1960","null","null","null",1,5,"Bot","null","null",,,"null",,"null",,,,,,,"3.4600","1.6400","null","null","null","null","null","null",318784,"null","null","null","null","null","null","null","null","null","null","null","null","null","null","null","null","null",54,"4"
"SL","2012-06-22","81.5","null","null","Joe Kelly",543333,523260,"null","ball",,,,,"11","null","R","L","R","KC","STL","B","null","null",1,1,2012,"0.70082500000000000000","-0.29593333333333333333","-2.1420","3.0970","null","null","null",1,5,"Bot","null","null",,,"null",,"null",,,,,,,"3.5700","1.7500","null","null","null","null","null","null",318784,"null","null","null","null","null","null","null","null","null","null","null","null","null","null","null","null","null",54,"3"
"CH","2012-06-22","86.1","null","null","Joe Kelly",543333,523260,"null","foul",,,,,"5","null","R","L","R","KC","STL","S","null","null",1,0,2012,"-1.19184166666666666667","0.64720000000000000000","-0.0220","2.7590","null","null","null",1,5,"Bot","null","null",,,"null",,"null",,,,,,,"3.6100","1.7000","null","null","null","null","null","null",318784,"null","null","null","null","null","null","null","null","null","null","null","null","null","null","null","null","null",54,"2"
"SI","2012-06-22","94.9","null","null","Joe Kelly",543333,523260,"null","ball",,,,,"13","null","R","L","R","KC","STL","B","null","null",0,0,2012,"-1.2934333333333333","0.68303333333333333333","-0.2170","0.4120","null","null","null",1,5,"Bot","null","null",,,"null",,"null",,,,,,,"3.6500","1.8600","null","null","null","null","null","null",318784,"null","null","null","null","null","null","null","null","null","null","null","null","null","null","null","null","null",54,"1"
"SI","2012-06-22","95.1","null","null","Joe Kelly",456714,523260,"field_out","hit_into_play",,,,,"2","Billy Butler flies out to right fielder Skip Schumaker.","R","R","R","KC","STL","X","9","fly_ball",0,1,2012,"-1.2836916666666667","0.69020000000000000000","-0.0620","3.2880","null","null","null",0,5,"Bot","171.69","101.41",,,"null",,"null",,,,,,,"3.4200","1.5900","null","null","null","null","null","null",318784,"null","null","null","null","null","null","null","null","null","null","null","null","0.00",1,0,0,"null",53,"2"
"SI","2012-06-22","94.4","null","null","Joe Kelly",456714,523260,"null","called_strike",,,,,"1","null","R","R","R","KC","STL","S","null","null",0,0,2012,"-0.99422500000000000000","1.01843333333333333333","-0.4510","2.9960","null","null","null",0,5,"Bot","null","null",,,"null",,"null",,,,,,,"3.2800","1.5000","null","null","null","null","null","null",318784,"null","null","null","null","null","null","null","null","null","null","null","null","null","null","null","null","null",53,"1"
"SL","2012-06-22","81.0","null","null","Joe Kelly",435358,523260,"force_out","hit_into_play",,,,,"4","Yuniesky Betancourt grounds into a force out, third baseman David Freese to second baseman Tyler Greene.    Alex Gordon out at 2nd.","R","R","R","KC","STL","X","5","ground_ball",1,1,2012,"0.47259166666666666667","-0.34896666666666666667","-0.3830","2.3290","null","null","460086.00",2,4,"Bot","100.40","168.67",,,"null",,"null",,,,,,,"3.4100","1.5800","null","null","null","null","null","null",318784,"null","null","null","null","null","null","null","null","null","null","null","null","0.00",1,0,0,"null",49,"3"
"SI","2012-06-22","94.9","null","null","Joe Kelly",435358,523260,"null","swinging_strike",,,,,"9","null","R","R","R","KC","STL","S","null","null",1,0,2012,"-1.2516833333333333","0.33903333333333333333","0.3290","1.9450","null","null","460086.00",2,4,"Bot","null","null",,,"null",,"null",,,,,,,"3.4100","1.5800","null","null","null","null","null","null",318784,"null","null","null","null","null","null","null","null","null","null","null","null","null","null","null","null","null",49,"2"
"SI","2012-06-22","93.4","null","null","Joe Kelly",435358,523260,"null","ball",,,,,"13","null","R","R","R","KC","STL","B","null","null",0,0,2012,"-0.77016666666666666667","0.80200000000000000000","-1.2020","1.8350","null","null","460086.00",2,4,"Bot","null","null",,,"null",,"null",,,,,,,"3.2800","1.5800","null","null","null","null","null","null",318784,"null","null","null","null","null","null","null","null","null","null","null","null","null","null","null","null","null",49,"1"
"SI","2012-06-22","95.1","null","null","Joe Kelly",460086,523260,"single","hit_into_play_no_out",,,,,"3","Alex Gordon singles on a ground ball to center fielder Jon Jay.","R","L","R","KC","STL","X","null","ground_ball",3,2,2012,"-1.10973333333333333333","0.44653333333333333333","0.4090","3.1130","null","null","null",2,4,"Bot","154.62","96.39",,,"null",,"null",,,,,,,"3.5000","1.6300","null","null","null","null","null","null",318784,"null","null","null","null","null","null","null","null","null","null","null","null","0.90",1,1,0,"null",48,"6"
"CH","2012-06-22","86.6","null","null","Joe Kelly",460086,523260,"null","ball",,,,,"13","null","R","L","R","KC","STL","B","null","null",2,2,2012,"-1.2809083333333333","0.23726666666666666667","-0.7730","0.4680","null","null","null",2,4,"Bot","null","null",,,"null",,"null",,,,,,,"3.5700","1.6800","null","null","null","null","null","null",318784,"null","null","null","null","null","null","null","null","null","null","null","null","null","null","null","null","null",48,"5"
"FF","2012-06-22","95.3","null","null","Joe Kelly",460086,523260,"null","foul",,,,,"14","null","R","L","R","KC","STL","S","null","null",2,1,2012,"-0.60038333333333333333","0.88226666666666666667","1.0420","2.0460","null","null","null",2,4,"Bot","null","null",,,"null",,"null",,,,,,,"3.5000","1.6300","null","null","null","null","null","null",318784,"null","null","null","null","null","null","null","null","null","null","null","null","null","null","null","null","null",48,"4"
"SI","2012-06-22","94.2","null","null","Joe Kelly",460086,523260,"null","swinging_strike",,,,,"13","null","R","L","R","KC","STL","S","null","null",2,0,2012,"-1.10138333333333333333","0.48953333333333333333","-0.0240","1.3920","null","null","null",2,4,"Bot","null","null",,,"null",,"null",,,,,,,"3.5000","1.6300","null","null","null","null","null","null",318784,"null","null","null","null","null","null","null","null","null","null","null","null","null","null","null","null","null",48,"3"
"SI","2012-06-22","94.9","null","null","Joe Kelly",460086,523260,"null","ball",,,,,"11","null","R","L","R","KC","STL","B","null","null",1,0,2012,"-1.2363750000000000","0.51390000000000000000","-2.4330","2.6450","null","null","null",2,4,"Bot","null","null",,,"null",,"null",,,,,,,"3.5000","1.6300","null","null","null","null","null","null",318784,"null","null","null","null","null","null","null","null","null","null","null","null","null","null","null","null","null",48,"2"
"SI","2012-06-22","93.3","null","null","Joe Kelly",460086,523260,"null","ball",,,,,"12","null","R","L","R","KC","STL","B","null","null",0,0,2012,"-0.64352500000000000000","0.79053333333333333333","0.0350","3.6640","null","null","null",2,4,"Bot","null","null",,,"null",,"null",,,,,,,"3.5000","1.7500","null","null","null","null","null","null",318784,"null","null","null","null","null","null","null","null","null","null","null","null","null","null","null","null","null",48,"1"
"SI","2012-06-22","94.8","null","null","Joe Kelly",502481,523260,"field_out","hit_into_play",,,,,"5","Jarrod Dyson bunt pops out to first baseman Matt Carpenter.","R","L","R","KC","STL","X","3","popup",0,0,2012,"-0.80217500000000000000","0.85073333333333333333","-0.2100","2.6980","null","null","null",1,4,"Bot","141.57","180.72",,,"null",,"null",,,,,,,"3.4000","1.5800","null","null","null","null","null","null",318784,"null","null","null","null","null","null","null","null","null","null","null","null","0.00",1,0,0,"null",47,"1"
"SL","2012-06-22","82.2","null","null","Joe Kelly",444876,523260,"field_out","hit_into_play",,,,,"5","Alcides Escobar flies out to left fielder Matt Holliday.","R","R","R","KC","STL","X","7","fly_ball",1,2,2012,"0.44197500000000000000","-0.46793333333333333333","-0.0140","2.3900","null","null","null",0,4,"Bot","88.35","103.41",,,"null",,"null",,,,,,,"3.3800","1.5900","null","null","null","null","null","null",318784,"null","null","null","null","null","null","null","null","null","null","null","null","0.00",1,0,0,"null",46,"4"
"SL","2012-06-22","82.6","null","null","Joe Kelly",444876,523260,"null","ball",,,,,"14","null","R","R","R","KC","STL","B","null","null",0,2,2012,"0.43084166666666666667","-0.36330000000000000000","1.2370","-0.0990","null","null","null",0,4,"Bot","null","null",,,"null",,"null",,,,,,,"3.2400","1.5300","null","null","null","null","null","null",318784,"null","null","null","null","null","null","null","null","null","null","null","null","null","null","null","null","null",46,"3"
"SL","2012-06-22","82.6","null","null","Joe Kelly",444876,523260,"null","swinging_strike",,,,,"14","null","R","R","R","KC","STL","S","null","null",0,1,2012,"0.65350833333333333333","0.29460000000000000000","0.5430","0.9950","null","null","null",0,4,"Bot","null","null",,,"null",,"null",,,,,,,"3.3800","1.5900","null","null","null","null","null","null",318784,"null","null","null","null","null","null","null","null","null","null","null","null","null","null","null","null","null",46,"2"
"SI","2012-06-22","94.8","null","null","Joe Kelly",444876,523260,"null","called_strike",,,,,"4","null","R","R","R","KC","STL","S","null","null",0,0,2012,"-1.4868750000000000","0.46230000000000000000","-0.4590","2.2540","null","null","null",0,4,"Bot","null","null",,,"null",,"null",,,,,,,"3.3800","1.5700","null","null","null","null","null","null",318784,"null","null","null","null","null","null","null","null","null","null","null","null","null","null","null","null","null",46,"1"
"SI","2012-06-22","94.4","null","null","Joe Kelly",521692,523260,"home_run","hit_into_play_score",,,,,"13","Salvador Perez homers (1) on a fly ball to left field.   Mike Moustakas scores.","R","R","R","KC","STL","X","null","fly_ball",3,1,2012,"-1.3337916666666667","0.76043333333333333333","-1.1390","2.1990","null","null","519058.00",0,4,"Bot","35.14","56.22",,,"null",,"null",,,,,,,"3.4400","1.6600","null","null","null","null","null","null",318784,"null","null","null","null","null","null","null","null","null","null","null","null","2.00",1,0,3,"null",45,"5"
"SI","2012-06-22","93.6","null","null","Joe Kelly",521692,523260,"null","called_strike",,,,,"5","null","R","R","R","KC","STL","S","null","null",3,0,2012,"-1.01092500000000000000","0.70883333333333333333","-0.0690","2.8140","null","null","519058.00",0,4,"Bot","null","null",,,"null",,"null",,,,,,,"3.4300","1.6100","null","null","null","null","null","null",318784,"null","null","null","null","null","null","null","null","null","null","null","null","null","null","null","null","null",45,"4"
"SI","2012-06-22","95.4","null","null","Joe Kelly",521692,523260,"null","ball",,,,,"13","null","R","R","R","KC","STL","B","null","null",2,0,2012,"-1.2656000000000000","0.69593333333333333333","-1.1920","1.9130","null","null","519058.00",0,4,"Bot","null","null",,,"null",,"null",,,,,,,"3.5000","1.6500","null","null","null","null","null","null",318784,"null","null","null","null","null","null","null","null","null","null","null","null","null","null","null","null","null",45,"3"
"SI","2012-06-22","92.8","null","null","Joe Kelly",521692,523260,"null","ball",,,,,"14","null","R","R","R","KC","STL","B","null","null",1,0,2012,"-1.4103333333333333","0.45943333333333333333","0.1710","0.8210","null","null","519058.00",0,4,"Bot","null","null",,,"null",,"null",,,,,,,"3.4400","1.6100","null","null","null","null","null","null",318784,"null","null","null","null","null","null","null","null","null","null","null","null","null","null","null","null","null",45,"2"
"SI","2012-06-22","93.7","null","null","Joe Kelly",521692,523260,"null","ball",,,,,"13","null","R","R","R","KC","STL","B","null","null",0,0,2012,"-1.17514166666666666667","0.26593333333333333333","-0.8740","0.7620","null","null","519058.00",0,4,"Bot","null","null",,,"null",,"null",,,,,,,"3.4400","1.6600","null","null","null","null","null","null",318784,"null","null","null","null","null","null","null","null","null","null","null","null","null","null","null","null","null",45,"1"
"SI","2012-06-22","93.0","null","null","Joe Kelly",519058,523260,"hit_by_pitch","hit_by_pitch",,,,,"12","Mike Moustakas hit by pitch.","R","L","R","KC","STL","B","null","null",0,0,2012,"-1.11669166666666666667","1.04996666666666666667","2.1090","3.3520","null","null","null",0,4,"Bot","null","null",,,"null",,"null",,,,,,,"3.4000","1.6100","null","null","null","null","null","null",318784,"null","null","null","null","null","null","null","null","null","null","null","null","0.70",1,0,0,"null",44,"1"
"SI","2012-06-22","95.3","null","null","Joe Kelly",425796,523260,"field_out","hit_into_play",,,,,"8","Jeff Francoeur grounds out, shortstop Rafael Furcal to first baseman Matt Carpenter.","R","R","R","KC","STL","X","6","ground_ball",0,1,2012,"-1.08190000000000000000","0.50100000000000000000","-0.0890","1.5430","null","null","null",2,3,"Bot","122.49","150.60",,,"null",,"null",,,,,,,"3.4400","1.6400","null","null","null","null","null","null",318784,"null","null","null","null","null","null","null","null","null","null","null","null","0.00",1,0,0,"null",37,"2"
"SI","2012-06-22","94.7","null","null","Joe Kelly",425796,523260,"null","called_strike",,,,,"8","null","R","R","R","KC","STL","S","null","null",0,0,2012,"-0.99005000000000000000","0.56120000000000000000","0.1190","1.9170","null","null","null",2,3,"Bot","null","null",,,"null",,"null",,,,,,,"3.1700","1.6100","null","null","null","null","null","null",318784,"null","null","null","null","null","null","null","null","null","null","null","null","null","null","null","null","null",37,"1"
"SI","2012-06-22","96.5","null","null","Joe Kelly",543333,523260,"field_out","hit_into_play",,,,,"6","Eric Hosmer flies out to left fielder Matt Holliday.","R","L","R","KC","STL","X","7","fly_ball",0,0,2012,"-0.90237500000000000000","0.87080000000000000000","0.3830","2.6950","null","null","null",1,3,"Bot","89.36","104.42",,,"null",,"null",,,,,,,"3.6100","1.7000","null","null","null","null","null","null",318784,"null","null","null","null","null","null","null","null","null","null","null","null","0.00",1,0,0,"null",36,"1"
"SI","2012-06-22","94.7","null","null","Joe Kelly",456714,523260,"field_out","hit_into_play",,,,,"7","Billy Butler flies out to center fielder Jon Jay.","R","R","R","KC","STL","X","8","fly_ball",1,1,2012,"-1.3838916666666667","0.61280000000000000000","-0.3690","1.9890","null","null","null",0,3,"Bot","110.44","57.23",,,"null",,"null",,,,,,,"3.4200","1.5900","null","null","null","null","null","null",318784,"null","null","null","null","null","null","null","null","null","null","null","null","0.00",1,0,0,"null",35,"3"
"SL","2012-06-22","82.0","null","null","Joe Kelly",456714,523260,"null","ball",,,,,"13","null","R","R","R","KC","STL","B","null","null",0,1,2012,"0.37656666666666666667","-0.40486666666666666667","-0.4130","1.4460","null","null","null",0,3,"Bot","null","null",,,"null",,"null",,,,,,,"3.5400","1.7200","null","null","null","null","null","null",318784,"null","null","null","null","null","null","null","null","null","null","null","null","null","null","null","null","null",35,"2"
"SI","2012-06-22","93.7","null","null","Joe Kelly",456714,523260,"null","called_strike",,,,,"11","null","R","R","R","KC","STL","S","null","null",0,0,2012,"-1.03458333333333333333","0.60133333333333333333","-1.0570","2.4180","null","null","null",0,3,"Bot","null","null",,,"null",,"null",,,,,,,"3.2000","1.5700","null","null","null","null","null","null",318784,"null","null","null","null","null","null","null","null","null","null","null","null","null","null","null","null","null",35,"1"
"SI","2012-06-22","95.5","null","null","Joe Kelly",435358,523260,"field_out","hit_into_play",,,,,"4","Yuniesky Betancourt grounds out, third baseman David Freese to first baseman Matt Carpenter.","R","R","R","KC","STL","X","5","ground_ball",3,1,2012,"-1.4534750000000000","0.56406666666666666667","-0.7520","2.2220","444876.00","502481.00","null",2,2,"Bot","100.40","170.68",,,"null",,"null",,,,,,,"3.4100","1.5800","null","null","null","null","null","null",318784,"null","null","null","null","null","null","null","null","null","null","null","null","0.00",1,0,0,"null",30,"5"
"SI","2012-06-22","94.4","null","null","Joe Kelly",435358,523260,"null","called_strike",,,,,"14","null","R","R","R","KC","STL","S","null","null",3,0,2012,"-1.3477083333333333","0.91380000000000000000","0.4210","1.3290","444876.00","502481.00","null",2,2,"Bot","null","null",,,"null",,"null",,,,,,,"3.2100","1.4600","null","null","null","null","null","null",318784,"null","null","null","null","null","null","null","null","null","null","null","null","null","null","null","null","null",30,"4"
"SI","2012-06-22","96.8","null","null","Joe Kelly",435358,523260,"null","ball",,,,,"14","null","R","R","R","KC","STL","B","null","null",2,0,2012,"-1.3254416666666667","1.16033333333333333333","0.6810","1.4160","444876.00","502481.00","null",2,2,"Bot","null","null",,,"null",,"null",,,,,,,"3.3600","1.5800","null","null","null","null","null","null",318784,"null","null","null","null","null","null","null","null","null","null","null","null","null","null","null","null","null",30,"3"
"SI","2012-06-22","96.0","null","null","Joe Kelly",435358,523260,"null","ball",,,,,"14","null","R","R","R","KC","STL","B","null","null",1,0,2012,"-1.21132500000000000000","1.11446666666666666667","1.6400","1.0410","444876.00","null","502481.00",2,2,"Bot","null","null",,,"null",,"null",,,,,,,"3.3600","1.6100","null","null","null","null","null","null",318784,"null","null","null","null","null","null","null","null","null","null","null","null","null","null","null","null","null",30,"2"
"SL","2012-06-22","82.5","null","null","Joe Kelly",435358,523260,"null","ball",,,,,"9","null","R","R","R","KC","STL","B","null","null",0,0,2012,"0.54495833333333333333","-0.31743333333333333333","0.7520","1.8190","444876.00","null","502481.00",2,2,"Bot","null","null",,,"null",,"null",,,,,,,"3.2100","1.5400","null","null","null","null","null","null",318784,"null","null","null","null","null","null","null","null","null","null","null","null","null","null","null","null","null",30,"1"
"SI","2012-06-22","93.7","null","null","Joe Kelly",460086,523260,"field_out","hit_into_play",,,,,"4","Alex Gordon flies out to center fielder Jon Jay.    Alcides Escobar to 3rd.","R","L","R","KC","STL","X","8","fly_ball",3,1,2012,"-1.2795166666666667","0.70740000000000000000","-0.3970","2.8140","null","444876.00","502481.00",1,2,"Bot","125.50","37.15",,,"null",,"null",,,,,,,"3.5000","1.6300","null","null","null","null","null","null",318784,"null","null","null","null","null","null","null","null","null","null","null","null","0.00",1,0,0,"null",29,"5"
"SI","2012-06-22","94.6","null","null","Joe Kelly",460086,523260,"null","called_strike",,,,,"6","null","R","L","R","KC","STL","S","null","null",3,0,2012,"-1.5634166666666667","0.74036666666666666667","0.6930","2.2350","null","444876.00","502481.00",1,2,"Bot","null","null",,,"null",,"null",,,,,,,"3.4600","1.6300","null","null","null","null","null","null",318784,"null","null","null","null","null","null","null","null","null","null","null","null","null","null","null","null","null",29,"4"
"SI","2012-06-22","95.2","null","null","Joe Kelly",460086,523260,"null","ball",,,,,"12","null","R","L","R","KC","STL","B","null","null",2,0,2012,"-1.3602333333333333","0.83066666666666666667","1.1240","3.3790","null","444876.00","502481.00",1,2,"Bot","null","null",,,"null",,"null",,,,,,,"3.4600","1.6300","null","null","null","null","null","null",318784,"null","null","null","null","null","null","null","null","null","null","null","null","null","null","null","null","null",29,"3"
"FF","2012-06-22","95.4","null","null","Joe Kelly",460086,523260,"null","blocked_ball",,,,,"14","null","R","L","R","KC","STL","B","null","null",1,0,2012,"-0.71310833333333333333","1.3710333333333333","1.7210","0.6000","null","444876.00","502481.00",1,2,"Bot","null","null",,,"null",,"null",,,,,,,"3.4600","1.6300","null","null","null","null","null","null",318784,"null","null","null","null","null","null","null","null","null","null","null","null","null","null","null","null","null",29,"2"
"SI","2012-06-22","96.3","null","null","Joe Kelly",460086,523260,"null","ball",,,,,"14","null","R","L","R","KC","STL","B","null","null",0,0,2012,"-1.15983333333333333333","1.09010000000000000000","1.5470","2.1810","null","444876.00","502481.00",1,2,"Bot","null","null",,,"null",,"null",,,,,,,"3.5000","1.6300","null","null","null","null","null","null",318784,"null","null","null","null","null","null","null","null","null","null","null","null","null","null","null","null","null",29,"1"
"SI","2012-06-22","95.3","null","null","Joe Kelly",502481,523260,"force_out","hit_into_play",,,,,"1","Jarrod Dyson grounds into a force out, shortstop Rafael Furcal to third baseman David Freese.    Salvador Perez out at 3rd.    Alcides Escobar to 2nd.    Jarrod Dyson to 1st.","R","L","R","KC","STL","X","6","ground_ball",1,1,2012,"-1.4145083333333333","0.47663333333333333333","-0.5730","3.0700","null","521692.00","444876.00",0,2,"Bot","104.42","148.59",,,"null",,"null",,,,,,,"3.4000","1.5800","null","null","null","null","null","null",318784,"null","null","null","null","null","null","null","null","null","null","null","null","0.00",1,0,0,"null",28,"3"
"CH","2012-06-22","85.2","null","null","Joe Kelly",502481,523260,"null","blocked_ball",,,,,"13","null","R","L","R","KC","STL","B","null","null",0,1,2012,"-1.4743500000000000","0.52536666666666666667","-0.4310","0.7710","null","521692.00","444876.00",0,2,"Bot","null","null",,,"null",,"null",,,,,,,"3.3100","1.5700","null","null","null","null","null","null",318784,"null","null","null","null","null","null","null","null","null","null","null","null","null","null","null","null","null",28,"2"
"SI","2012-06-22","94.8","null","null","Joe Kelly",502481,523260,"null","called_strike",,,,,"8","null","R","L","R","KC","STL","S","null","null",0,0,2012,"-1.3129166666666667","0.65150000000000000000","-0.1780","1.7920","null","521692.00","444876.00",0,2,"Bot","null","null",,,"null",,"null",,,,,,,"3.3100","1.4900","null","null","null","null","null","null",318784,"null","null","null","null","null","null","null","null","null","null","null","null","null","null","null","null","null",28,"1"
"SL","2012-06-22","81.6","null","null","Joe Kelly",444876,523260,"single","hit_into_play_no_out",,,,,"6","Alcides Escobar singles on a soft line drive to center fielder Jon Jay.    Salvador Perez to 2nd.","R","R","R","KC","STL","X","null","line_drive",0,1,2012,"0.12467500000000000000","-0.21996666666666666667","0.6650","2.3140","null","null","521692.00",0,2,"Bot","136.55","94.38",,,"null",,"null",,,,,,,"3.3800","1.5900","null","null","null","null","null","null",318784,"null","null","null","null","null","null","null","null","null","null","null","null","0.90",1,1,0,"null",27,"2"
"SI","2012-06-22","95.0","null","null","Joe Kelly",444876,523260,"null","called_strike",,,,,"7","null","R","R","R","KC","STL","S","null","null",0,0,2012,"-1.3003916666666667","1.3223000000000000","-0.3070","1.6220","null","null","521692.00",0,2,"Bot","null","null",,,"null",,"null",,,,,,,"3.2800","1.5900","null","null","null","null","null","null",318784,"null","null","null","null","null","null","null","null","null","null","null","null","null","null","null","null","null",27,"1"
"SI","2012-06-22","95.4","null","null","Joe Kelly",521692,523260,"single","hit_into_play_no_out",,,,,"5","Salvador Perez singles on a ground ball to center fielder Jon Jay.","R","R","R","KC","STL","X","null","ground_ball",1,1,2012,"-1.12225833333333333333","0.70166666666666666667","0.0330","2.7880","null","null","null",0,2,"Bot","126.51","90.36",,,"null",,"null",,,,,,,"3.4400","1.6600","null","null","null","null","null","null",318784,"null","null","null","null","null","null","null","null","null","null","null","null","0.90",1,1,0,"null",26,"3"
"SI","2012-06-22","94.4","null","null","Joe Kelly",521692,523260,"null","called_strike",,,,,"5","null","R","R","R","KC","STL","S","null","null",1,0,2012,"-1.3059583333333333","0.57983333333333333333","-0.0870","2.3260","null","null","null",0,2,"Bot","null","null",,,"null",,"null",,,,,,,"3.3900","1.5000","null","null","null","null","null","null",318784,"null","null","null","null","null","null","null","null","null","null","null","null","null","null","null","null","null",26,"2"
"SI","2012-06-22","95.0","null","null","Joe Kelly",521692,523260,"null","ball",,,,,"13","null","R","R","R","KC","STL","B","null","null",0,0,2012,"-1.15983333333333333333","0.60133333333333333333","-1.1420","2.0710","null","null","null",0,2,"Bot","null","null",,,"null",,"null",,,,,,,"3.5000","1.6600","null","null","null","null","null","null",318784,"null","null","null","null","null","null","null","null","null","null","null","null","null","null","null","null","null",26,"1"
"CH","2012-06-22","83.8","null","null","Joe Kelly",519058,523260,"strikeout","swinging_strike",,,,,"13","Mike Moustakas strikes out swinging.","R","L","R","KC","STL","S","null","null",3,2,2012,"-1.4604333333333333","-0.03363333333333333333","-1.9040","2.0480","456714.00","543333.00","null",2,1,"Bot","null","null",,,"null",,"null",,,,,,,"3.4000","1.6100","null","null","null","null","null","null",318784,"null","null","null","null","null","null","null","null","null","null","null","null","0.00",1,0,0,"null",15,"6"
"SI","2012-06-22","95.4","null","null","Joe Kelly",519058,523260,"null","ball",,,,,"9","null","R","L","R","KC","STL","B","null","null",2,2,2012,"-0.95804166666666666667","0.86076666666666666667","0.4580","1.7030","456714.00","543333.00","null",2,1,"Bot","null","null",,,"null",,"null",,,,,,,"3.3100","1.6100","null","null","null","null","null","null",318784,"null","null","null","null","null","null","null","null","null","null","null","null","null","null","null","null","null",15,"5"
"SI","2012-06-22","94.5","null","null","Joe Kelly",519058,523260,"null","foul",,,,,"4","null","R","L","R","KC","STL","S","null","null",2,1,2012,"-1.16261666666666666667","0.79770000000000000000","-0.7510","2.8040","456714.00","543333.00","null",2,1,"Bot","null","null",,,"null",,"null",,,,,,,"3.4000","1.6100","null","null","null","null","null","null",318784,"null","null","null","null","null","null","null","null","null","null","null","null","null","null","null","null","null",15,"4"
"SI","2012-06-22","95.9","null","null","Joe Kelly",519058,523260,"null","called_strike",,,,,"9","null","R","L","R","KC","STL","S","null","null",2,0,2012,"-1.2544666666666667","0.90520000000000000000","0.6310","1.5350","456714.00","543333.00","null",2,1,"Bot","null","null",,,"null",,"null",,,,,,,"3.4000","1.6400","null","null","null","null","null","null",318784,"null","null","null","null","null","null","null","null","null","null","null","null","null","null","null","null","null",15,"3"
"SI","2012-06-22","95.0","null","null","Joe Kelly",519058,523260,"null","ball",,,,,"14","null","R","L","R","KC","STL","B","null","null",1,0,2012,"-0.94273333333333333333","1.11733333333333333333","1.0410","1.9200","456714.00","543333.00","null",2,1,"Bot","null","null",,,"null",,"null",,,,,,,"3.3100","1.5600","null","null","null","null","null","null",318784,"null","null","null","null","null","null","null","null","null","null","null","null","null","null","null","null","null",15,"2"
"SI","2012-06-22","95.7","null","null","Joe Kelly",519058,523260,"null","ball",,,,,"12","null","R","L","R","KC","STL","B","null","null",0,0,2012,"-0.88985000000000000000","0.88943333333333333333","1.1220","3.3050","456714.00","543333.00","null",2,1,"Bot","null","null",,,"null",,"null",,,,,,,"3.4200","1.6100","null","null","null","null","null","null",318784,"null","null","null","null","null","null","null","null","null","null","null","null","null","null","null","null","null",15,"1"
"SI","2012-06-22","95.4","null","null","Joe Kelly",425796,523260,"field_out","hit_into_play",,,,,"13","Jeff Francoeur grounds out softly, shortstop Rafael Furcal to first baseman Matt Carpenter.    Billy Butler to 3rd.    Eric Hosmer to 2nd.","R","R","R","KC","STL","X","6","ground_ball",2,2,2012,"-1.2976083333333333","0.57266666666666666667","-1.0380","2.3470","null","456714.00","543333.00",1,1,"Bot","117.47","168.67",,,"null",,"null",,,,,,,"3.4400","1.6400","null","null","null","null","null","null",318784,"null","null","null","null","null","null","null","null","null","null","null","null","0.00",1,0,0,"null",14,"7"
"SL","2012-06-22","82.5","null","null","Joe Kelly",425796,523260,"null","foul",,,,,"14","null","R","R","R","KC","STL","S","null","null",2,2,2012,"0.82885833333333333333","-0.25150000000000000000","0.8690","2.0870","null","456714.00","543333.00",1,1,"Bot","null","null",,,"null",,"null",,,,,,,"3.4400","1.6400","null","null","null","null","null","null",318784,"null","null","null","null","null","null","null","null","null","null","null","null","null","null","null","null","null",14,"6"
"SL","2012-06-22","84.1","null","null","Joe Kelly",425796,523260,"null","foul",,,,,"13","null","R","R","R","KC","STL","S","null","null",2,2,2012,"0.61175833333333333333","-0.75746666666666666667","-1.0320","1.6500","null","456714.00","543333.00",1,1,"Bot","null","null",,,"null",,"null",,,,,,,"3.4400","1.6400","null","null","null","null","null","null",318784,"null","null","null","null","null","null","null","null","null","null","null","null","null","null","null","null","null",14,"5"
"SI","2012-06-22","94.8","null","null","Joe Kelly",425796,523260,"null","foul",,,,,"4","null","R","R","R","KC","STL","S","null","null",2,1,2012,"-1.3518833333333333","0.60276666666666666667","-0.7660","2.8250","null","456714.00","543333.00",1,1,"Bot","null","null",,,"null",,"null",,,,,,,"3.4400","1.6400","null","null","null","null","null","null",318784,"null","null","null","null","null","null","null","null","null","null","null","null","null","null","null","null","null",14,"4"
"SI","2012-06-22","95.0","null","null","Joe Kelly",425796,523260,"null","swinging_strike",,,,,"13","null","R","R","R","KC","STL","S","null","null",2,0,2012,"-1.2656000000000000","0.48810000000000000000","-1.7640","1.6720","null","456714.00","543333.00",1,1,"Bot","null","null",,,"null",,"null",,,,,,,"3.4400","1.6400","null","null","null","null","null","null",318784,"null","null","null","null","null","null","null","null","null","null","null","null","null","null","null","null","null",14,"3"
"SI","2012-06-22","94.4","null","null","Joe Kelly",425796,523260,"null","ball",,,,,"12","null","R","R","R","KC","STL","B","null","null",1,0,2012,"-1.08468333333333333333","0.97400000000000000000","0.9680","2.6690","null","456714.00","543333.00",1,1,"Bot","null","null",,,"null",,"null",,,,,,,"3.3200","1.6400","null","null","null","null","null","null",318784,"null","null","null","null","null","null","null","null","null","null","null","null","null","null","null","null","null",14,"2"
"SL","2012-06-22","83.2","null","null","Joe Kelly",425796,523260,"null","blocked_ball",,,,,"14","null","R","R","R","KC","STL","B","null","null",0,0,2012,"0.21652500000000000000","-0.22140000000000000000","1.6230","-0.0950","null","456714.00","543333.00",1,1,"Bot","null","null",,,"null",,"null",,,,,,,"3.1700","1.5300","null","null","null","null","null","null",318784,"null","null","null","null","null","null","null","null","null","null","null","null","null","null","null","null","null",14,"1"
"SI","2012-06-22","96.6","null","null","Joe Kelly",543333,523260,"single","hit_into_play_score",,,,,"8","Eric Hosmer singles on a line drive to left fielder Matt Holliday.    Yuniesky Betancourt scores.    Billy Butler to 2nd.","R","L","R","KC","STL","X","null","line_drive",0,0,2012,"-1.14452500000000000000","0.83783333333333333333","0.1980","1.8710","435358.00","null","456714.00",1,1,"Bot","88.35","93.37",,,"null",,"null",,,,,,,"3.6100","1.7000","null","null","null","null","null","null",318784,"null","null","null","null","null","null","null","null","null","null","null","null","0.90",1,1,0,"null",13,"1"
"SI","2012-06-22","95.7","null","null","Joe Kelly",456714,523260,"single","hit_into_play_no_out",,,,,"8","Billy Butler singles on a line drive to second baseman Tyler Greene, deflected by pitcher Joe Kelly.    Yuniesky Betancourt to 3rd.","R","R","R","KC","STL","X","1","line_drive",0,1,2012,"-1.2586416666666667","0.78193333333333333333","-0.1840","1.9520","null","null","435358.00",1,1,"Bot","160.64","148.59",,,"null",,"null",,,,,,,"3.4200","1.5900","null","null","null","null","null","null",318784,"null","null","null","null","null","null","null","null","null","null","null","null","0.90",1,1,0,"null",12,"2"
"SI","2012-06-22","94.7","null","null","Joe Kelly",456714,523260,"null","called_strike",,,,,"4","null","R","R","R","KC","STL","S","null","null",0,0,2012,"-1.05406666666666666667","0.74036666666666666667","-0.3030","2.4480","null","null","435358.00",1,1,"Bot","null","null",,,"null",,"null",,,,,,,"3.1700","1.3900","null","null","null","null","null","null",318784,"null","null","null","null","null","null","null","null","null","null","null","null","null","null","null","null","null",12,"1"
"SI","2012-06-22","94.9","null","null","Joe Kelly",435358,523260,"single","hit_into_play_no_out",,,,,"1","Yuniesky Betancourt singles on a soft line drive to center fielder Jon Jay.","R","R","R","KC","STL","X","null","line_drive",1,1,2012,"-1.4005916666666667","0.58986666666666666667","-0.6140","3.0100","null","null","null",1,1,"Bot","117.47","99.40",,,"null",,"null",,,,,,,"3.4100","1.5800","null","null","null","null","null","null",318784,"null","null","null","null","null","null","null","null","null","null","null","null","0.90",1,1,0,"null",11,"3"
"SL","2012-06-22","83.6","null","null","Joe Kelly",435358,523260,"null","ball",,,,,"14","null","R","R","R","KC","STL","B","null","null",0,1,2012,"0.72309166666666666667","0.18996666666666666667","1.6260","2.1070","null","null","null",1,1,"Bot","null","null",,,"null",,"null",,,,,,,"3.3200","1.5800","null","null","null","null","null","null",318784,"null","null","null","null","null","null","null","null","null","null","null","null","null","null","null","null","null",11,"2"
"SI","2012-06-22","96.2","null","null","Joe Kelly",435358,523260,"null","called_strike",,,,,"5","null","R","R","R","KC","STL","S","null","null",0,0,2012,"-1.2377666666666667","0.50386666666666666667","-0.1110","2.7710","null","null","null",1,1,"Bot","null","null",,,"null",,"null",,,,,,,"3.3500","1.5800","null","null","null","null","null","null",318784,"null","null","null","null","null","null","null","null","null","null","null","null","null","null","null","null","null",11,"1"
"SI","2012-06-22","96.9","null","null","Joe Kelly",460086,523260,"field_out","hit_into_play",,,,,"6","Alex Gordon grounds out, shortstop Rafael Furcal to first baseman Matt Carpenter.","R","L","R","KC","STL","X","6","ground_ball",2,2,2012,"-1.05128333333333333333","0.92956666666666666667","0.5550","2.5250","null","null","null",0,1,"Bot","111.45","160.64",,,"null",,"null",,,,,,,"3.5000","1.6300","null","null","null","null","null","null",318784,"null","null","null","null","null","null","null","null","null","null","null","null","0.00",1,0,0,"null",10,"5"
"SI","2012-06-22","94.8","null","null","Joe Kelly",460086,523260,"null","ball",,,,,"14","null","R","L","R","KC","STL","B","null","null",1,2,2012,"-0.84531666666666666667","0.90663333333333333333","1.4260","2.5600","null","null","null",0,1,"Bot","null","null",,,"null",,"null",,,,,,,"3.5000","1.6300","null","null","null","null","null","null",318784,"null","null","null","null","null","null","null","null","null","null","null","null","null","null","null","null","null",10,"4"
"SI","2012-06-22","95.6","null","null","Joe Kelly",460086,523260,"null","foul",,,,,"3","null","R","L","R","KC","STL","S","null","null",1,1,2012,"-0.89402500000000000000","1.01126666666666666667","0.3820","3.5820","null","null","null",0,1,"Bot","null","null",,,"null",,"null",,,,,,,"3.5000","1.6300","null","null","null","null","null","null",318784,"null","null","null","null","null","null","null","null","null","null","null","null","null","null","null","null","null",10,"3"
"SI","2012-06-22","95.7","null","null","Joe Kelly",460086,523260,"null","foul",,,,,"2","null","R","L","R","KC","STL","S","null","null",1,0,2012,"-1.2781250000000000","0.65293333333333333333","-0.2200","3.0200","null","null","null",0,1,"Bot","null","null",,,"null",,"null",,,,,,,"3.5000","1.6300","null","null","null","null","null","null",318784,"null","null","null","null","null","null","null","null","null","null","null","null","null","null","null","null","null",10,"2"
"SI","2012-06-22","94.3","null","null","Joe Kelly",460086,523260,"null","ball",,,,,"6","null","R","L","R","KC","STL","B","null","null",0,0,2012,"-1.2836916666666667","1.10443333333333333333","0.7120","2.5030","null","null","null",0,1,"Bot","null","null",,,"null",,"null",,,,,,,"3.1700","1.4900","null","null","null","null","null","null",318784,"null","null","null","null","null","null","null","null","null","null","null","null","null","null","null","null","null",10,"1"
"SI","2012-06-16","96.3","null","null","Joe Kelly",425796,523260,"hit_by_pitch","hit_by_pitch",,,,,"11","Jeff Francoeur hit by pitch.    Chris Getz to 3rd.    Eric Hosmer to 2nd.","R","R","R","STL","KC","B","null","null",0,1,2012,"-0.64770000000000000000","-0.55823333333333333333","-2.5630","3.4470","null","460051.00","543333.00",1,5,"Top","null","null",,,"null",,"null",,,,,,,"3.4100","1.6300","null","null","null","null","null","null",318706,"null","null","null","null","null","null","null","null","null","null","null","null","0.70",1,0,0,"null",42,"2"
"SI","2012-06-16","94.3","null","null","Joe Kelly",425796,523260,"null","called_strike",,,,,"13","null","R","R","R","STL","KC","S","null","null",0,0,2012,"-0.77155833333333333333","-0.60266666666666666667","-0.8770","2.3070","null","460051.00","543333.00",1,5,"Top","null","null",,,"null",,"null",,,,,,,"3.5500","1.6300","null","null","null","null","null","null",318706,"null","null","null","null","null","null","null","null","null","null","null","null","null","null","null","null","null",42,"1"
"SI","2012-06-16","93.9","null","null","Joe Kelly",543333,523260,"single","hit_into_play_no_out",,,,,"1","Eric Hosmer singles on a sharp ground ball to left fielder Matt Holliday.   Chris Getz to 2nd.","R","L","R","STL","KC","X","null","ground_ball",0,0,2012,"-0.61012500000000000000","-0.64423333333333333333","-0.6310","3.1150","null","null","460051.00",1,5,"Top","61.24","115.46",,,"null",,"null",,,,,,,"3.6100","1.6900","null","null","null","null","null","null",318706,"null","null","null","null","null","null","null","null","null","null","null","null","0.90",1,1,0,"null",41,"1"
"CH","2012-06-16","83.8","null","null","Joe Kelly",460051,523260,"field_error","hit_into_play_no_out",,,,,"7","Chris Getz reaches on a throwing error by second baseman Tyler Greene.","R","L","R","STL","KC","X","4","ground_ball",1,2,2012,"-0.67831666666666666667","-1.1889000000000000","-0.5680","1.6990","null","null","null",1,5,"Top","139.56","147.59",,,"null",,"null",,,,,,,"3.3200","1.5000","null","null","null","null","null","null",318706,"null","null","null","null","null","null","null","null","null","null","null","null","0.00",1,0,0,"null",40,"4"
"SL","2012-06-16","83.8","null","null","Joe Kelly",460051,523260,"null","ball",,,,,"14","null","R","L","R","STL","KC","B","null","null",0,2,2012,"0.01473333333333333333","-1.4297000000000000","0.8510","-0.2250","null","null","null",1,5,"Top","null","null",,,"null",,"null",,,,,,,"3.2300","1.5000","null","null","null","null","null","null",318706,"null","null","null","null","null","null","null","null","null","null","null","null","null","null","null","null","null",40,"3"
"SL","2012-06-16","82.8","null","null","Joe Kelly",460051,523260,"null","called_strike",,,,,"5","null","R","L","R","STL","KC","S","null","null",0,1,2012,"0.04256666666666666667","-1.5744666666666667","0.2100","2.1950","null","null","null",1,5,"Top","null","null",,,"null",,"null",,,,,,,"3.2700","1.4500","null","null","null","null","null","null",318706,"null","null","null","null","null","null","null","null","null","null","null","null","null","null","null","null","null",40,"2"
"SI","2012-06-16","95.4","null","null","Joe Kelly",460051,523260,"null","called_strike",,,,,"13","null","R","L","R","STL","KC","S","null","null",0,0,2012,"-0.58925000000000000000","-0.77036666666666666667","-1.0420","2.1190","null","null","null",1,5,"Top","null","null",,,"null",,"null",,,,,,,"3.3200","1.5700","null","null","null","null","null","null",318706,"null","null","null","null","null","null","null","null","null","null","null","null","null","null","null","null","null",40,"1"
"SI","2012-06-16","94.3","null","null","Joe Kelly",460086,523260,"field_out","hit_into_play",,,,,"8","Alex Gordon grounds out, shortstop Rafael Furcal to first baseman Allen Craig.","R","L","R","STL","KC","X","6","ground_ball",1,1,2012,"-0.57115833333333333333","-0.66000000000000000000","-0.0960","1.7270","null","null","null",0,5,"Top","112.45","149.60",,,"null",,"null",,,,,,,"3.4700","1.6100","null","null","null","null","null","null",318706,"null","null","null","null","null","null","null","null","null","null","null","null","0.00",1,0,0,"null",39,"3"
"SI","2012-06-16","94.7","null","null","Joe Kelly",460086,523260,"null","ball",,,,,"14","null","R","L","R","STL","KC","B","null","null",0,1,2012,"-0.52940833333333333333","-0.53960000000000000000","0.8530","1.0640","null","null","null",0,5,"Top","null","null",,,"null",,"null",,,,,,,"3.6800","1.7700","null","null","null","null","null","null",318706,"null","null","null","null","null","null","null","null","null","null","null","null","null","null","null","null","null",39,"2"
"SL","2012-06-16","80.4","null","null","Joe Kelly",460086,523260,"null","called_strike",,,,,"5","null","R","L","R","STL","KC","S","null","null",0,0,2012,"-0.03815000000000000000","-1.5687333333333333","-0.2350","2.5340","null","null","null",0,5,"Top","null","null",,,"null",,"null",,,,,,,"3.5100","1.6100","null","null","null","null","null","null",318706,"null","null","null","null","null","null","null","null","null","null","null","null","null","null","null","null","null",39,"1"
"SI","2012-06-16","94.8","null","null","Joe Kelly",456714,523260,"field_out","hit_into_play",,,,,"5","Billy Butler flies out to right fielder Carlos Beltran.","R","R","R","STL","KC","X","9","fly_ball",3,1,2012,"-0.61151666666666666667","-0.62846666666666666667","0.0180","2.2190","444876.00","502481.00","null",2,4,"Top","171.69","62.25",,,"null",,"null",,,,,,,"3.4100","1.5800","null","null","null","null","null","null",318706,"null","null","null","null","null","null","null","null","null","null","null","null","0.00",1,0,0,"null",35,"5"
"SI","2012-06-16","95.6","null","null","Joe Kelly",456714,523260,"null","ball",,,,,"12","null","R","R","R","STL","KC","B","null","null",2,1,2012,"-0.49600833333333333333","-0.68150000000000000000","0.8390","3.2310","444876.00","502481.00","null",2,4,"Top","null","null",,,"null",,"null",,,,,,,"3.6100","1.6200","null","null","null","null","null","null",318706,"null","null","null","null","null","null","null","null","null","null","null","null","null","null","null","null","null",35,"4"
"SI","2012-06-16","95.9","null","null","Joe Kelly",456714,523260,"null","foul",,,,,"4","null","R","R","R","STL","KC","S","null","null",2,0,2012,"-0.54193333333333333333","-0.63133333333333333333","-0.3740","2.8330","444876.00","502481.00","null",2,4,"Top","null","null",,,"null",,"null",,,,,,,"3.4100","1.5800","null","null","null","null","null","null",318706,"null","null","null","null","null","null","null","null","null","null","null","null","null","null","null","null","null",35,"3"
"SI","2012-06-16","94.4","null","null","Joe Kelly",456714,523260,"null","ball",,,,,"9","null","R","R","R","STL","KC","B","null","null",1,0,2012,"-0.49044166666666666667","-0.75603333333333333333","0.3250","2.0040","444876.00","502481.00","null",2,4,"Top","null","null",,,"null",,"null",,,,,,,"3.6200","1.6900","null","null","null","null","null","null",318706,"null","null","null","null","null","null","null","null","null","null","null","null","null","null","null","null","null",35,"2"
"SL","2012-06-16","83.5","null","null","Joe Kelly",456714,523260,"null","blocked_ball",,,,,"14","null","R","R","R","STL","KC","B","null","null",0,0,2012,"0.19008333333333333333","-1.4082000000000000","1.0330","0.2860","444876.00","502481.00","null",2,4,"Top","null","null",,,"null",,"null",,,,,,,"3.6100","1.6600","null","null","null","null","null","null",318706,"null","null","null","null","null","null","null","null","null","null","null","null","null","null","null","null","null",35,"1"
"SI","2012-06-16","95.5","null","null","Joe Kelly",502481,523260,"double","hit_into_play_no_out",,,,,"8","Jarrod Dyson doubles (3) on a line drive to left fielder Matt Holliday.   Alcides Escobar to 3rd.","R","L","R","STL","KC","X","null","line_drive",0,2,2012,"-0.53915000000000000000","-0.58833333333333333333","0.1480","2.0850","null","null","444876.00",2,4,"Top","60.24","126.51",,,"null",,"null",,,,,,,"3.3900","1.5700","null","null","null","null","null","null",318706,"null","null","null","null","null","null","null","null","null","null","null","null","1.25",1,1,1,"null",34,"3"
"SI","2012-06-16","94.4","null","null","Joe Kelly",502481,523260,"null","called_strike",,,,,"11","null","R","L","R","STL","KC","S","null","null",0,1,2012,"-0.55863333333333333333","-0.51236666666666666667","-0.9670","2.6300","null","null","444876.00",2,4,"Top","null","null",,,"null",,"null",,,,,,,"3.4500","1.6700","null","null","null","null","null","null",318706,"null","null","null","null","null","null","null","null","null","null","null","null","null","null","null","null","null",34,"2"
"SI","2012-06-16","92.8","null","null","Joe Kelly",502481,523260,"null","called_strike",,,,,"4","null","R","L","R","STL","KC","S","null","null",0,0,2012,"-0.58925000000000000000","-0.67290000000000000000","-0.3770","2.5870","null","null","444876.00",2,4,"Top","null","null",,,"null",,"null",,,,,,,"3.2100","1.3100","null","null","null","null","null","null",318706,"null","null","null","null","null","null","null","null","null","null","null","null","null","null","null","null","null",34,"1"
"SI","2012-06-16","92.9","null","null","Joe Kelly",444876,523260,"walk","ball",,,,,"14","Alcides Escobar walks.","R","R","R","STL","KC","B","null","null",3,2,2012,"-0.56698333333333333333","-0.82770000000000000000","0.2260","0.3990","null","null","null",2,4,"Top","null","null",,,"null",,"null",,,,,,,"3.3600","1.5800","null","null","null","null","null","null",318706,"null","null","null","null","null","null","null","null","null","null","null","null","0.70",1,0,0,"null",33,"6"
"SL","2012-06-16","84.9","null","null","Joe Kelly",444876,523260,"null","ball",,,,,"14","null","R","R","R","STL","KC","B","null","null",2,2,2012,"0.08570833333333333333","-1.3537333333333333","2.1020","-0.0730","null","null","null",2,4,"Top","null","null",,,"null",,"null",,,,,,,"3.4500","1.6100","null","null","null","null","null","null",318706,"null","null","null","null","null","null","null","null","null","null","null","null","null","null","null","null","null",33,"5"
"SI","2012-06-16","94.6","null","null","Joe Kelly",444876,523260,"null","foul",,,,,"5","null","R","R","R","STL","KC","S","null","null",2,1,2012,"-0.56698333333333333333","-0.42206666666666666667","-0.2080","2.2890","null","null","null",2,4,"Top","null","null",,,"null",,"null",,,,,,,"3.3600","1.5800","null","null","null","null","null","null",318706,"null","null","null","null","null","null","null","null","null","null","null","null","null","null","null","null","null",33,"4"
"SI","2012-06-16","94.5","null","null","Joe Kelly",444876,523260,"null","called_strike",,,,,"8","null","R","R","R","STL","KC","S","null","null",2,0,2012,"-0.75485833333333333333","-0.83343333333333333333","0.1820","1.8010","null","null","null",2,4,"Top","null","null",,,"null",,"null",,,,,,,"3.5300","1.6500","null","null","null","null","null","null",318706,"null","null","null","null","null","null","null","null","null","null","null","null","null","null","null","null","null",33,"3"
"SI","2012-06-16","95.8","null","null","Joe Kelly",444876,523260,"null","ball",,,,,"14","null","R","R","R","STL","KC","B","null","null",1,0,2012,"-0.72841666666666666667","-0.85493333333333333333","1.0670","1.5870","null","null","null",2,4,"Top","null","null",,,"null",,"null",,,,,,,"3.5200","1.6100","null","null","null","null","null","null",318706,"null","null","null","null","null","null","null","null","null","null","null","null","null","null","null","null","null",33,"2"
"SI","2012-06-16","95.7","null","null","Joe Kelly",444876,523260,"null","ball",,,,,"13","null","R","R","R","STL","KC","B","null","null",0,0,2012,"-0.59481666666666666667","-0.57543333333333333333","-0.0950","1.3210","null","null","null",2,4,"Top","null","null",,,"null",,"null",,,,,,,"3.6900","1.8100","null","null","null","null","null","null",318706,"null","null","null","null","null","null","null","null","null","null","null","null","null","null","null","null","null",33,"1"
"SI","2012-06-16","96.3","null","null","Joe Kelly",430910,523260,"field_out","hit_into_play",,,,,"7","Brayan Pena grounds out, second baseman Tyler Greene to first baseman Allen Craig.","R","L","R","STL","KC","X","4","ground_ball",0,0,2012,"-0.73120000000000000000","-0.72163333333333333333","-0.7870","1.9130","null","null","null",1,4,"Top","141.57","155.62",,,"null",,"null",,,,,,,"3.2400","1.5000","null","null","null","null","null","null",318706,"null","null","null","null","null","null","null","null","null","null","null","null","0.00",1,0,0,"null",32,"1"
"SL","2012-06-16","80.7","null","null","Joe Kelly",519058,523260,"home_run","hit_into_play_score",,,,,"5","Mike Moustakas homers (10) on a fly ball to right field.","R","L","R","STL","KC","X","null","fly_ball",0,2,2012,"0.02169166666666666667","-1.7708333333333333","0.1620","2.2430","null","null","null",1,4,"Top","228.92","55.22",,,"null",,"null",,,,,,,"3.4000","1.6000","null","null","null","null","null","null",318706,"null","null","null","null","null","null","null","null","null","null","null","null","2.00",1,0,3,"null",31,"3"
"CH","2012-06-16","86.3","null","null","Joe Kelly",519058,523260,"null","foul",,,,,"8","null","R","L","R","STL","KC","S","null","null",0,1,2012,"-0.61569166666666666667","-0.9280333333333333","0.0900","1.8770","null","null","null",1,4,"Top","null","null",,,"null",,"null",,,,,,,"3.4000","1.6000","null","null","null","null","null","null",318706,"null","null","null","null","null","null","null","null","null","null","null","null","null","null","null","null","null",31,"2"
"SI","2012-06-16","95.5","null","null","Joe Kelly",519058,523260,"null","called_strike",,,,,"9","null","R","L","R","STL","KC","S","null","null",0,0,2012,"-0.53080000000000000000","-0.60696666666666666667","0.2940","2.0740","null","null","null",1,4,"Top","null","null",,,"null",,"null",,,,,,,"3.4600","1.7400","null","null","null","null","null","null",318706,"null","null","null","null","null","null","null","null","null","null","null","null","null","null","null","null","null",31,"1"
"SL","2012-06-16","84.2","null","null","Joe Kelly",425796,523260,"strikeout","swinging_strike_blocked",,,,,"14","Jeff Francoeur strikes out swinging.","R","R","R","STL","KC","S","null","null",1,2,2012,"0.20956666666666666667","-1.3064333333333333","0.5870","0.7610","null","null","null",0,4,"Top","null","null",,,"null",,"null",,,,,,,"3.4100","1.6300","null","null","null","null","null","null",318706,"null","null","null","null","null","null","null","null","null","null","null","null","0.00",1,0,0,"null",30,"7"
"SL","2012-06-16","84.7","null","null","Joe Kelly",425796,523260,"null","foul",,,,,"14","null","R","R","R","STL","KC","S","null","null",1,2,2012,"-0.04371666666666666667","-1.3551666666666667","1.1520","1.6200","null","null","null",0,4,"Top","null","null",,,"null",,"null",,,,,,,"3.4100","1.6300","null","null","null","null","null","null",318706,"null","null","null","null","null","null","null","null","null","null","null","null","null","null","null","null","null",30,"6"
"SI","2012-06-16","95.9","null","null","Joe Kelly",425796,523260,"null","foul",,,,,"2","null","R","R","R","STL","KC","S","null","null",1,2,2012,"-0.48626666666666666667","-0.54246666666666666667","0.1760","3.0110","null","null","null",0,4,"Top","null","null",,,"null",,"null",,,,,,,"3.4100","1.6300","null","null","null","null","null","null",318706,"null","null","null","null","null","null","null","null","null","null","null","null","null","null","null","null","null",30,"5"
"SI","2012-06-16","94.4","null","null","Joe Kelly",425796,523260,"null","ball",,,,,"11","null","R","R","R","STL","KC","B","null","null",0,2,2012,"-0.59203333333333333333","-0.61270000000000000000","-1.2240","3.8540","null","null","null",0,4,"Top","null","null",,,"null",,"null",,,,,,,"3.4800","1.6500","null","null","null","null","null","null",318706,"null","null","null","null","null","null","null","null","null","null","null","null","null","null","null","null","null",30,"4"
"SI","2012-06-16","96.8","null","null","Joe Kelly",425796,523260,"null","foul",,,,,"13","null","R","R","R","STL","KC","S","null","null",0,2,2012,"-0.65326666666666666667","-0.62560000000000000000","-0.9130","1.7820","null","null","null",0,4,"Top","null","null",,,"null",,"null",,,,,,,"3.4100","1.6300","null","null","null","null","null","null",318706,"null","null","null","null","null","null","null","null","null","null","null","null","null","null","null","null","null",30,"3"
"SL","2012-06-16","83.2","null","null","Joe Kelly",425796,523260,"null","called_strike",,,,,"9","null","R","R","R","STL","KC","S","null","null",0,1,2012,"0.04117500000000000000","-1.4727000000000000","0.6610","1.9440","null","null","null",0,4,"Top","null","null",,,"null",,"null",,,,,,,"3.4900","1.5700","null","null","null","null","null","null",318706,"null","null","null","null","null","null","null","null","null","null","null","null","null","null","null","null","null",30,"2"
"SI","2012-06-16","94.5","null","null","Joe Kelly",425796,523260,"null","called_strike",,,,,"2","null","R","R","R","STL","KC","S","null","null",0,0,2012,"-0.58368333333333333333","-0.61986666666666666667","-0.1290","2.8250","null","null","null",0,4,"Top","null","null",,,"null",,"null",,,,,,,"3.3600","1.5700","null","null","null","null","null","null",318706,"null","null","null","null","null","null","null","null","null","null","null","null","null","null","null","null","null",30,"1"
"SL","2012-06-16","80.8","null","null","Joe Kelly",425796,523260,"pickoff_1b","ball",,,,,"13","With Jeff Francoeur batting, Joe Kelly picks off Chris Getz at 1st on throw to Allen Craig.","R","R","R","STL","KC","B","null","null",0,0,2012,"0.14276666666666666667","-1.5544000000000000","-0.3910","1.3820","null","null","460051.00",2,3,"Top","null","null",,,"null",,"null",,,,,,,"3.3200","1.6100","null","null","null","null","null","null",318706,"null","null","null","null","null","null","null","null","null","null","null","null","0.00",0,0,0,"null",26,"1"
"SL","2012-06-16","81.4","null","null","Joe Kelly",543333,523260,"strikeout","swinging_strike",,,,,"4","Eric Hosmer strikes out swinging.","R","L","R","STL","KC","S","null","null",0,2,2012,"0.31394166666666666667","-1.3752333333333333","-0.2800","2.3770","null","null","460051.00",1,3,"Top","null","null",,,"null",,"null",,,,,,,"3.6100","1.6900","null","null","null","null","null","null",318706,"null","null","null","null","null","null","null","null","null","null","null","null","0.00",1,0,0,"null",25,"4"
"SL","2012-06-16","82.2","null","null","Joe Kelly",543333,523260,"null","foul",,,,,"11","null","R","L","R","STL","KC","S","null","null",0,2,2012,"0.18730000000000000000","-1.3451333333333333","-0.8550","3.8330","null","null","460051.00",1,3,"Top","null","null",,,"null",,"null",,,,,,,"3.6100","1.6900","null","null","null","null","null","null",318706,"null","null","null","null","null","null","null","null","null","null","null","null","null","null","null","null","null",25,"3"
"SI","2012-06-16","96.5","null","null","Joe Kelly",543333,523260,"null","foul",,,,,"9","null","R","L","R","STL","KC","S","null","null",0,1,2012,"-0.59899166666666666667","-0.45503333333333333333","0.5780","2.0720","null","null","460051.00",1,3,"Top","null","null",,,"null",,"null",,,,,,,"3.6100","1.6900","null","null","null","null","null","null",318706,"null","null","null","null","null","null","null","null","null","null","null","null","null","null","null","null","null",25,"2"
"SI","2012-06-16","95.5","null","null","Joe Kelly",543333,523260,"null","foul",,,,,"8","null","R","L","R","STL","KC","S","null","null",0,0,2012,"-0.63378333333333333333","-0.58690000000000000000","-0.2540","1.6040","null","null","460051.00",1,3,"Top","null","null",,,"null",,"null",,,,,,,"3.6100","1.6900","null","null","null","null","null","null",318706,"null","null","null","null","null","null","null","null","null","null","null","null","null","null","null","null","null",25,"1"
"SI","2012-06-16","95.2","null","null","Joe Kelly",460051,523260,"single","hit_into_play_no_out",,,,,"6","Chris Getz singles on a pop up to shortstop Rafael Furcal.","R","L","R","STL","KC","X","null","popup",1,1,2012,"-0.52662500000000000000","-0.46506666666666666667","0.2970","2.6250","null","null","null",1,3,"Top","85.34","137.55",,,"null",,"null",,,,,,,"3.3200","1.5000","null","null","null","null","null","null",318706,"null","null","null","null","null","null","null","null","null","null","null","null","0.90",1,1,0,"null",24,"3"
"CH","2012-06-16","84.9","null","null","Joe Kelly",460051,523260,"null","ball",,,,,"11","null","R","L","R","STL","KC","B","null","null",0,1,2012,"-0.78408333333333333333","-0.9495333333333333","-1.5910","3.0660","null","null","null",1,3,"Top","null","null",,,"null",,"null",,,,,,,"3.2600","1.5000","null","null","null","null","null","null",318706,"null","null","null","null","null","null","null","null","null","null","null","null","null","null","null","null","null",24,"2"
"SI","2012-06-16","96.6","null","null","Joe Kelly",460051,523260,"null","called_strike",,,,,"8","null","R","L","R","STL","KC","S","null","null",0,0,2012,"-0.60595000000000000000","-0.62560000000000000000","0.0540","1.6190","null","null","null",1,3,"Top","null","null",,,"null",,"null",,,,,,,"3.3700","1.5800","null","null","null","null","null","null",318706,"null","null","null","null","null","null","null","null","null","null","null","null","null","null","null","null","null",24,"1"
"SI","2012-06-16","95.1","null","null","Joe Kelly",460086,523260,"field_out","hit_into_play",,,,,"5","Alex Gordon lines out to left fielder Matt Holliday.","R","L","R","STL","KC","X","7","line_drive",3,2,2012,"-0.70754166666666666667","-0.54963333333333333333","0.0540","2.3630","null","null","null",0,3,"Top","63.25","113.45",,,"null",,"null",,,,,,,"3.4700","1.6100","null","null","null","null","null","null",318706,"null","null","null","null","null","null","null","null","null","null","null","null","0.00",1,0,0,"null",23,"6"
"SI","2012-06-16","96.2","null","null","Joe Kelly",460086,523260,"null","ball",,,,,"14","null","R","L","R","STL","KC","B","null","null",2,2,2012,"-0.56002500000000000000","-0.43496666666666666667","1.6230","2.3340","null","null","null",0,3,"Top","null","null",,,"null",,"null",,,,,,,"3.6900","1.8300","null","null","null","null","null","null",318706,"null","null","null","null","null","null","null","null","null","null","null","null","null","null","null","null","null",23,"5"
"SI","2012-06-16","94.5","null","null","Joe Kelly",460086,523260,"null","swinging_strike",,,,,"14","null","R","L","R","STL","KC","S","null","null",2,1,2012,"-0.50435833333333333333","-0.41776666666666666667","1.0410","1.6160","null","null","null",0,3,"Top","null","null",,,"null",,"null",,,,,,,"3.4700","1.6100","null","null","null","null","null","null",318706,"null","null","null","null","null","null","null","null","null","null","null","null","null","null","null","null","null",23,"4"
"CH","2012-06-16","83.4","null","null","Joe Kelly",460086,523260,"null","ball",,,,,"14","null","R","L","R","STL","KC","B","null","null",1,1,2012,"-0.64491666666666666667","-0.9395000000000000","0.6490","1.3220","null","null","null",0,3,"Top","null","null",,,"null",,"null",,,,,,,"3.6400","1.6100","null","null","null","null","null","null",318706,"null","null","null","null","null","null","null","null","null","null","null","null","null","null","null","null","null",23,"3"
"SI","2012-06-16","94.2","null","null","Joe Kelly",460086,523260,"null","called_strike",,,,,"7","null","R","L","R","STL","KC","S","null","null",1,0,2012,"-0.68527500000000000000","-0.51953333333333333333","-0.4560","1.6800","null","null","null",0,3,"Top","null","null",,,"null",,"null",,,,,,,"3.6100","1.7000","null","null","null","null","null","null",318706,"null","null","null","null","null","null","null","null","null","null","null","null","null","null","null","null","null",23,"2"
"SI","2012-06-16","94.4","null","null","Joe Kelly",460086,523260,"null","ball",,,,,"14","null","R","L","R","STL","KC","B","null","null",0,0,2012,"-0.64352500000000000000","-0.72450000000000000000","0.0250","1.5430","null","null","null",0,3,"Top","null","null",,,"null",,"null",,,,,,,"3.7000","1.7500","null","null","null","null","null","null",318706,"null","null","null","null","null","null","null","null","null","null","null","null","null","null","null","null","null",23,"1"
"SI","2012-06-16","93.6","null","null","Joe Kelly",136600,523260,"strikeout","called_strike",,,,,"2","Bruce Chen called out on strikes.","R","L","R","STL","KC","S","null","null",3,2,2012,"-0.72980833333333333333","-0.67720000000000000000","-0.0980","2.8680","null","null","null",2,2,"Top","null","null",,,"null",,"null",,,,,,,"3.3300","1.5900","null","null","null","null","null","null",318706,"null","null","null","null","null","null","null","null","null","null","null","null","0.00",1,0,0,"null",16,"6"
"SI","2012-06-16","95.4","null","null","Joe Kelly",136600,523260,"null","ball",,,,,"11","null","R","L","R","STL","KC","B","null","null",2,2,2012,"-0.71450000000000000000","-0.70013333333333333333","-1.5180","3.0190","null","null","null",2,2,"Top","null","null",,,"null",,"null",,,,,,,"3.3700","1.6700","null","null","null","null","null","null",318706,"null","null","null","null","null","null","null","null","null","null","null","null","null","null","null","null","null",16,"5"
"SI","2012-06-16","93.4","null","null","Joe Kelly",136600,523260,"null","called_strike",,,,,"4","null","R","L","R","STL","KC","S","null","null",2,1,2012,"-0.67831666666666666667","-0.66573333333333333333","-0.5380","1.9070","null","null","null",2,2,"Top","null","null",,,"null",,"null",,,,,,,"3.1200","1.2200","null","null","null","null","null","null",318706,"null","null","null","null","null","null","null","null","null","null","null","null","null","null","null","null","null",16,"4"
"SI","2012-06-16","96.1","null","null","Joe Kelly",136600,523260,"null","ball",,,,,"13","null","R","L","R","STL","KC","B","null","null",1,1,2012,"-0.63517500000000000000","-0.61843333333333333333","-1.0150","2.3690","null","null","null",2,2,"Top","null","null",,,"null",,"null",,,,,,,"3.3700","1.5000","null","null","null","null","null","null",318706,"null","null","null","null","null","null","null","null","null","null","null","null","null","null","null","null","null",16,"3"
"SI","2012-06-16","95.7","null","null","Joe Kelly",136600,523260,"null","ball",,,,,"11","null","R","L","R","STL","KC","B","null","null",0,1,2012,"-0.74929166666666666667","-0.80046666666666666667","-1.4140","3.5130","null","null","null",2,2,"Top","null","null",,,"null",,"null",,,,,,,"3.4100","1.5900","null","null","null","null","null","null",318706,"null","null","null","null","null","null","null","null","null","null","null","null","null","null","null","null","null",16,"2"
"SI","2012-06-16","94.6","null","null","Joe Kelly",136600,523260,"null","called_strike",,,,,"4","null","R","L","R","STL","KC","S","null","null",0,0,2012,"-0.68388333333333333333","-0.63420000000000000000","-0.4010","2.6110","null","null","null",2,2,"Top","null","null",,,"null",,"null",,,,,,,"3.4900","1.6700","null","null","null","null","null","null",318706,"null","null","null","null","null","null","null","null","null","null","null","null","null","null","null","null","null",16,"1"
"SI","2012-06-16","95.9","null","null","Joe Kelly",502481,523260,"field_out","hit_into_play",,,,,"8","Jarrod Dyson grounds out, shortstop Rafael Furcal to first baseman Allen Craig.","R","L","R","STL","KC","X","6","ground_ball",0,0,2012,"-0.66996666666666666667","-0.74026666666666666667","-0.1880","2.0550","null","null","null",1,2,"Top","112.45","156.63",,,"null",,"null",,,,,,,"3.3900","1.5700","null","null","null","null","null","null",318706,"null","null","null","null","null","null","null","null","null","null","null","null","0.00",1,0,0,"null",15,"1"
"SI","2012-06-16","94.3","null","null","Joe Kelly",444876,523260,"field_out","hit_into_play",,,,,"7","Alcides Escobar lines out to right fielder Carlos Beltran.","R","R","R","STL","KC","X","9","line_drive",2,1,2012,"-0.65883333333333333333","-0.72880000000000000000","-0.3780","2.1250","null","null","null",0,2,"Top","174.70","84.34",,,"null",,"null",,,,,,,"3.3600","1.5800","null","null","null","null","null","null",318706,"null","null","null","null","null","null","null","null","null","null","null","null","0.00",1,0,0,"null",14,"4"
"SI","2012-06-16","93.9","null","null","Joe Kelly",444876,523260,"null","called_strike",,,,,"8","null","R","R","R","STL","KC","S","null","null",2,0,2012,"-0.57950833333333333333","-0.64280000000000000000","0.2100","2.1300","null","null","null",0,2,"Top","null","null",,,"null",,"null",,,,,,,"3.5200","1.6600","null","null","null","null","null","null",318706,"null","null","null","null","null","null","null","null","null","null","null","null","null","null","null","null","null",14,"3"
"SI","2012-06-16","92.7","null","null","Joe Kelly",444876,523260,"null","ball",,,,,"11","null","R","R","R","STL","KC","B","null","null",1,0,2012,"-0.68110000000000000000","-0.70730000000000000000","-1.2980","3.5440","null","null","null",0,2,"Top","null","null",,,"null",,"null",,,,,,,"3.6100","1.6100","null","null","null","null","null","null",318706,"null","null","null","null","null","null","null","null","null","null","null","null","null","null","null","null","null",14,"2"
"SI","2012-06-16","94.4","null","null","Joe Kelly",444876,523260,"null","ball",,,,,"11","null","R","R","R","STL","KC","B","null","null",0,0,2012,"-0.52523333333333333333","-0.56683333333333333333","-0.6310","3.8860","null","null","null",0,2,"Top","null","null",,,"null",,"null",,,,,,,"3.5700","1.6500","null","null","null","null","null","null",318706,"null","null","null","null","null","null","null","null","null","null","null","null","null","null","null","null","null",14,"1"
"SI","2012-06-16","96.3","null","null","Joe Kelly",430910,523260,"field_out","hit_into_play",,,,,"13","Brayan Pena pops out to third baseman David Freese in foul territory.","R","L","R","STL","KC","X","5","popup",2,0,2012,"-0.72145833333333333333","-0.64136666666666666667","-0.8960","1.7060","null","425796.00","519058.00",2,1,"Top","78.31","164.66",,,"null",,"null",,,,,,,"3.2400","1.5000","null","null","null","null","null","null",318706,"null","null","null","null","null","null","null","null","null","null","null","null","0.00",1,0,0,"null",6,"3"
"CH","2012-06-16","83.4","null","null","Joe Kelly",430910,523260,"null","ball",,,,,"13","null","R","L","R","STL","KC","B","null","null",1,0,2012,"-0.76599166666666666667","-1.0470000000000000","-1.7160","1.4290","null","425796.00","519058.00",2,1,"Top","null","null",,,"null",,"null",,,,,,,"3.1400","1.5000","null","null","null","null","null","null",318706,"null","null","null","null","null","null","null","null","null","null","null","null","null","null","null","null","null",6,"2"
"SI","2012-06-16","95.3","null","null","Joe Kelly",430910,523260,"null","ball",,,,,"11","null","R","L","R","STL","KC","B","null","null",0,0,2012,"-0.44869166666666666667","-0.46506666666666666667","-1.0190","3.1750","null","425796.00","519058.00",2,1,"Top","null","null",,,"null",,"null",,,,,,,"3.3400","1.5900","null","null","null","null","null","null",318706,"null","null","null","null","null","null","null","null","null","null","null","null","null","null","null","null","null",6,"1"
"SI","2012-06-16","96.8","null","null","Joe Kelly",519058,523260,"single","hit_into_play_score",,,,,"13","Mike Moustakas singles on a line drive to center fielder Shane Robinson.   Chris Getz scores.    Jeff Francoeur to 2nd.","R","L","R","STL","KC","X","null","line_drive",3,1,2012,"-0.70197500000000000000","-0.69870000000000000000","-0.9540","1.4750","460051.00","null","425796.00",2,1,"Top","129.52","90.36",,,"null",,"null",,,,,,,"3.4000","1.6000","null","null","null","null","null","null",318706,"null","null","null","null","null","null","null","null","null","null","null","null","0.90",1,1,0,"null",5,"5"
"CH","2012-06-16","83.1","null","null","Joe Kelly",519058,523260,"null","ball",,,,,"13","null","R","L","R","STL","KC","B","null","null",2,1,2012,"-0.72702500000000000000","-1.0470000000000000","-1.9940","1.8880","460051.00","null","425796.00",2,1,"Top","null","null",,,"null",,"null",,,,,,,"3.4000","1.6000","null","null","null","null","null","null",318706,"null","null","null","null","null","null","null","null","null","null","null","null","null","null","null","null","null",5,"4"
"CH","2012-06-16","82.1","null","null","Joe Kelly",519058,523260,"null","ball",,,,,"11","null","R","L","R","STL","KC","B","null","null",1,1,2012,"-0.76320833333333333333","-1.1258333333333333","-2.1420","2.8610","460051.00","null","425796.00",2,1,"Top","null","null",,,"null",,"null",,,,,,,"3.4000","1.6000","null","null","null","null","null","null",318706,"null","null","null","null","null","null","null","null","null","null","null","null","null","null","null","null","null",5,"3"
"SI","2012-06-16","95.9","null","null","Joe Kelly",519058,523260,"null","foul",,,,,"7","null","R","L","R","STL","KC","S","null","null",1,0,2012,"-0.71171666666666666667","-0.63420000000000000000","-0.6900","1.7360","460051.00","null","425796.00",2,1,"Top","null","null",,,"null",,"null",,,,,,,"3.4000","1.6000","null","null","null","null","null","null",318706,"null","null","null","null","null","null","null","null","null","null","null","null","null","null","null","null","null",5,"2"
"SI","2012-06-16","97.5","null","null","Joe Kelly",519058,523260,"null","ball",,,,,"8","null","R","L","R","STL","KC","B","null","null",0,0,2012,"-0.77434166666666666667","-0.60983333333333333333","0.1720","1.9000","460051.00","null","425796.00",2,1,"Top","null","null",,,"null",,"null",,,,,,,"3.5200","1.6000","null","null","null","null","null","null",318706,"null","null","null","null","null","null","null","null","null","null","null","null","null","null","null","null","null",5,"1"
"SL","2012-06-16","84.6","null","null","Joe Kelly",425796,523260,"fielders_choice_out","hit_into_play",,,,,"14","Jeff Francoeur reaches on a fielder's choice out, second baseman Tyler Greene to catcher Yadier Molina.   Alex Gordon out at home.    Chris Getz to 3rd.","R","R","R","STL","KC","X","4","ground_ball",0,2,2012,"0.01751666666666666667","-1.3236333333333333","0.8860","1.8940","460086.00","460051.00","null",1,1,"Top","131.53","165.66",,,"null",,"null",,,,,,,"3.4100","1.6300","null","null","null","null","null","null",318706,"null","null","null","null","null","null","null","null","null","null","null","null","0.00",1,0,0,"null",4,"3"
"SI","2012-06-16","94.9","null","null","Joe Kelly",425796,523260,"null","foul",,,,,"13","null","R","R","R","STL","KC","S","null","null",0,1,2012,"-0.72980833333333333333","-0.56683333333333333333","-1.4870","1.9870","460086.00","460051.00","null",1,1,"Top","null","null",,,"null",,"null",,,,,,,"3.4100","1.6300","null","null","null","null","null","null",318706,"null","null","null","null","null","null","null","null","null","null","null","null","null","null","null","null","null",4,"2"
"SI","2012-06-16","93.8","null","null","Joe Kelly",425796,523260,"null","foul",,,,,"11","null","R","R","R","STL","KC","S","null","null",0,0,2012,"-0.60595000000000000000","-0.51666666666666666667","-0.9650","2.6930","460086.00","460051.00","null",1,1,"Top","null","null",,,"null",,"null",,,,,,,"3.4100","1.6300","null","null","null","null","null","null",318706,"null","null","null","null","null","null","null","null","null","null","null","null","null","null","null","null","null",4,"1"
"SL","2012-06-16","82.2","null","null","Joe Kelly",543333,523260,"field_out","hit_into_play",,,,,"6","Eric Hosmer grounds out sharply, pitcher Joe Kelly to first baseman Allen Craig.   Alex Gordon to 3rd.    Chris Getz to 2nd.","R","L","R","STL","KC","X","1","ground_ball",1,2,2012,"0.24296666666666666667","-1.2706000000000000","0.7570","2.8940","null","460086.00","460051.00",0,1,"Top","124.50","178.71",,,"null",,"null",,,,,,,"3.6100","1.6900","null","null","null","null","null","null",318706,"null","null","null","null","null","null","null","null","null","null","null","null","0.00",1,0,0,"null",3,"5"
"SI","2012-06-16","94.3","null","null","Joe Kelly",543333,523260,"null","foul",,,,,"11","null","R","L","R","STL","KC","S","null","null",1,2,2012,"-0.54471666666666666667","-0.51666666666666666667","-1.0220","3.3960","null","460086.00","460051.00",0,1,"Top","null","null",,,"null",,"null",,,,,,,"3.6100","1.6900","null","null","null","null","null","null",318706,"null","null","null","null","null","null","null","null","null","null","null","null","null","null","null","null","null",3,"4"
"SI","2012-06-16","94.9","null","null","Joe Kelly",543333,523260,"null","foul",,,,,"13","null","R","L","R","STL","KC","S","null","null",1,1,2012,"-0.66161666666666666667","-0.58546666666666666667","-1.1750","2.2460","null","460086.00","460051.00",0,1,"Top","null","null",,,"null",,"null",,,,,,,"3.6100","1.6900","null","null","null","null","null","null",318706,"null","null","null","null","null","null","null","null","null","null","null","null","null","null","null","null","null",3,"3"
"CH","2012-06-16","82.4","null","null","Joe Kelly",543333,523260,"null","ball",,,,,"11","null","R","L","R","STL","KC","B","null","null",0,1,2012,"-0.66857500000000000000","-1.0040000000000000","-1.3580","3.0220","null","460086.00","460051.00",0,1,"Top","null","null",,,"null",,"null",,,,,,,"3.6100","1.5900","null","null","null","null","null","null",318706,"null","null","null","null","null","null","null","null","null","null","null","null","null","null","null","null","null",3,"2"
"SI","2012-06-16","96.7","null","null","Joe Kelly",543333,523260,"null","called_strike",,,,,"13","null","R","L","R","STL","KC","S","null","null",0,0,2012,"-0.54750000000000000000","-0.51810000000000000000","-0.9990","1.8680","null","460086.00","460051.00",0,1,"Top","null","null",,,"null",,"null",,,,,,,"3.6900","1.6900","null","null","null","null","null","null",318706,"null","null","null","null","null","null","null","null","null","null","null","null","null","null","null","null","null",3,"1"
"SI","2012-06-16","93.6","null","null","Joe Kelly",460051,523260,"single","hit_into_play_no_out",,,,,"5","Chris Getz singles on a line drive to right fielder Carlos Beltran.   Alex Gordon to 2nd.","R","L","R","STL","KC","X","null","line_drive",1,0,2012,"-0.70754166666666666667","-0.71303333333333333333","0.0360","2.4560","null","null","460086.00",0,1,"Top","188.76","104.42",,,"null",,"null",,,,,,,"3.3200","1.5000","null","null","null","null","null","null",318706,"null","null","null","null","null","null","null","null","null","null","null","null","0.90",1,1,0,"null",2,"2"
"SI","2012-06-16","94.1","null","null","Joe Kelly",460051,523260,"null","ball",,,,,"2","null","R","L","R","STL","KC","B","null","null",0,0,2012,"-0.62125833333333333333","-0.68150000000000000000","-0.0330","3.1080","null","null","460086.00",0,1,"Top","null","null",,,"null",,"null",,,,,,,"3.3300","1.4900","null","null","null","null","null","null",318706,"null","null","null","null","null","null","null","null","null","null","null","null","null","null","null","null","null",2,"1"
"SI","2012-06-16","94.1","null","null","Joe Kelly",460086,523260,"single","hit_into_play_no_out",,,,,"7","Alex Gordon singles on a line drive to left fielder Matt Holliday.","R","L","R","STL","KC","X","null","line_drive",1,1,2012,"-0.71728333333333333333","-0.78040000000000000000","-0.3500","2.0080","null","null","null",0,1,"Top","76.31","102.41",,,"null",,"null",,,,,,,"3.4700","1.6100","null","null","null","null","null","null",318706,"null","null","null","null","null","null","null","null","null","null","null","null","0.90",1,1,0,"null",1,"3"
"SI","2012-06-16","95.0","null","null","Joe Kelly",460086,523260,"null","ball",,,,,"11","null","R","L","R","STL","KC","B","null","null",0,1,2012,"-0.68945000000000000000","-0.75316666666666666667","-1.2940","3.1490","null","null","null",0,1,"Top","null","null",,,"null",,"null",,,,,,,"3.5700","1.6100","null","null","null","null","null","null",318706,"null","null","null","null","null","null","null","null","null","null","null","null","null","null","null","null","null",1,"2"
"SI","2012-06-16","94.0","null","null","Joe Kelly",460086,523260,"null","called_strike",,,,,"11","null","R","L","R","STL","KC","S","null","null",0,0,2012,"-0.75068333333333333333","-0.81766666666666666667","-1.2120","2.7550","null","null","null",0,1,"Top","null","null",,,"null",,"null",,,,,,,"3.6500","1.6100","null","null","null","null","null","null",318706,"null","null","null","null","null","null","null","null","null","null","null","null","null","null","null","null","null",1,"1"
"SI","2012-06-10","92.9","null","null","Joe Kelly",488726,523260,"single","hit_into_play_no_out",,,,,"5","Michael Brantley singles on a ground ball to right fielder Carlos Beltran.","R","L","R","STL","CLE","X","null","ground_ball",0,1,2012,"-1.5495000000000000","0.73893333333333333333","0.0960","2.3050","null","null","null",0,6,"Top","170.68","101.41",,,"null",,"null",,,,,,,"3.3300","1.5600","null","null","null","null","null","null",318625,"null","null","null","null","null","null","null","null","null","null","null","null","0.90",1,1,0,"null",40,"2"
"CH","2012-06-10","82.1","null","null","Joe Kelly",488726,523260,"null","called_strike",,,,,"11","null","R","L","R","STL","CLE","S","null","null",0,0,2012,"-1.5745500000000000","0.64433333333333333333","-0.8470","3.0280","null","null","null",0,6,"Top","null","null",,,"null",,"null",,,,,,,"3.3300","1.5600","null","null","null","null","null","null",318625,"null","null","null","null","null","null","null","null","null","null","null","null","null","null","null","null","null",40,"1"
"SI","2012-06-10","92.7","null","null","Joe Kelly",467793,523260,"field_out","hit_into_play",,,,,"4","Carlos Santana lines out to first baseman Matt Adams.","R","L","R","STL","CLE","X","3","line_drive",0,0,2012,"-1.4576500000000000","1.08293333333333333333","-0.3430","2.4580","null","543401.00","null",2,5,"Top","149.60","166.67",,,"null",,"null",,,,,,,"3.3800","1.6000","null","null","null","null","null","null",318625,"null","null","null","null","null","null","null","null","null","null","null","null","0.00",1,0,0,"null",35,"1"
"SL","2012-06-10","78.5","null","null","Joe Kelly",543401,523260,"double","hit_into_play_no_out",,,,,"8","Jason Kipnis doubles (6) on a fly ball to left fielder Allen Craig.","R","L","R","STL","CLE","X","null","fly_ball",0,1,2012,"0.37935000000000000000","-1.0685000000000000","-0.0800","1.6120","null","null","null",2,5,"Top","74.30","56.22",,,"null",,"null",,,,,,,"3.3000","1.4800","null","null","null","null","null","null",318625,"null","null","null","null","null","null","null","null","null","null","null","null","1.25",1,1,1,"null",34,"2"
"CH","2012-06-10","84.0","null","null","Joe Kelly",543401,523260,"null","called_strike",,,,,"8","null","R","L","R","STL","CLE","S","null","null",0,0,2012,"-1.7137166666666667","0.36196666666666666667","-0.2710","1.6820","null","null","null",2,5,"Top","null","null",,,"null",,"null",,,,,,,"3.3000","1.4800","null","null","null","null","null","null",318625,"null","null","null","null","null","null","null","null","null","null","null","null","null","null","null","null","null",34,"1"
"SI","2012-06-10","92.2","null","null","Joe Kelly",452678,523260,"field_out","hit_into_play",,,,,"7","Asdrubal Cabrera grounds out, first baseman Matt Adams to pitcher Joe Kelly.","R","L","R","STL","CLE","X","3","ground_ball",3,1,2012,"-1.2363750000000000","0.59130000000000000000","-0.5420","1.7240","null","null","null",1,5,"Top","148.59","162.65",,,"null",,"null",,,,,,,"3.3300","1.6000","null","null","null","null","null","null",318625,"null","null","null","null","null","null","null","null","null","null","null","null","0.00",1,0,0,"null",33,"5"
"SI","2012-06-10","94.0","null","null","Joe Kelly",452678,523260,"null","ball",,,,,"13","null","R","L","R","STL","CLE","B","null","null",2,1,2012,"-1.4590416666666667","0.68876666666666666667","-0.6840","1.1450","null","null","null",1,5,"Top","null","null",,,"null",,"null",,,,,,,"3.3300","1.6000","null","null","null","null","null","null",318625,"null","null","null","null","null","null","null","null","null","null","null","null","null","null","null","null","null",33,"4"
"SI","2012-06-10","92.0","null","null","Joe Kelly",452678,523260,"null","swinging_strike",,,,,"13","null","R","L","R","STL","CLE","S","null","null",2,0,2012,"-1.6232583333333333","0.26306666666666666667","-0.2010","1.3370","null","null","null",1,5,"Top","null","null",,,"null",,"null",,,,,,,"3.3300","1.6000","null","null","null","null","null","null",318625,"null","null","null","null","null","null","null","null","null","null","null","null","null","null","null","null","null",33,"3"
"SI","2012-06-10","94.6","null","null","Joe Kelly",452678,523260,"null","ball",,,,,"14","null","R","L","R","STL","CLE","B","null","null",1,0,2012,"-1.5745500000000000","0.55690000000000000000","0.2650","0.9810","null","null","null",1,5,"Top","null","null",,,"null",,"null",,,,,,,"3.3300","1.6000","null","null","null","null","null","null",318625,"null","null","null","null","null","null","null","null","null","null","null","null","null","null","null","null","null",33,"2"
"SL","2012-06-10","79.3","null","null","Joe Kelly",452678,523260,"null","ball",,,,,"9","null","R","L","R","STL","CLE","B","null","null",0,0,2012,"0.49068333333333333333","-1.0025666666666667","0.6530","1.8690","null","null","null",1,5,"Top","null","null",,,"null",,"null",,,,,,,"3.3000","1.5400","null","null","null","null","null","null",318625,"null","null","null","null","null","null","null","null","null","null","null","null","null","null","null","null","null",33,"1"
"CH","2012-06-10","82.2","null","null","Joe Kelly",425783,523260,"field_out","hit_into_play",,,,,"7","Shin-Soo Choo grounds out, second baseman Daniel Descalso to first baseman Matt Adams.","R","L","R","STL","CLE","X","4","ground_ball",1,0,2012,"-1.4910500000000000","0.47376666666666666667","-0.5900","1.5450","null","null","null",0,5,"Top","137.55","155.62",,,"null",,"null",,,,,,,"3.2600","1.5300","null","null","null","null","null","null",318625,"null","null","null","null","null","null","null","null","null","null","null","null","0.00",1,0,0,"null",32,"2"
"SI","2012-06-10","93.2","null","null","Joe Kelly",425783,523260,"null","ball",,,,,"13","null","R","L","R","STL","CLE","B","null","null",0,0,2012,"-1.2447250000000000","0.45800000000000000000","-0.9440","1.0690","null","null","null",0,5,"Top","null","null",,,"null",,"null",,,,,,,"3.2600","1.5300","null","null","null","null","null","null",318625,"null","null","null","null","null","null","null","null","null","null","null","null","null","null","null","null","null",32,"1"
"FF","2012-06-10","94.6","null","null","Joe Kelly",434622,523260,"strikeout","called_strike",,,,,"9","Ubaldo Jimenez called out on strikes.","R","R","R","STL","CLE","S","null","null",0,2,2012,"-0.82165833333333333333","1.11016666666666666667","0.4590","2.1140","455167.00","null","null",2,4,"Top","null","null",,,"null",,"null",,,,,,,"3.7700","1.7700","null","null","null","null","null","null",318625,"null","null","null","null","null","null","null","null","null","null","null","null","0.00",1,0,0,"null",28,"3"
"SI","2012-06-10","94.2","null","null","Joe Kelly",434622,523260,"null","called_strike",,,,,"8","null","R","R","R","STL","CLE","S","null","null",0,1,2012,"-1.8403583333333333","0.65436666666666666667","0.2450","2.0450","455167.00","null","null",2,4,"Top","null","null",,,"null",,"null",,,,,,,"3.7700","1.7700","null","null","null","null","null","null",318625,"null","null","null","null","null","null","null","null","null","null","null","null","null","null","null","null","null",28,"2"
"SI","2012-06-10","93.4","null","null","Joe Kelly",434622,523260,"null","called_strike",,,,,"8","null","R","R","R","STL","CLE","S","null","null",0,0,2012,"-1.3045666666666667","0.59846666666666666667","-0.0250","2.1010","455167.00","null","null",2,4,"Top","null","null",,,"null",,"null",,,,,,,"3.7700","1.7700","null","null","null","null","null","null",318625,"null","null","null","null","null","null","null","null","null","null","null","null","null","null","null","null","null",28,"1"
"SI","2012-06-10","90.9","null","null","Joe Kelly",453974,523260,"field_out","hit_into_play",,,,,"14","Lou Marson grounds out, third baseman David Freese to first baseman Matt Adams.    Shelley Duncan to 3rd.","R","R","R","STL","CLE","X","5","ground_ball",3,2,2012,"-1.3574500000000000","0.39923333333333333333","0.2930","1.4210","null","455167.00","null",1,4,"Top","110.44","181.73",,,"null",,"null",,,,,,,"3.3800","1.6200","null","null","null","null","null","null",318625,"null","null","null","null","null","null","null","null","null","null","null","null","0.00",1,0,0,"null",27,"6"
"SI","2012-06-10","91.5","null","null","Joe Kelly",453974,523260,"null","swinging_strike",,,,,"7","null","R","R","R","STL","CLE","S","null","null",3,1,2012,"-1.6274333333333333","0.61853333333333333333","-0.7480","1.5850","null","455167.00","null",1,4,"Top","null","null",,,"null",,"null",,,,,,,"3.3800","1.6200","null","null","null","null","null","null",318625,"null","null","null","null","null","null","null","null","null","null","null","null","null","null","null","null","null",27,"5"
"SI","2012-06-10","90.4","null","null","Joe Kelly",453974,523260,"null","called_strike",,,,,"13","null","R","R","R","STL","CLE","S","null","null",3,0,2012,"-1.2224583333333333","0.93386666666666666667","-1.0560","2.0050","null","455167.00","null",1,4,"Top","null","null",,,"null",,"null",,,,,,,"3.4600","1.6700","null","null","null","null","null","null",318625,"null","null","null","null","null","null","null","null","null","null","null","null","null","null","null","null","null",27,"4"
"SI","2012-06-10","91.4","null","null","Joe Kelly",453974,523260,"null","ball",,,,,"14","null","R","R","R","STL","CLE","B","null","null",2,0,2012,"-1.01788333333333333333","0.60276666666666666667","1.8520","0.7400","null","null","455167.00",1,4,"Top","null","null",,,"null",,"null",,,,,,,"3.3800","1.6200","null","null","null","null","null","null",318625,"null","null","null","null","null","null","null","null","null","null","null","null","null","null","null","null","null",27,"3"
"SI","2012-06-10","91.3","null","null","Joe Kelly",453974,523260,"null","ball",,,,,"14","null","R","R","R","STL","CLE","B","null","null",1,0,2012,"-1.5272333333333333","0.52536666666666666667","1.1450","1.1470","null","null","455167.00",1,4,"Top","null","null",,,"null",,"null",,,,,,,"3.3800","1.6200","null","null","null","null","null","null",318625,"null","null","null","null","null","null","null","null","null","null","null","null","null","null","null","null","null",27,"2"
"SI","2012-06-10","91.8","null","null","Joe Kelly",453974,523260,"null","ball",,,,,"13","null","R","R","R","STL","CLE","B","null","null",0,0,2012,"-1.10138333333333333333","0.55116666666666666667","-1.6820","2.3540","null","null","455167.00",1,4,"Top","null","null",,,"null",,"null",,,,,,,"3.3800","1.6200","null","null","null","null","null","null",318625,"null","null","null","null","null","null","null","null","null","null","null","null","null","null","null","null","null",27,"1"
"SI","2012-06-10","92.7","null","null","Joe Kelly",455167,523260,"single","hit_into_play_no_out",,,,,"9","Shelley Duncan singles on a line drive to center fielder Adron Chambers.","R","R","R","STL","CLE","X","null","line_drive",3,2,2012,"-1.10973333333333333333","0.71170000000000000000","0.5660","1.8980","null","null","null",1,4,"Top","126.51","77.31",,,"null",,"null",,,,,,,"3.3800","1.5900","null","null","null","null","null","null",318625,"null","null","null","null","null","null","null","null","null","null","null","null","0.90",1,1,0,"null",26,"6"
"SI","2012-06-10","90.9","null","null","Joe Kelly",455167,523260,"null","foul",,,,,"4","null","R","R","R","STL","CLE","S","null","null",3,1,2012,"-1.20575833333333333333","0.54400000000000000000","-0.6830","2.7650","null","null","null",1,4,"Top","null","null",,,"null",,"null",,,,,,,"3.3800","1.5900","null","null","null","null","null","null",318625,"null","null","null","null","null","null","null","null","null","null","null","null","null","null","null","null","null",26,"5"
"SI","2012-06-10","91.1","null","null","Joe Kelly",455167,523260,"null","called_strike",,,,,"4","null","R","R","R","STL","CLE","S","null","null",3,0,2012,"-1.19184166666666666667","0.62570000000000000000","-0.6200","2.8170","null","null","null",1,4,"Top","null","null",,,"null",,"null",,,,,,,"3.3800","1.5900","null","null","null","null","null","null",318625,"null","null","null","null","null","null","null","null","null","null","null","null","null","null","null","null","null",26,"4"
"SI","2012-06-10","91.7","null","null","Joe Kelly",455167,523260,"null","ball",,,,,"13","null","R","R","R","STL","CLE","B","null","null",2,0,2012,"-1.4562583333333333","0.54973333333333333333","-1.5680","1.4910","null","null","null",1,4,"Top","null","null",,,"null",,"null",,,,,,,"3.3800","1.5900","null","null","null","null","null","null",318625,"null","null","null","null","null","null","null","null","null","null","null","null","null","null","null","null","null",26,"3"
"CU","2012-06-10","77.8","null","null","Joe Kelly",455167,523260,"null","ball",,,,,"14","null","R","R","R","STL","CLE","B","null","null",1,0,2012,"0.56861666666666666667","-0.51380000000000000000","0.5580","0.1200","null","null","null",1,4,"Top","null","null",,,"null",,"null",,,,,,,"3.3800","1.5900","null","null","null","null","null","null",318625,"null","null","null","null","null","null","null","null","null","null","null","null","null","null","null","null","null",26,"2"
"CU","2012-06-10","77.3","null","null","Joe Kelly",455167,523260,"null","ball",,,,,"11","null","R","R","R","STL","CLE","B","null","null",0,0,2012,"1.0264750000000000","-0.78613333333333333333","-0.9640","3.4010","null","null","null",1,4,"Top","null","null",,,"null",,"null",,,,,,,"3.3800","1.5900","null","null","null","null","null","null",318625,"null","null","null","null","null","null","null","null","null","null","null","null","null","null","null","null","null",26,"1"
"SI","2012-06-10","91.6","null","null","Joe Kelly",430946,523260,"field_out","hit_into_play",,,,,"13","Jose Lopez pops out to second baseman Daniel Descalso.","R","R","R","STL","CLE","X","4","popup",1,1,2012,"-1.4395583333333333","0.96253333333333333333","-0.8760","2.0130","null","null","null",0,4,"Top","140.56","133.53",,,"null",,"null",,,,,,,"3.2400","1.5100","null","null","null","null","null","null",318625,"null","null","null","null","null","null","null","null","null","null","null","null","0.00",1,0,0,"null",25,"3"
"SI","2012-06-10","93.0","null","null","Joe Kelly",430946,523260,"null","ball",,,,,"14","null","R","R","R","STL","CLE","B","null","null",0,1,2012,"-1.16957500000000000000","0.94103333333333333333","1.2560","1.8900","null","null","null",0,4,"Top","null","null",,,"null",,"null",,,,,,,"3.2400","1.5100","null","null","null","null","null","null",318625,"null","null","null","null","null","null","null","null","null","null","null","null","null","null","null","null","null",25,"2"
"SI","2012-06-10","92.6","null","null","Joe Kelly",430946,523260,"null","called_strike",,,,,"5","null","R","R","R","STL","CLE","S","null","null",0,0,2012,"-1.12504166666666666667","0.93673333333333333333","0.0780","2.1030","null","null","null",0,4,"Top","null","null",,,"null",,"null",,,,,,,"3.2400","1.5100","null","null","null","null","null","null",318625,"null","null","null","null","null","null","null","null","null","null","null","null","null","null","null","null","null",25,"1"
"SI","2012-06-10","94.4","null","null","Joe Kelly",488726,523260,"field_out","hit_into_play",,,,,"14","Michael Brantley flies out to left fielder Allen Craig.","R","L","R","STL","CLE","X","7","fly_ball",0,2,2012,"-1.4757416666666667","0.83783333333333333333","0.3690","1.2480","null","null","543401.00",2,3,"Top","75.30","105.42",,,"null",,"null",,,,,,,"3.3300","1.5600","null","null","null","null","null","null",318625,"null","null","null","null","null","null","null","null","null","null","null","null","0.00",1,0,0,"null",21,"3"
"SI","2012-06-10","93.7","null","null","Joe Kelly",488726,523260,"null","foul",,,,,"4","null","R","L","R","STL","CLE","S","null","null",0,1,2012,"-1.2168916666666667","0.81203333333333333333","-0.4800","2.7610","null","null","543401.00",2,3,"Top","null","null",,,"null",,"null",,,,,,,"3.3300","1.5600","null","null","null","null","null","null",318625,"null","null","null","null","null","null","null","null","null","null","null","null","null","null","null","null","null",21,"2"
"CH","2012-06-10","83.7","null","null","Joe Kelly",488726,523260,"null","called_strike",,,,,"7","null","R","L","R","STL","CLE","S","null","null",0,0,2012,"-1.6524833333333333","0.55976666666666666667","-0.5580","1.5620","null","null","543401.00",2,3,"Top","null","null",,,"null",,"null",,,,,,,"3.3300","1.5600","null","null","null","null","null","null",318625,"null","null","null","null","null","null","null","null","null","null","null","null","null","null","null","null","null",21,"1"
"SI","2012-06-10","94.8","null","null","Joe Kelly",467793,523260,"sac_fly","hit_into_play_score",,,,,"13","Carlos Santana out on a sacrifice fly to left fielder Allen Craig.    Shin-Soo Choo scores.","R","L","R","STL","CLE","X","7","fly_ball",0,0,2012,"-1.6413500000000000","0.76043333333333333333","-1.1830","2.3360","425783.00","null","543401.00",1,3,"Top","52.21","123.49",,,"null",,"null",,,,,,,"3.3800","1.6000","null","null","null","null","null","null",318625,"null","null","null","null","null","null","null","null","null","null","null","null","0.00",1,0,0,"null",20,"1"
"SI","2012-06-10","95.5","null","null","Joe Kelly",543401,523260,"walk","ball",,,,,"14","Jason Kipnis walks.","R","L","R","STL","CLE","B","null","null",3,2,2012,"-1.4799166666666667","1.06430000000000000000","1.9530","2.1730","425783.00","null","null",1,3,"Top","null","null",,,"null",,"null",,,,,,,"3.3000","1.4800","null","null","null","null","null","null",318625,"null","null","null","null","null","null","null","null","null","null","null","null","0.70",1,0,0,"null",19,"7"
"SI","2012-06-10","93.9","null","null","Joe Kelly",543401,523260,"null","foul",,,,,"3","null","R","L","R","STL","CLE","S","null","null",3,2,2012,"-1.4423416666666667","0.56980000000000000000","0.8030","2.8770","425783.00","null","null",1,3,"Top","null","null",,,"null",,"null",,,,,,,"3.3000","1.4800","null","null","null","null","null","null",318625,"null","null","null","null","null","null","null","null","null","null","null","null","null","null","null","null","null",19,"6"
"CH","2012-06-10","81.9","null","null","Joe Kelly",543401,523260,"null","ball",,,,,"13","null","R","L","R","STL","CLE","B","null","null",2,2,2012,"-1.5007916666666667","0.14983333333333333333","-1.6030","1.8580","425783.00","null","null",1,3,"Top","null","null",,,"null",,"null",,,,,,,"3.3000","1.4800","null","null","null","null","null","null",318625,"null","null","null","null","null","null","null","null","null","null","null","null","null","null","null","null","null",19,"5"
"CU","2012-06-10","78.1","null","null","Joe Kelly",543401,523260,"null","foul",,,,,"9","null","R","L","R","STL","CLE","S","null","null",2,1,2012,"0.46563333333333333333","-0.85636666666666666667","0.6510","1.8910","425783.00","null","null",1,3,"Top","null","null",,,"null",,"null",,,,,,,"3.3000","1.4800","null","null","null","null","null","null",318625,"null","null","null","null","null","null","null","null","null","null","null","null","null","null","null","null","null",19,"4"
"CH","2012-06-10","82.0","null","null","Joe Kelly",543401,523260,"null","ball",,,,,"11","null","R","L","R","STL","CLE","B","null","null",1,1,2012,"-1.4479083333333333","0.07960000000000000000","-2.1030","2.8190","425783.00","null","null",1,3,"Top","null","null",,,"null",,"null",,,,,,,"3.3000","1.4800","null","null","null","null","null","null",318625,"null","null","null","null","null","null","null","null","null","null","null","null","null","null","null","null","null",19,"3"
"CH","2012-06-10","81.8","null","null","Joe Kelly",543401,523260,"null","called_strike",,,,,"11","null","R","L","R","STL","CLE","S","null","null",1,0,2012,"-1.6204750000000000","0.18423333333333333333","-0.8650","3.1400","425783.00","null","null",1,3,"Top","null","null",,,"null",,"null",,,,,,,"3.3000","1.4800","null","null","null","null","null","null",318625,"null","null","null","null","null","null","null","null","null","null","null","null","null","null","null","null","null",19,"2"
"SL","2012-06-10","80.2","null","null","Joe Kelly",543401,523260,"null","blocked_ball",,,,,"14","null","R","L","R","STL","CLE","B","null","null",0,0,2012,"0.28471666666666666667","-0.77323333333333333333","1.0850","0.8440","425783.00","null","null",1,3,"Top","null","null",,,"null",,"null",,,,,,,"3.3000","1.4800","null","null","null","null","null","null",318625,"null","null","null","null","null","null","null","null","null","null","null","null","null","null","null","null","null",19,"1"
"SI","2012-06-10","93.0","null","null","Joe Kelly",452678,523260,"field_out","hit_into_play",,,,,"4","Asdrubal Cabrera grounds out to first baseman Matt Adams.    Shin-Soo Choo to 3rd.","R","L","R","STL","CLE","X","3","ground_ball",1,1,2012,"-1.5870750000000000","0.73750000000000000000","-0.7310","2.5110","null","425783.00","null",0,3,"Top","147.59","168.67",,,"null",,"null",,,,,,,"3.3300","1.6000","null","null","null","null","null","null",318625,"null","null","null","null","null","null","null","null","null","null","null","null","0.00",1,0,0,"null",18,"3"
"CH","2012-06-10","83.4","null","null","Joe Kelly",452678,523260,"null","ball",,,,,"14","null","R","L","R","STL","CLE","B","null","null",0,1,2012,"-1.8111333333333333","0.57266666666666666667","0.5780","1.0820","null","425783.00","null",0,3,"Top","null","null",,,"null",,"null",,,,,,,"3.3300","1.6000","null","null","null","null","null","null",318625,"null","null","null","null","null","null","null","null","null","null","null","null","null","null","null","null","null",18,"2"
"SI","2012-06-10","93.9","null","null","Joe Kelly",452678,523260,"null","foul",,,,,"11","null","R","L","R","STL","CLE","S","null","null",0,0,2012,"-1.4840916666666667","0.52966666666666666667","-1.1200","2.5110","null","425783.00","null",0,3,"Top","null","null",,,"null",,"null",,,,,,,"3.3300","1.6000","null","null","null","null","null","null",318625,"null","null","null","null","null","null","null","null","null","null","null","null","null","null","null","null","null",18,"1"
"SI","2012-06-10","94.5","null","null","Joe Kelly",425783,523260,"double","hit_into_play_no_out",,,,,"7","Shin-Soo Choo hits a ground-rule double (16) on a fly ball to left field.","R","L","R","STL","CLE","X","null","fly_ball",0,0,2012,"-1.6928416666666667","0.78910000000000000000","-0.5930","1.9370","null","null","null",0,3,"Top","39.16","88.35",,,"null",,"null",,,,,,,"3.2600","1.5300","null","null","null","null","null","null",318625,"null","null","null","null","null","null","null","null","null","null","null","null","1.25",1,1,1,"null",17,"1"
"null","2012-06-10","null","null","null","Joe Kelly",434622,523260,"strikeout","called_strike",,,,,"null","Ubaldo Jimenez called out on strikes.","R","R","R","STL","CLE","S","null","null",1,2,2012,"null","null","null","null","null","null","455167.00",2,2,"Top","null","null",,,"null",,"null",,,,,,,"null","null","null","null","null","null","null","null",318625,"null","null","null","null","null","null","null","null","null","null","null","null","0.00",1,0,0,"null",13,"4"
"SL","2012-06-10","79.4","null","null","Joe Kelly",434622,523260,"null","ball",,,,,"1","null","R","R","R","STL","CLE","B","null","null",0,2,2012,"0.56861666666666666667","-1.1287000000000000","-0.6350","3.7330","null","null","455167.00",2,2,"Top","null","null",,,"null",,"null",,,,,,,"3.6200","1.7100","null","null","null","null","null","null",318625,"null","null","null","null","null","null","null","null","null","null","null","null","null","null","null","null","null",13,"3"
"SI","2012-06-10","94.9","null","null","Joe Kelly",434622,523260,"null","foul",,,,,"1","null","R","R","R","STL","CLE","S","null","null",0,1,2012,"-1.03597500000000000000","0.80343333333333333333","-0.4520","3.0120","null","null","455167.00",2,2,"Top","null","null",,,"null",,"null",,,,,,,"3.3800","1.6200","null","null","null","null","null","null",318625,"null","null","null","null","null","null","null","null","null","null","null","null","null","null","null","null","null",13,"2"
"CH","2012-06-10","83.4","null","null","Joe Kelly",434622,523260,"null","swinging_strike",,,,,"13","null","R","R","R","STL","CLE","S","null","null",0,0,2012,"-1.7791250000000000","0.69880000000000000000","-0.2180","1.4940","null","null","455167.00",2,2,"Top","null","null",,,"null",,"null",,,,,,,"3.3800","1.6200","null","null","null","null","null","null",318625,"null","null","null","null","null","null","null","null","null","null","null","null","null","null","null","null","null",13,"1"
"null","2012-06-10","null","null","null","Joe Kelly",453974,523260,"strikeout","swinging_strike",,,,,"null","Lou Marson strikes out swinging.","R","R","R","STL","CLE","S","null","null",2,2,2012,"null","null","null","null","null","null","455167.00",1,2,"Top","null","null",,,"null",,"null",,,,,,,"null","null","null","null","null","null","null","null",318625,"null","null","null","null","null","null","null","null","null","null","null","null","0.00",1,0,0,"null",12,"6"
"null","2012-06-10","null","null","null","Joe Kelly",453974,523260,"null","foul",,,,,"null","null","R","R","R","STL","CLE","S","null","null",2,2,2012,"null","null","null","null","null","null","455167.00",1,2,"Top","null","null",,,"null",,"null",,,,,,,"null","null","null","null","null","null","null","null",318625,"null","null","null","null","null","null","null","null","null","null","null","null","null","null","null","null","null",12,"5"
"SI","2012-06-10","93.7","null","null","Joe Kelly",453974,523260,"null","swinging_strike",,,,,"7","null","R","R","R","STL","CLE","S","null","null",2,1,2012,"-1.5606333333333333","0.69736666666666666667","-0.6740","1.6360","null","null","455167.00",1,2,"Top","null","null",,,"null",,"null",,,,,,,"3.3800","1.6200","null","null","null","null","null","null",318625,"null","null","null","null","null","null","null","null","null","null","null","null","null","null","null","null","null",12,"4"
"CH","2012-06-10","83.9","null","null","Joe Kelly",453974,523260,"null","ball",,,,,"13","null","R","R","R","STL","CLE","B","null","null",1,1,2012,"-1.4757416666666667","0.77476666666666666667","-2.6200","2.0990","null","null","455167.00",1,2,"Top","null","null",,,"null",,"null",,,,,,,"3.3800","1.6200","null","null","null","null","null","null",318625,"null","null","null","null","null","null","null","null","null","null","null","null","null","null","null","null","null",12,"3"
"SI","2012-06-10","94.9","null","null","Joe Kelly",453974,523260,"null","ball",,,,,"11","null","R","R","R","STL","CLE","B","null","null",0,1,2012,"-1.2294166666666667","0.98116666666666666667","-1.6380","2.6890","null","null","455167.00",1,2,"Top","null","null",,,"null",,"null",,,,,,,"3.3800","1.6200","null","null","null","null","null","null",318625,"null","null","null","null","null","null","null","null","null","null","null","null","null","null","null","null","null",12,"2"
"SI","2012-06-10","94.8","null","null","Joe Kelly",453974,523260,"null","called_strike",,,,,"11","null","R","R","R","STL","CLE","S","null","null",0,0,2012,"-1.4506916666666667","1.06143333333333333333","-0.8950","2.5400","null","null","455167.00",1,2,"Top","null","null",,,"null",,"null",,,,,,,"3.3800","1.6200","null","null","null","null","null","null",318625,"null","null","null","null","null","null","null","null","null","null","null","null","null","null","null","null","null",12,"1"
"SI","2012-06-10","93.7","null","null","Joe Kelly",455167,523260,"single","hit_into_play_no_out",,,,,"2","Shelley Duncan singles on a soft fly ball to right fielder Carlos Beltran.","R","R","R","STL","CLE","X","null","fly_ball",3,2,2012,"-1.5620250000000000","0.49956666666666666667","-0.1080","2.9590","null","null","null",1,2,"Top","175.70","110.44",,,"null",,"null",,,,,,,"3.3800","1.5900","null","null","null","null","null","null",318625,"null","null","null","null","null","null","null","null","null","null","null","null","0.90",1,1,0,"null",11,"7"
"SI","2012-06-10","94.8","null","null","Joe Kelly",455167,523260,"null","foul",,,,,"13","null","R","R","R","STL","CLE","S","null","null",3,2,2012,"-1.4284250000000000","0.60133333333333333333","-1.0720","2.3860","null","null","null",1,2,"Top","null","null",,,"null",,"null",,,,,,,"3.3800","1.5900","null","null","null","null","null","null",318625,"null","null","null","null","null","null","null","null","null","null","null","null","null","null","null","null","null",11,"6"
"SI","2012-06-10","93.7","null","null","Joe Kelly",455167,523260,"null","foul",,,,,"13","null","R","R","R","STL","CLE","S","null","null",3,1,2012,"-1.4214666666666667","0.61996666666666666667","-1.0170","2.0760","null","null","null",1,2,"Top","null","null",,,"null",,"null",,,,,,,"3.3800","1.5900","null","null","null","null","null","null",318625,"null","null","null","null","null","null","null","null","null","null","null","null","null","null","null","null","null",11,"5"
"SI","2012-06-10","94.4","null","null","Joe Kelly",455167,523260,"null","ball",,,,,"13","null","R","R","R","STL","CLE","B","null","null",2,1,2012,"-1.5926416666666667","0.59560000000000000000","-1.4820","2.2490","null","null","null",1,2,"Top","null","null",,,"null",,"null",,,,,,,"3.3800","1.5900","null","null","null","null","null","null",318625,"null","null","null","null","null","null","null","null","null","null","null","null","null","null","null","null","null",11,"4"
"SI","2012-06-10","92.6","null","null","Joe Kelly",455167,523260,"null","ball",,,,,"13","null","R","R","R","STL","CLE","B","null","null",1,1,2012,"-1.3435333333333333","0.54543333333333333333","-2.1950","2.1700","null","null","null",1,2,"Top","null","null",,,"null",,"null",,,,,,,"3.3800","1.5900","null","null","null","null","null","null",318625,"null","null","null","null","null","null","null","null","null","null","null","null","null","null","null","null","null",11,"3"
"SL","2012-06-10","80.3","null","null","Joe Kelly",455167,523260,"null","ball",,,,,"14","null","R","R","R","STL","CLE","B","null","null",0,1,2012,"0.67438333333333333333","-0.73740000000000000000","0.4720","0.1260","null","null","null",1,2,"Top","null","null",,,"null",,"null",,,,,,,"3.3800","1.5900","null","null","null","null","null","null",318625,"null","null","null","null","null","null","null","null","null","null","null","null","null","null","null","null","null",11,"2"
"SI","2012-06-10","94.8","null","null","Joe Kelly",455167,523260,"null","called_strike",,,,,"4","null","R","R","R","STL","CLE","S","null","null",0,0,2012,"-1.2725583333333333","0.76760000000000000000","-0.6460","2.2010","null","null","null",1,2,"Top","null","null",,,"null",,"null",,,,,,,"3.3800","1.5900","null","null","null","null","null","null",318625,"null","null","null","null","null","null","null","null","null","null","null","null","null","null","null","null","null",11,"1"
"SI","2012-06-10","93.7","null","null","Joe Kelly",430946,523260,"field_out","hit_into_play",,,,,"11","Jose Lopez flies out to left fielder Allen Craig.","R","R","R","STL","CLE","X","7","fly_ball",1,1,2012,"-1.3755416666666667","0.91666666666666666667","-1.3120","3.7110","null","null","null",0,2,"Top","60.24","98.39",,,"null",,"null",,,,,,,"3.2400","1.5100","null","null","null","null","null","null",318625,"null","null","null","null","null","null","null","null","null","null","null","null","0.00",1,0,0,"null",10,"3"
"SI","2012-06-10","94.0","null","null","Joe Kelly",430946,523260,"null","foul",,,,,"4","null","R","R","R","STL","CLE","S","null","null",1,0,2012,"-1.6079500000000000","0.87653333333333333333","-0.4540","2.1200","null","null","null",0,2,"Top","null","null",,,"null",,"null",,,,,,,"3.2400","1.5100","null","null","null","null","null","null",318625,"null","null","null","null","null","null","null","null","null","null","null","null","null","null","null","null","null",10,"2"
"SI","2012-06-10","93.9","null","null","Joe Kelly",430946,523260,"null","ball",,,,,"11","null","R","R","R","STL","CLE","B","null","null",0,0,2012,"-1.01927500000000000000","0.98116666666666666667","-1.3430","3.9210","null","null","null",0,2,"Top","null","null",,,"null",,"null",,,,,,,"3.2400","1.5100","null","null","null","null","null","null",318625,"null","null","null","null","null","null","null","null","null","null","null","null","null","null","null","null","null",10,"1"
"SI","2012-06-10","94.1","null","null","Joe Kelly",488726,523260,"field_out","hit_into_play",,,,,"13","Michael Brantley lines out to third baseman David Freese.","R","L","R","STL","CLE","X","5","line_drive",1,0,2012,"-1.4061583333333333","0.56263333333333333333","-1.2820","2.3900","452678.00","null","543401.00",2,1,"Top","104.42","170.68",,,"null",,"null",,,,,,,"3.3300","1.5600","null","null","null","null","null","null",318625,"null","null","null","null","null","null","null","null","null","null","null","null","0.00",1,0,0,"null",5,"2"
"CH","2012-06-10","81.7","null","null","Joe Kelly",488726,523260,"null","ball",,,,,"13","null","R","L","R","STL","CLE","B","null","null",0,0,2012,"-1.4813083333333333","-0.13683333333333333333","-1.8290","2.2300","452678.00","null","543401.00",2,1,"Top","null","null",,,"null",,"null",,,,,,,"3.3300","1.5600","null","null","null","null","null","null",318625,"null","null","null","null","null","null","null","null","null","null","null","null","null","null","null","null","null",5,"1"
"CH","2012-06-10","84.0","null","null","Joe Kelly",467793,523260,"strikeout","swinging_strike",,,,,"13","Carlos Santana strikes out swinging.","R","L","R","STL","CLE","S","null","null",0,2,2012,"-1.6176916666666667","0.32900000000000000000","-0.0910","1.1210","452678.00","null","543401.00",1,1,"Top","null","null",,,"null",,"null",,,,,,,"3.3800","1.6000","null","null","null","null","null","null",318625,"null","null","null","null","null","null","null","null","null","null","null","null","0.00",1,0,0,"null",4,"3"
"SI","2012-06-10","95.5","null","null","Joe Kelly",467793,523260,"null","called_strike",,,,,"13","null","R","L","R","STL","CLE","S","null","null",0,1,2012,"-1.5383666666666667","0.35050000000000000000","-1.2840","2.2420","452678.00","null","543401.00",1,1,"Top","null","null",,,"null",,"null",,,,,,,"3.2300","1.6100","null","null","null","null","null","null",318625,"null","null","null","null","null","null","null","null","null","null","null","null","null","null","null","null","null",4,"2"
"CH","2012-06-10","83.9","null","null","Joe Kelly",467793,523260,"null","swinging_strike",,,,,"7","null","R","L","R","STL","CLE","S","null","null",0,0,2012,"-1.4395583333333333","0.59846666666666666667","-0.5990","1.7260","452678.00","null","543401.00",1,1,"Top","null","null",,,"null",,"null",,,,,,,"3.3800","1.6000","null","null","null","null","null","null",318625,"null","null","null","null","null","null","null","null","null","null","null","null","null","null","null","null","null",4,"1"
"SI","2012-06-10","94.6","null","null","Joe Kelly",543401,523260,"single","hit_into_play_no_out",,,,,"7","Jason Kipnis singles on a ground ball to center fielder Adron Chambers.    Asdrubal Cabrera to 3rd.","R","L","R","STL","CLE","X","null","ground_ball",1,0,2012,"-1.8779333333333333","0.61996666666666666667","-0.3880","1.9050","null","null","452678.00",1,1,"Top","130.52","70.28",,,"null",,"null",,,,,,,"3.3000","1.4800","null","null","null","null","null","null",318625,"null","null","null","null","null","null","null","null","null","null","null","null","0.90",1,1,0,"null",3,"2"
"SI","2012-06-10","92.7","null","null","Joe Kelly",543401,523260,"null","ball",,,,,"14","null","R","L","R","STL","CLE","B","null","null",0,0,2012,"-1.9544750000000000","0.43936666666666666667","0.1790","0.8500","null","null","452678.00",1,1,"Top","null","null",,,"null",,"null",,,,,,,"3.3000","1.4800","null","null","null","null","null","null",318625,"null","null","null","null","null","null","null","null","null","null","null","null","null","null","null","null","null",3,"1"
"SI","2012-06-10","94.8","null","null","Joe Kelly",452678,523260,"single","hit_into_play_no_out",,,,,"4","Asdrubal Cabrera singles on a line drive to center fielder Adron Chambers.","R","L","R","STL","CLE","X","null","line_drive",0,0,2012,"-1.4660000000000000","0.58413333333333333333","-0.6730","2.2890","null","null","null",1,1,"Top","120.48","82.33",,,"null",,"null",,,,,,,"3.3300","1.6000","null","null","null","null","null","null",318625,"null","null","null","null","null","null","null","null","null","null","null","null","0.90",1,1,0,"null",2,"1"
"SI","2012-06-10","95.2","null","null","Joe Kelly",425783,523260,"field_out","hit_into_play",,,,,"1","Shin-Soo Choo flies out to left fielder Allen Craig.","R","L","R","STL","CLE","X","7","fly_ball",3,2,2012,"-1.4966166666666667","0.77046666666666666667","-0.4850","3.0430","null","null","null",0,1,"Top","67.27","88.35",,,"null",,"null",,,,,,,"3.2600","1.5300","null","null","null","null","null","null",318625,"null","null","null","null","null","null","null","null","null","null","null","null","0.00",1,0,0,"null",1,"6"
"SI","2012-06-10","95.2","null","null","Joe Kelly",425783,523260,"null","ball",,,,,"11","null","R","L","R","STL","CLE","B","null","null",2,2,2012,"-1.3560583333333333","0.33903333333333333333","-3.0940","3.1000","null","null","null",0,1,"Top","null","null",,,"null",,"null",,,,,,,"3.2600","1.5300","null","null","null","null","null","null",318625,"null","null","null","null","null","null","null","null","null","null","null","null","null","null","null","null","null",1,"5"
"SI","2012-06-10","97.0","null","null","Joe Kelly",425783,523260,"null","ball",,,,,"11","null","R","L","R","STL","CLE","B","null","null",1,2,2012,"-1.4479083333333333","0.40926666666666666667","-1.6420","2.8540","null","null","null",0,1,"Top","null","null",,,"null",,"null",,,,,,,"3.2600","1.5300","null","null","null","null","null","null",318625,"null","null","null","null","null","null","null","null","null","null","null","null","null","null","null","null","null",1,"4"
"SI","2012-06-10","96.0","null","null","Joe Kelly",425783,523260,"null","swinging_strike",,,,,"13","null","R","L","R","STL","CLE","S","null","null",1,1,2012,"-1.3268333333333333","0.39206666666666666667","-1.2180","2.2530","null","null","null",0,1,"Top","null","null",,,"null",,"null",,,,,,,"3.2600","1.5300","null","null","null","null","null","null",318625,"null","null","null","null","null","null","null","null","null","null","null","null","null","null","null","null","null",1,"3"
"SI","2012-06-10","92.5","null","null","Joe Kelly",425783,523260,"null","called_strike",,,,,"6","null","R","L","R","STL","CLE","S","null","null",1,0,2012,"-1.4061583333333333","0.54256666666666666667","0.3820","2.3420","null","null","null",0,1,"Top","null","null",,,"null",,"null",,,,,,,"3.2600","1.5300","null","null","null","null","null","null",318625,"null","null","null","null","null","null","null","null","null","null","null","null","null","null","null","null","null",1,"2"
"SI","2012-06-10","92.5","null","null","Joe Kelly",425783,523260,"null","ball",,,,,"11","null","R","L","R","STL","CLE","B","null","null",0,0,2012,"-1.20436666666666666667","0.87510000000000000000","-1.6510","2.2470","null","null","null",0,1,"Top","null","null",,,"null",,"null",,,,,,,"3.0700","1.4000","null","null","null","null","null","null",318625,"null","null","null","null","null","null","null","null","null","null","null","null","null","null","null","null","null",1,"1"