"pitch_type","game_date","release_speed","release_pos_x","release_pos_z","player_name","batter","pitcher","events","description","spin_dir","spin_rate_deprecated","break_angle_deprecated","break_length_deprecated","zone","des","game_type","stand","p_throws","home_team","away_team","type","hit_location","bb_type","balls","strikes","game_year","pfx_x","pfx_z","plate_x","plate_z","on_3b","on_2b","on_1b","outs_when_up","inning","inning_topbot","hc_x","hc_y","tfs_deprecated","tfs_zulu_deprecated","pos2_person_id","umpire","sv_id","vx0","vy0","vz0","ax","ay","az","sz_top","sz_bot","hit_distance_sc","launch_speed","launch_angle","effective_speed","release_spin_rate","release_extension","game_pk","pos1_person_id","pos2_person_id","pos3_person_id","pos4_person_id","pos5_person_id","pos6_person_id","pos7_person_id","pos8_person_id","pos9_person_id","release_pos_y","estimated_ba_using_speedangle","estimated_woba_using_speedangle","woba_value","woba_denom","babip_value","iso_value","launch_speed_angle","at_bat_number","pitch_number"
"FF","2016-08-16","91.8","3.5881","5.9611","Elvis Araujo",592626,542587,"walk","ball",,,,,"14","Joc Pederson walks.   Josh Reddick scores.    Adrian Gonzalez to 3rd.    Yasmani Grandal to 2nd.","R","L","L","PHI","LAD","B","null","null",3,1,2016,"0.47259166666666666667","1.5473333333333333","1.8630","2.7620","502210.00","408236.00","518735.00",1,7,"Top","null","null",,,519237,,"160816_213553",,,,,,,"3.8300","1.7900","null","null","null","91.1890","2315","6.5640",448638,542587,519237,429667,514917,596748,520471,571437,546318,488721,"53.9357","0.000","0.000","0.70",1,0,0,"null",56,"5"
"FF","2016-08-16","91.3","3.2108","6.2657","Elvis Araujo",592626,542587,"null","ball",,,,,"14","null","R","L","L","PHI","LAD","B","null","null",2,1,2016,"0.29028333333333333333","2.0576000000000000","1.1820","2.5560","502210.00","408236.00","518735.00",1,7,"Top","null","null",,,519237,,"160816_213530",,,,,,,"3.9000","2.1200","null","null","null","90.4160","2427","6.4140",448638,542587,519237,429667,514917,596748,520471,571437,546318,488721,"54.0851","0.000","0.000","null","null","null","null","null",56,"4"
"FF","2016-08-16","91.4","3.1102","6.2062","Elvis Araujo",592626,542587,"null","called_strike",,,,,"13","null","R","L","L","PHI","LAD","S","null","null",2,0,2016,"0.41275000000000000000","1.4556000000000000","-0.6200","1.6650","502210.00","408236.00","518735.00",1,7,"Top","null","null",,,519237,,"160816_213507",,,,,,,"3.8300","1.8300","null","null","null","91.0800","2269","6.7630",448638,542587,519237,429667,514917,596748,520471,571437,546318,488721,"53.7366","0.000","0.000","null","null","null","null","null",56,"3"
"SL","2016-08-16","83.6","3.5439","6.1345","Elvis Araujo",592626,542587,"null","blocked_ball",,,,,"13","null","R","L","L","PHI","LAD","B","null","null",1,0,2016,"-0.17314166666666666667","0.72603333333333333333","-1.2230","0.9410","502210.00","408236.00","518735.00",1,7,"Top","null","null",,,519237,,"160816_213440",,,,,,,"3.9700","1.9000","null","null","null","82.2130","null","6.1390",448638,542587,519237,429667,514917,596748,520471,571437,546318,488721,"54.3601","0.000","0.000","null","null","null","null","null",56,"2"
"FF","2016-08-16","91.6","3.2986","6.2841","Elvis Araujo",592626,542587,"null","ball",,,,,"12","null","R","L","L","PHI","LAD","B","null","null",0,0,2016,"0.23461666666666666667","1.5172333333333333","1.2700","3.7320","502210.00","408236.00","518735.00",1,7,"Top","null","null",,,519237,,"160816_213417",,,,,,,"4.1200","2.0900","null","null","null","90.8400","2330","6.4290",448638,542587,519237,429667,514917,596748,520471,571437,546318,488721,"54.0703","0.000","0.000","null","null","null","null","null",56,"1"
"SL","2016-08-16","83.4","3.7130","6.1510","Elvis Araujo",518735,542587,"walk","ball",,,,,"14","Yasmani Grandal walks.   Justin Turner scores.    Josh Reddick to 3rd.    Adrian Gonzalez to 2nd.","R","R","L","PHI","LAD","B","null","null",3,2,2016,"-0.25107500000000000000","0.75470000000000000000","1.0440","1.8900","457759.00","502210.00","408236.00",1,7,"Top","null","null",,,519237,,"160816_213330",,,,,,,"3.5300","1.5400","null","null","null","82.2730","2342","6.0320",448638,542587,519237,429667,514917,596748,520471,571437,546318,488721,"54.4677","0.000","0.000","0.70",1,0,0,"null",55,"6"
"FF","2016-08-16","92.4","3.6329","5.9364","Elvis Araujo",518735,542587,"null","swinging_strike",,,,,"12","null","R","R","L","PHI","LAD","S","null","null",3,1,2016,"0.51155833333333333333","1.5287000000000000","0.9930","3.0870","457759.00","502210.00","408236.00",1,7,"Top","null","null",,,519237,,"160816_213300",,,,,,,"3.3100","1.5400","null","null","null","91.5460","2318","6.4720",448638,542587,519237,429667,514917,596748,520471,571437,546318,488721,"54.0271","0.000","0.000","null","null","null","null","null",55,"5"
"FF","2016-08-16","91.7","3.3433","6.2142","Elvis Araujo",518735,542587,"null","called_strike",,,,,"3","null","R","R","L","PHI","LAD","S","null","null",3,0,2016,"0.45450000000000000000","1.6476666666666667","0.5360","3.4340","457759.00","502210.00","408236.00",1,7,"Top","null","null",,,519237,,"160816_213244",,,,,,,"3.6400","1.5400","null","null","null","91.4520","2266","6.6580",448638,542587,519237,429667,514917,596748,520471,571437,546318,488721,"53.8411","0.000","0.000","null","null","null","null","null",55,"4"
"SL","2016-08-16","83.4","3.2947","6.3650","Elvis Araujo",518735,542587,"null","blocked_ball",,,,,"13","null","R","R","L","PHI","LAD","B","null","null",2,0,2016,"-0.39580833333333333333","0.52250000000000000000","-1.1840","1.1170","457759.00","502210.00","408236.00",1,7,"Top","null","null",,,519237,,"160816_213221",,,,,,,"3.6400","1.5400","null","null","null","82.2260","null","6.0110",448638,542587,519237,429667,514917,596748,520471,571437,546318,488721,"54.4888","0.000","0.000","null","null","null","null","null",55,"3"
"FF","2016-08-16","92.2","3.7143","6.0306","Elvis Araujo",518735,542587,"null","ball",,,,,"12","null","R","R","L","PHI","LAD","B","null","null",1,0,2016,"0.55887500000000000000","1.5344333333333333","1.6280","3.2770","457759.00","502210.00","408236.00",1,7,"Top","null","null",,,519237,,"160816_213144",,,,,,,"3.6100","1.5400","null","null","null","91.4130","2270","6.3770",448638,542587,519237,429667,514917,596748,520471,571437,546318,488721,"54.1219","0.000","0.000","null","null","null","null","null",55,"2"
"SL","2016-08-16","84.8","3.6707","6.1331","Elvis Araujo",518735,542587,"null","ball",,,,,"14","null","R","R","L","PHI","LAD","B","null","null",0,0,2016,"-0.23298333333333333333","0.89230000000000000000","1.2060","1.6840","457759.00","502210.00","408236.00",1,7,"Top","null","null",,,519237,,"160816_213129",,,,,,,"3.6100","1.5400","null","null","null","83.6990","null","5.9010",448638,542587,519237,429667,514917,596748,520471,571437,546318,488721,"54.5985","0.000","0.000","null","null","null","null","null",55,"1"
"FF","2016-08-16","91.9","3.5403","6.2751","Elvis Araujo",408236,542587,"hit_by_pitch","hit_by_pitch",,,,,"12","Adrian Gonzalez hit by pitch.    Corey Seager scores.    Justin Turner to 3rd.    Josh Reddick to 2nd.","R","L","L","PHI","LAD","B","null","null",3,2,2016,"0.17616666666666666667","1.4097333333333333","2.3710","4.8130","608369.00","457759.00","502210.00",1,7,"Top","null","null",,,519237,,"160816_213047",,,,,,,"3.7200","1.8100","59","39.8","14.9490","91.6100","2221","6.3130",448638,542587,519237,429667,514917,596748,520471,571437,546318,488721,"54.1867","0.159","0.148","0.70",1,0,0,1,54,"7"
"SL","2016-08-16","83.5","3.5679","6.2356","Elvis Araujo",408236,542587,"null","foul",,,,,"14","null","R","L","L","PHI","LAD","S","null","null",3,2,2016,"-0.56280833333333333333","0.52536666666666666667","0.1800","0.9370","608369.00","457759.00","502210.00",1,7,"Top","null","null",,,519237,,"160816_213017",,,,,,,"3.7200","1.8100","null","null","null","82.3930","null","5.9060",448638,542587,519237,429667,514917,596748,520471,571437,546318,488721,"54.5932","0.000","0.000","null","null","null","null","null",54,"6"
"FF","2016-08-16","92.6","3.2472","6.3561","Elvis Araujo",408236,542587,"null","foul",,,,,"3","null","R","L","L","PHI","LAD","S","null","null",3,1,2016,"0.18730000000000000000","1.4240666666666667","0.5630","3.8030","608369.00","457759.00","502210.00",1,7,"Top","null","null",,,519237,,"160816_212949",,,,,,,"3.7200","1.8100","161","68.2","62.3930","92.1350","2243","6.3200",448638,542587,519237,429667,514917,596748,520471,571437,546318,488721,"54.1797","0.000","0.000","null","null","null","null",3,54,"5"
"SL","2016-08-16","86.3","3.8576","6.0529","Elvis Araujo",408236,542587,"null","blocked_ball",,,,,"13","null","R","L","L","PHI","LAD","B","null","null",2,1,2016,"0.06344166666666666667","1.03420000000000000000","-0.6860","0.7180","608369.00","457759.00","502210.00",1,7,"Top","null","null",,,519237,,"160816_212923",,,,,,,"3.9700","2.0900","null","null","null","84.1190","2447","5.9210",448638,542587,519237,429667,514917,596748,520471,571437,546318,488721,"54.5780","0.000","0.000","null","null","null","null","null",54,"4"
"FF","2016-08-16","92.1","3.4290","6.1142","Elvis Araujo",408236,542587,"null","ball",,,,,"11","null","R","L","L","PHI","LAD","B","null","null",1,1,2016,"0.58531666666666666667","1.4642000000000000","-1.5720","3.2940","608369.00","457759.00","502210.00",1,7,"Top","null","null",,,519237,,"160816_212902",,,,,,,"4.0100","2.0500","null","null","null","91.2240","2316","6.4410",448638,542587,519237,429667,514917,596748,520471,571437,546318,488721,"54.0588","0.000","0.000","null","null","null","null","null",54,"3"
"SL","2016-08-16","83.5","3.3844","6.3303","Elvis Araujo",408236,542587,"null","foul",,,,,"8","null","R","L","L","PHI","LAD","S","null","null",1,0,2016,"-0.28447500000000000000","0.27023333333333333333","-0.0120","1.8400","608369.00","457759.00","502210.00",1,7,"Top","null","null",,,519237,,"160816_212837",,,,,,,"3.7200","1.8100","null","null","null","82.4790","null","5.9980",448638,542587,519237,429667,514917,596748,520471,571437,546318,488721,"54.5013","0.000","0.000","null","null","null","null","null",54,"2"
"SL","2016-08-16","83.8","3.6590","6.0150","Elvis Araujo",408236,542587,"null","ball",,,,,"14","null","R","L","L","PHI","LAD","B","null","null",0,0,2016,"-0.23855000000000000000","0.43506666666666666667","1.4130","2.2890","608369.00","457759.00","502210.00",1,7,"Top","null","null",,,519237,,"160816_212820",,,,,,,"4.0100","2.0900","null","null","null","82.3980","null","5.7490",448638,542587,519237,429667,514917,596748,520471,571437,546318,488721,"54.7508","0.000","0.000","null","null","null","null","null",54,"1"
"SL","2016-08-16","83.7","3.5361","6.3004","Elvis Araujo",502210,542587,"force_out","hit_into_play",,,,,"9","Josh Reddick grounds into a force out, first baseman Ryan Howard to catcher Cameron Rupp.   Chase Utley out at home.    Corey Seager to 3rd.    Justin Turner to 2nd.    Josh Reddick to 1st.","R","L","L","PHI","LAD","X","3","ground_ball",0,0,2016,"-0.34014166666666666667","0.42216666666666666667","0.6920","2.1380","400284.00","608369.00","457759.00",0,7,"Top","144.16","170.23",,,519237,,"160816_212737",,,,,,,"3.3700","1.6200","12","72.6","-9.4090","81.9980","null","5.9060",448638,542587,519237,429667,514917,596748,520471,571437,546318,488721,"54.5930","0.101","0.096","0.00",1,0,0,2,53,"1"
"SL","2016-08-16","83.3","3.8873","6.0044","Elvis Araujo",457759,542587,"field_error","hit_into_play_no_out",,,,,"9","Justin Turner reaches on a fielding error by first baseman Ryan Howard.","R","R","L","PHI","LAD","X","3","line_drive",2,2,2016,"-0.53775833333333333333","0.33760000000000000000","0.5650","1.5990","400284.00","608369.00","null",0,7,"Top","149.23","164.12",,,519237,,"160816_212603",,,,,,,"3.6200","1.6300","153","97.3","7.2440","82.0080","null","5.9110",448638,542587,519237,429667,514917,596748,520471,571437,546318,488721,"54.5889","0.645","0.608","0.00",1,0,0,4,52,"5"
"FF","2016-08-16","92.8","3.3357","6.2027","Elvis Araujo",457759,542587,"null","swinging_strike",,,,,"7","null","R","R","L","PHI","LAD","S","null","null",2,1,2016,"0.74675000000000000000","1.7035666666666667","-0.3410","2.1720","400284.00","608369.00","null",0,7,"Top","null","null",,,519237,,"160816_212538",,,,,,,"3.6200","1.6300","null","null","null","91.7640","2303","6.2930",448638,542587,519237,429667,514917,596748,520471,571437,546318,488721,"54.2067","0.000","0.000","null","null","null","null","null",52,"4"
"SL","2016-08-16","84.3","3.6346","6.1520","Elvis Araujo",457759,542587,"null","called_strike",,,,,"9","null","R","R","L","PHI","LAD","S","null","null",2,0,2016,"-0.45565000000000000000","0.44510000000000000000","0.7240","1.7450","400284.00","608369.00","null",0,7,"Top","null","null",,,519237,,"160816_212521",,,,,,,"3.6800","1.6300","null","null","null","83.0560","null","5.7890",448638,542587,519237,429667,514917,596748,520471,571437,546318,488721,"54.7103","0.000","0.000","null","null","null","null","null",52,"3"
"SL","2016-08-16","84.3","3.6415","6.1543","Elvis Araujo",457759,542587,"null","ball",,,,,"13","null","R","R","L","PHI","LAD","B","null","null",1,0,2016,"-0.50575000000000000000","0.64146666666666666667","-0.5500","1.1420","400284.00","608369.00","null",0,7,"Top","null","null",,,519237,,"160816_212501",,,,,,,"3.6800","1.6300","null","null","null","82.8930","null","6.0300",448638,542587,519237,429667,514917,596748,520471,571437,546318,488721,"54.4696","0.000","0.000","null","null","null","null","null",52,"2"
"FF","2016-08-16","91.8","3.5177","6.1527","Elvis Araujo",457759,542587,"null","ball",,,,,"13","null","R","R","L","PHI","LAD","B","null","null",0,0,2016,"0.31115833333333333333","1.5186666666666667","-0.8620","2.3500","400284.00","608369.00","null",0,7,"Top","null","null",,,519237,,"160816_212442",,,,,,,"3.8300","1.6300","null","null","null","91.6370","2178","6.6570",448638,542587,519237,429667,514917,596748,520471,571437,546318,488721,"53.8422","0.000","0.000","null","null","null","null","null",52,"1"
"SL","2016-08-16","84.1","3.4294","6.1441","Elvis Araujo",608369,542587,"double","hit_into_play_no_out",,,,,"8","Corey Seager doubles (33) on a sharp line drive to right fielder Peter Bourjos.   Chase Utley to 3rd.","R","L","L","PHI","LAD","X","null","line_drive",1,2,2016,"-0.43199166666666666667","0.69880000000000000000","0.2290","1.7400","null","null","400284.00",0,7,"Top","198.98","103.59",,,519237,,"160816_212321",,,,,,,"3.6200","1.5900","225","108.9","11.1140","82.7950","null","5.9600",448638,542587,519237,429667,514917,596748,520471,571437,546318,488721,"54.5398","0.835","0.868","1.25",1,1,1,5,51,"6"
"FF","2016-08-16","92.1","3.3182","6.1828","Elvis Araujo",608369,542587,"null","foul",,,,,"4","null","R","L","L","PHI","LAD","S","null","null",1,2,2016,"0.37795833333333333333","1.5831666666666667","-0.3660","2.6570","null","null","400284.00",0,7,"Top","null","null",,,519237,,"160816_212301",,,,,,,"3.6200","1.5900","262","84.0","49.1850","91.8220","2265","6.8050",448638,542587,519237,429667,514917,596748,520471,571437,546318,488721,"53.6943","0.000","0.000","null","null","null","null",3,51,"5"
"SL","2016-08-16","84.4","3.5911","6.1633","Elvis Araujo",608369,542587,"null","foul",,,,,"14","null","R","L","L","PHI","LAD","S","null","null",1,2,2016,"-0.70615000000000000000","0.85216666666666666667","0.1810","1.3700","null","null","400284.00",0,7,"Top","null","null",,,519237,,"160816_212241",,,,,,,"3.6200","1.5900","null","null","null","83.2700","null","6.0080",448638,542587,519237,429667,514917,596748,520471,571437,546318,488721,"54.4912","0.000","0.000","null","null","null","null","null",51,"4"
"SL","2016-08-16","83.2","3.8174","6.0872","Elvis Araujo",608369,542587,"null","foul",,,,,"13","null","R","L","L","PHI","LAD","S","null","null",1,1,2016,"-0.77712500000000000000","0.20000000000000000000","-0.8530","2.5620","null","null","400284.00",0,7,"Top","null","null",,,519237,,"160816_212218",,,,,,,"3.6200","1.5900","193","69.5","52.3130","81.5360","null","5.8610",448638,542587,519237,429667,514917,596748,520471,571437,546318,488721,"54.6379","0.000","0.000","null","null","null","null",3,51,"3"
"SL","2016-08-16","82.3","3.9539","6.1250","Elvis Araujo",608369,542587,"null","ball",,,,,"12","null","R","L","L","PHI","LAD","B","null","null",0,1,2016,"-0.79382500000000000000","0.43650000000000000000","1.1580","3.1060","null","null","400284.00",0,7,"Top","null","null",,,519237,,"160816_212158",,,,,,,"3.9700","1.7900","null","null","null","80.7450","2480","5.7040",448638,542587,519237,429667,514917,596748,520471,571437,546318,488721,"54.7957","0.000","0.000","null","null","null","null","null",51,"2"
"SL","2016-08-16","83.9","3.7404","6.1377","Elvis Araujo",608369,542587,"null","swinging_strike",,,,,"4","null","R","L","L","PHI","LAD","S","null","null",0,0,2016,"-0.38189166666666666667","0.51963333333333333333","-0.5500","2.5680","null","null","400284.00",0,7,"Top","null","null",,,519237,,"160816_212123",,,,,,,"3.6200","1.5900","null","null","null","82.6590","null","5.9180",448638,542587,519237,429667,514917,596748,520471,571437,546318,488721,"54.5809","0.000","0.000","null","null","null","null","null",51,"1"
"FF","2016-08-16","91.1","3.4509","6.0626","Elvis Araujo",400284,542587,"walk","ball",,,,,"13","Chase Utley walks.","R","L","L","PHI","LAD","B","null","null",3,1,2016,"0.53104166666666666667","1.6620000000000000","-0.4170","1.1260","null","null","null",0,7,"Top","null","null",,,519237,,"160816_212051",,,,,,,"3.9700","1.9000","null","null","null","90.1410","2350","6.5290",448638,542587,519237,429667,514917,596748,520471,571437,546318,488721,"53.9701","0.000","0.000","0.70",1,0,0,"null",50,"5"
"FF","2016-08-16","92.5","3.4346","6.1965","Elvis Araujo",400284,542587,"null","called_strike",,,,,"7","null","R","L","L","PHI","LAD","S","null","null",3,0,2016,"0.76205833333333333333","1.7494333333333333","-0.6190","1.8020","null","null","null",0,7,"Top","null","null",,,519237,,"160816_212035",,,,,,,"3.9400","1.7900","null","null","null","91.7150","2364","6.5990",448638,542587,519237,429667,514917,596748,520471,571437,546318,488721,"53.9004","0.000","0.000","null","null","null","null","null",50,"4"
"FF","2016-08-16","90.7","3.4135","6.1031","Elvis Araujo",400284,542587,"null","ball",,,,,"13","null","R","L","L","PHI","LAD","B","null","null",2,0,2016,"0.67716666666666666667","1.7279333333333333","-1.5620","1.5760","null","null","null",0,7,"Top","null","null",,,519237,,"160816_212019",,,,,,,"3.9000","1.7900","null","null","null","89.8000","2340","6.5710",448638,542587,519237,429667,514917,596748,520471,571437,546318,488721,"53.9288","0.000","0.000","null","null","null","null","null",50,"3"
"FF","2016-08-16","91.1","3.6889","6.1622","Elvis Araujo",400284,542587,"null","ball",,,,,"14","null","R","L","L","PHI","LAD","B","null","null",1,0,2016,"0.74953333333333333333","1.7838333333333333","2.1300","2.7690","null","null","null",0,7,"Top","null","null",,,519237,,"160816_211959",,,,,,,"3.9700","1.9800","null","null","null","90.6060","2324","6.5780",448638,542587,519237,429667,514917,596748,520471,571437,546318,488721,"53.9212","0.000","0.000","null","null","null","null","null",50,"2"
"FF","2016-08-16","92.2","3.3793","6.0653","Elvis Araujo",400284,542587,"null","ball",,,,,"13","null","R","L","L","PHI","LAD","B","null","null",0,0,2016,"0.83025000000000000000","1.7824000000000000","-1.1670","1.4430","null","null","null",0,7,"Top","null","null",,,519237,,"160816_211941",,,,,,,"3.9700","2.0200","null","null","null","91.3510","2340","6.6560",448638,542587,519237,429667,514917,596748,520471,571437,546318,488721,"53.8433","0.000","0.000","null","null","null","null","null",50,"1"
"SL","2016-08-12","84.2","3.6520","6.3169","Elvis Araujo",518614,542587,"field_out","hit_into_play",,,,,"3","Daniel Descalso lines out to right fielder Peter Bourjos.","R","L","L","PHI","COL","X","9","line_drive",0,0,2016,"-0.11886666666666666667","0.75900000000000000000","0.5600","3.2850","null","null","460026.00",2,6,"Top","177.66","117.84",,,519237,,"160812_220053",,,,,,,"3.2800","1.5300","262","79.4","21.5680","82.9270","2360","5.8080",448587,542587,519237,429667,514917,596748,520471,571437,546318,488721,"54.6916","0.618","0.583","0.00",1,0,0,4,51,"1"
"SL","2016-08-12","83.4","3.5631","6.3688","Elvis Araujo",572019,542587,"field_out","hit_into_play",,,,,"14","Ben Paulsen flies out to center fielder Odubel Herrera.","R","L","L","PHI","COL","X","8","fly_ball",2,2,2016,"-0.34988333333333333333","0.62713333333333333333","0.0670","1.6050","null","null","460026.00",1,6,"Top","121.31","99.02",,,519237,,"160812_220013",,,,,,,"4.3000","2.1000","288","86.8","43.5350","81.9330","null","5.9210",448587,542587,519237,429667,514917,596748,520471,571437,546318,488721,"54.5785","0.006","0.007","0.00",1,0,0,3,50,"6"
"SL","2016-08-12","83.9","3.5022","6.3932","Elvis Araujo",572019,542587,"null","foul",,,,,"14","null","R","L","L","PHI","COL","S","null","null",2,2,2016,"-0.49461666666666666667","0.46373333333333333333","0.4100","1.1220","null","null","460026.00",1,6,"Top","null","null",,,519237,,"160812_215945",,,,,,,"4.3000","2.1000","null","null","null","82.9900","null","5.8600",448587,542587,519237,429667,514917,596748,520471,571437,546318,488721,"54.6398","0.000","0.000","null","null","null","null","null",50,"5"
"FF","2016-08-12","91.2","3.2621","6.3160","Elvis Araujo",572019,542587,"null","swinging_strike",,,,,"12","null","R","L","L","PHI","COL","S","null","null",2,1,2016,"0.37239166666666666667","1.7867000000000000","0.8480","3.6060","null","null","460026.00",1,6,"Top","null","null",,,519237,,"160812_215924",,,,,,,"4.3000","2.1000","null","null","null","90.6230","2267","6.2510",448587,542587,519237,429667,514917,596748,520471,571437,546318,488721,"54.2484","0.000","0.000","null","null","null","null","null",50,"4"
"SL","2016-08-12","86.4","3.4431","6.2569","Elvis Araujo",572019,542587,"null","blocked_ball",,,,,"13","null","R","L","L","PHI","COL","B","null","null",1,1,2016,"-0.28030000000000000000","0.79196666666666666667","-1.5120","0.5580","null","null","460026.00",1,6,"Top","null","null",,,519237,,"160812_215903",,,,,,,"4.3000","2.1000","null","null","null","84.8020","2483","6.0630",448587,542587,519237,429667,514917,596748,520471,571437,546318,488721,"54.4367","0.000","0.000","null","null","null","null","null",50,"3"
"SL","2016-08-12","85.0","3.4894","6.2496","Elvis Araujo",572019,542587,"null","ball",,,,,"13","null","R","L","L","PHI","COL","B","null","null",0,1,2016,"-0.21628333333333333333","0.67873333333333333333","-0.6800","0.9400","null","null","460026.00",1,6,"Top","null","null",,,519237,,"160812_215848",,,,,,,"4.3000","2.1000","null","null","null","83.9220","2453","6.1300",448587,542587,519237,429667,514917,596748,520471,571437,546318,488721,"54.3696","0.000","0.000","null","null","null","null","null",50,"2"
"FF","2016-08-12","93.0","3.4675","6.1908","Elvis Araujo",572019,542587,"null","called_strike",,,,,"7","null","R","L","L","PHI","COL","S","null","null",0,0,2016,"0.42527500000000000000","1.6104000000000000","-0.4110","2.4340","null","null","460026.00",1,6,"Top","null","null",,,519237,,"160812_215833",,,,,,,"4.3000","2.1000","null","null","null","92.4690","2347","6.5260",448587,542587,519237,429667,514917,596748,520471,571437,546318,488721,"53.9731","0.000","0.000","null","null","null","null","null",50,"1"
"FF","2016-08-12","91.8","3.1541","6.3340","Elvis Araujo",460026,542587,"single","hit_into_play_no_out",,,,,"5","Nick Hundley singles on a ground ball to left fielder Aaron Altherr.","R","R","L","PHI","COL","X","null","ground_ball",2,2,2016,"0.34873333333333333333","1.6362000000000000","-0.1660","2.3530","null","null","null",1,6,"Top","86.79","105.63",,,519237,,"160812_215757",,,,,,,"3.4900","1.5600","42","107.6","-0.4450","91.2340","2272","6.5110",448587,542587,519237,429667,514917,596748,520471,571437,546318,488721,"53.9883","0.548","0.511","0.90",1,1,0,4,49,"5"
"FF","2016-08-12","91.3","3.5412","6.3513","Elvis Araujo",460026,542587,"null","called_strike",,,,,"6","null","R","R","L","PHI","COL","S","null","null",2,1,2016,"0.37656666666666666667","1.6620000000000000","0.6850","2.1810","null","null","null",1,6,"Top","null","null",,,519237,,"160812_215738",,,,,,,"3.4900","1.5600","null","null","null","90.6870","2226","6.5150",448587,542587,519237,429667,514917,596748,520471,571437,546318,488721,"53.9844","0.000","0.000","null","null","null","null","null",49,"4"
"FF","2016-08-12","92.4","3.5189","6.1402","Elvis Araujo",460026,542587,"null","ball",,,,,"13","null","R","R","L","PHI","COL","B","null","null",1,1,2016,"0.51295000000000000000","1.6061000000000000","-1.7260","0.6810","null","null","null",1,6,"Top","null","null",,,519237,,"160812_215722",,,,,,,"3.4900","1.5600","null","null","null","91.5350","2312","6.5740",448587,542587,519237,429667,514917,596748,520471,571437,546318,488721,"53.9252","0.000","0.000","null","null","null","null","null",49,"3"
"FF","2016-08-12","91.9","3.5280","6.1438","Elvis Araujo",460026,542587,"null","foul",,,,,"4","null","R","R","L","PHI","COL","S","null","null",1,0,2016,"0.51990833333333333333","1.6605666666666667","-0.3470","2.7230","null","null","null",1,6,"Top","null","null",,,519237,,"160812_215702",,,,,,,"3.4900","1.5600","88","74.7","6.3400","91.0620","2313","6.4050",448587,542587,519237,429667,514917,596748,520471,571437,546318,488721,"54.0940","0.000","0.000","null","null","null","null",2,49,"2"
"FF","2016-08-12","91.7","3.5777","6.2977","Elvis Araujo",460026,542587,"null","ball",,,,,"12","null","R","R","L","PHI","COL","B","null","null",0,0,2016,"0.19565000000000000000","1.7093000000000000","2.0350","4.0910","null","null","null",1,6,"Top","null","null",,,519237,,"160812_215649",,,,,,,"3.4900","1.5600","null","null","null","90.6900","2280","6.1490",448587,542587,519237,429667,514917,596748,520471,571437,546318,488721,"54.3504","0.000","0.000","null","null","null","null","null",49,"1"
"SL","2016-08-12","84.5","3.8342","6.1254","Elvis Araujo",467827,542587,"field_out","hit_into_play",,,,,"5","Gerardo Parra pops out to third baseman Maikel Franco in foul territory.","R","L","L","PHI","COL","X","5","popup",2,1,2016,"-0.57672500000000000000","0.38920000000000000000","-0.0250","2.4030","null","null","null",0,6,"Top","98.47","191.08",,,519237,,"160812_215604",,,,,,,"3.3400","1.5100","null","80.0","69.0000","83.1910","2470","5.9280",448587,542587,519237,429667,514917,596748,520471,571437,546318,488721,"54.5711","0.000","0.001","0.00",1,0,0,3,48,"4"
"FF","2016-08-12","91.9","3.5375","6.1881","Elvis Araujo",467827,542587,"null","called_strike",,,,,"8","null","R","L","L","PHI","COL","S","null","null",2,0,2016,"0.48372500000000000000","1.4527333333333333","0.0750","1.7150","null","null","null",0,6,"Top","null","null",,,519237,,"160812_215547",,,,,,,"3.3400","1.5100","null","null","null","91.1120","2277","6.5380",448587,542587,519237,429667,514917,596748,520471,571437,546318,488721,"53.9615","0.000","0.000","null","null","null","null","null",48,"3"
"FF","2016-08-12","92.6","3.3178","6.2299","Elvis Araujo",467827,542587,"null","ball",,,,,"13","null","R","L","L","PHI","COL","B","null","null",1,0,2016,"0.47676666666666666667","1.26783333333333333333","-0.5410","1.1910","null","null","null",0,6,"Top","null","null",,,519237,,"160812_215532",,,,,,,"3.3400","1.5100","null","null","null","92.1770","2255","6.6500",448587,542587,519237,429667,514917,596748,520471,571437,546318,488721,"53.8497","0.000","0.000","null","null","null","null","null",48,"2"
"SL","2016-08-12","84.6","3.6639","6.1611","Elvis Araujo",467827,542587,"null","ball",,,,,"12","null","R","L","L","PHI","COL","B","null","null",0,0,2016,"-0.61569166666666666667","0.44796666666666666667","1.4620","2.8980","null","null","null",0,6,"Top","null","null",,,519237,,"160812_215508",,,,,,,"3.3400","1.5100","null","null","null","83.1570","2411","5.6940",448587,542587,519237,429667,514917,596748,520471,571437,546318,488721,"54.8058","0.000","0.000","null","null","null","null","null",48,"1"
"SL","2016-08-10","85.9","3.6658","6.0164","Elvis Araujo",592626,542587,"caught_stealing_home","swinging_strike",,,,,"4","With Joc Pederson batting, Josh Reddick caught stealing home, catcher Carlos Ruiz to shortstop Freddy Galvis to catcher Carlos Ruiz to third baseman Maikel Franco to shortstop Freddy Galvis.","R","L","L","LAD","PHI","S","null","null",0,1,2016,"-0.34153333333333333333","0.66583333333333333333","-0.4180","2.8900","502210.00","null","608369.00",2,6,"Bot","null","null",,,434563,,"160810_135635",,,,,,,"3.5700","1.6800","null","null","null","85.2510","2441","5.6940",448567,542587,434563,571830,514917,596748,520471,595963,571437,517370,"54.8058","0.000","0.000","0.00",0,0,0,"null",46,"2"
"FF","2016-08-10","92.7","3.4176","6.0785","Elvis Araujo",592626,542587,"null","called_strike",,,,,"6","null","R","L","L","LAD","PHI","S","null","null",0,0,2016,"0.36265000000000000000","1.6319000000000000","0.6210","2.5110","502210.00","null","608369.00",2,6,"Bot","null","null",,,434563,,"160810_135609",,,,,,,"3.6700","1.6800","null","null","null","92.4880","2253","6.3300",448567,542587,434563,571830,514917,596748,520471,595963,571437,517370,"54.1697","0.000","0.000","null","null","null","null","null",46,"1"
"CH","2016-08-10","87.4","3.6190","5.8315","Elvis Araujo",518735,542587,"field_out","hit_into_play",,,,,"8","Yasmani Grandal lines out to right fielder Jimmy Paredes.   Josh Reddick to 3rd.","R","R","L","LAD","PHI","X","9","line_drive",2,1,2016,"0.79406666666666666667","0.93673333333333333333","-0.0080","1.7700","null","502210.00","608369.00",1,6,"Bot","188.43","103.60",,,434563,,"160810_135504",,,,,,,"3.3600","1.5500","285","100.1","16.6160","87.2910","2093","6.6040",448567,542587,434563,571830,514917,596748,520471,595963,571437,517370,"53.8958","0.492","0.581","0.00",1,0,0,4,45,"4"
"FF","2016-08-10","92.5","3.4766","5.9913","Elvis Araujo",518735,542587,"null","called_strike",,,,,"9","null","R","R","L","LAD","PHI","S","null","null",2,0,2016,"0.51573333333333333333","1.4957333333333333","0.5860","1.6870","null","502210.00","608369.00",1,6,"Bot","null","null",,,434563,,"160810_135438",,,,,,,"3.3300","1.5500","null","null","null","92.4320","2290","6.2400",448567,542587,434563,571830,514917,596748,520471,595963,571437,517370,"54.2596","0.000","0.000","null","null","null","null","null",45,"3"
"SL","2016-08-10","85.9","3.5797","6.0992","Elvis Araujo",518735,542587,"null","ball",,,,,"9","null","R","R","L","LAD","PHI","B","null","null",1,0,2016,"-0.24968333333333333333","0.97830000000000000000","0.6310","1.6220","null","502210.00","608369.00",1,6,"Bot","null","null",,,434563,,"160810_135415",,,,,,,"3.3600","1.6100","null","null","null","84.8260","2530","5.7390",448567,542587,434563,571830,514917,596748,520471,595963,571437,517370,"54.7614","0.000","0.000","null","null","null","null","null",45,"2"
"CH","2016-08-10","87.5","3.5834","6.0728","Elvis Araujo",518735,542587,"null","ball",,,,,"14","null","R","R","L","LAD","PHI","B","null","null",0,0,2016,"0.77736666666666666667","0.81633333333333333333","1.8910","2.0150","null","502210.00","608369.00",1,6,"Bot","null","null",,,434563,,"160810_135316",,,,,,,"3.4300","1.5400","null","null","null","87.6530","2066","6.3640",448567,542587,434563,571830,514917,596748,520471,595963,571437,517370,"54.1358","0.000","0.000","null","null","null","null","null",45,"1"
"SL","2016-08-10","86.9","3.6270","6.0624","Elvis Araujo",408236,542587,"field_out","hit_into_play",,,,,"4","Adrian Gonzalez pops out to shortstop Freddy Galvis.","R","L","L","LAD","PHI","X","6","popup",1,2,2016,"-0.03397500000000000000","0.73606666666666666667","-0.7050","2.5580","null","502210.00","608369.00",0,6,"Bot","72.24","139.91",,,434563,,"160810_135225",,,,,,,"3.7200","1.8200","null","80.0","69.0000","85.8450","null","5.7340",448567,542587,434563,571830,514917,596748,520471,595963,571437,517370,"54.7656","0.000","0.001","0.00",1,0,0,3,44,"5"
"SL","2016-08-10","85.6","3.5151","6.0961","Elvis Araujo",408236,542587,"null","foul",,,,,"8","null","R","L","L","LAD","PHI","S","null","null",1,2,2016,"-0.37771666666666666667","0.67873333333333333333","-0.0930","1.7920","null","502210.00","608369.00",0,6,"Bot","null","null",,,434563,,"160810_135155",,,,,,,"3.7200","1.8200","1","64.0","-32.4030","84.2740","1275","5.7970",448567,542587,434563,571830,514917,596748,520471,595963,571437,517370,"54.7029","0.000","0.000","null","null","null","null",2,44,"4"
"FF","2016-08-10","92.2","3.1175","6.1480","Elvis Araujo",408236,542587,"null","ball",,,,,"13","null","R","L","L","LAD","PHI","B","null","null",0,2,2016,"0.20400000000000000000","1.4298000000000000","-1.6610","2.5440","null","502210.00","608369.00",0,6,"Bot","null","null",,,434563,,"160810_135133",,,,,,,"3.6200","1.8400","null","null","null","92.2900","2415","6.5010",448567,542587,434563,571830,514917,596748,520471,595963,571437,517370,"53.9990","0.000","0.000","null","null","null","null","null",44,"3"
"SL","2016-08-10","86.2","3.6295","6.0109","Elvis Araujo",408236,542587,"null","foul",,,,,"8","null","R","L","L","LAD","PHI","S","null","null",0,1,2016,"-0.04093333333333333333","1.02416666666666666667","0.0010","2.1690","null","502210.00","608369.00",0,6,"Bot","null","null",,,434563,,"160810_135102",,,,,,,"3.7200","1.8200","159","71.3","20.7250","85.2190","null","5.7550",448567,542587,434563,571830,514917,596748,520471,595963,571437,517370,"54.7449","0.000","0.000","null","null","null","null",4,44,"2"
"SL","2016-08-10","85.1","3.8473","6.1866","Elvis Araujo",408236,542587,"null","foul",,,,,"14","null","R","L","L","LAD","PHI","S","null","null",0,0,2016,"-0.49879166666666666667","0.64290000000000000000","1.1780","2.5290","null","502210.00","608369.00",0,6,"Bot","null","null",,,434563,,"160810_135024",,,,,,,"3.7200","1.8200","null","null","null","84.3370","null","5.6020",448567,542587,434563,571830,514917,596748,520471,595963,571437,517370,"54.8982","0.000","0.000","null","null","null","null","null",44,"1"
"FF","2016-08-10","91.9","3.4364","6.2863","Elvis Araujo",608369,542587,"hit_by_pitch","hit_by_pitch",,,,,"12","Corey Seager hit by pitch.    Josh Reddick to 2nd.","R","L","L","LAD","PHI","B","null","null",2,1,2016,"0.43223333333333333333","1.3796333333333333","1.4860","4.2030","null","null","502210.00",0,6,"Bot","null","null",,,434563,,"160810_134839",,,,,,,"3.6000","1.5800","91","54.5","15.4290","91.3590","2434","6.1640",448567,542587,434563,571830,514917,596748,520471,595963,571437,517370,"54.3363","0.132","0.128","0.70",1,0,0,1,43,"4"
"FF","2016-08-10","92.8","3.4488","5.9710","Elvis Araujo",608369,542587,"null","ball",,,,,"7","null","R","L","L","LAD","PHI","B","null","null",1,1,2016,"0.57696666666666666667","1.7365333333333333","-0.3340","1.7910","null","null","502210.00",0,6,"Bot","null","null",,,434563,,"160810_134802",,,,,,,"3.7200","1.6800","null","null","null","92.2850","2420","6.2270",448567,542587,434563,571830,514917,596748,520471,595963,571437,517370,"54.2734","0.000","0.000","null","null","null","null","null",43,"3"
"SL","2016-08-10","85.5","3.5987","5.9198","Elvis Araujo",608369,542587,"null","swinging_strike",,,,,"6","null","R","L","L","LAD","PHI","S","null","null",1,0,2016,"-0.70197500000000000000","0.81776666666666666667","0.5640","2.4880","null","null","502210.00",0,6,"Bot","null","null",,,434563,,"160810_134741",,,,,,,"3.6000","1.5800","null","null","null","84.4650","2619","5.7890",448567,542587,434563,571830,514917,596748,520471,595963,571437,517370,"54.7108","0.000","0.000","null","null","null","null","null",43,"2"
"FF","2016-08-10","92.1","3.1621","6.1760","Elvis Araujo",608369,542587,"null","ball",,,,,"11","null","R","L","L","LAD","PHI","B","null","null",0,0,2016,"0.39744166666666666667","1.4828333333333333","-0.0040","4.2800","null","null","502210.00",0,6,"Bot","null","null",,,434563,,"160810_134720",,,,,,,"3.6800","1.6900","null","null","null","91.3890","2392","6.0810",448567,542587,434563,571830,514917,596748,520471,595963,571437,517370,"54.4187","0.000","0.000","null","null","null","null","null",43,"1"
"FF","2016-08-10","90.8","3.2638","6.1503","Elvis Araujo",502210,542587,"single","hit_into_play_no_out",,,,,"7","Josh Reddick singles on a line drive to left fielder Tyler Goeddel.","R","L","L","LAD","PHI","X","null","line_drive",0,1,2016,"0.34177500000000000000","1.7981666666666667","-0.3330","1.7980","null","null","null",0,6,"Bot","91.61","130.22",,,434563,,"160810_134616",,,,,,,"3.3500","1.6200","255","87.0","15.9920","90.5840","2419","6.5160",448567,542587,434563,571830,514917,596748,520471,595963,571437,517370,"53.9843","0.818","0.787","0.90",1,1,0,4,42,"2"
"FF","2016-08-10","92.0","3.4600","6.2919","Elvis Araujo",502210,542587,"null","called_strike",,,,,"3","null","R","L","L","LAD","PHI","S","null","null",0,0,2016,"0.43362500000000000000","1.4943000000000000","0.6420","3.2410","null","null","null",0,6,"Bot","null","null",,,434563,,"160810_134600",,,,,,,"3.5400","1.6300","null","null","null","91.8430","2430","6.2020",448567,542587,434563,571830,514917,596748,520471,595963,571437,517370,"54.2978","0.000","0.000","null","null","null","null","null",42,"1"
"SL","2016-08-09","82.1","3.1705","6.3969","Elvis Araujo",592626,542587,"field_out","hit_into_play",,,,,"3","Joc Pederson pops out to second baseman Taylor Featherston.","R","L","L","LAD","PHI","X","4","popup",1,1,2016,"-0.49740000000000000000","0.52393333333333333333","0.4270","3.2150","null","null","518735.00",0,7,"Bot","152.12","127.80",,,519237,,"160809_215651",,,,,,,"3.5500","1.6800","205","76.8","52.4180","80.4510","null","5.3640",448551,542587,519237,429667,605227,596748,514917,605125,546318,571437,"55.1362","0.060","0.067","0.00",1,0,0,3,64,"3"
"FF","2016-08-09","91.2","3.0889","6.2842","Elvis Araujo",592626,542587,"null","called_strike",,,,,"8","null","R","L","L","LAD","PHI","S","null","null",1,0,2016,"0.47815833333333333333","1.8526333333333333","0.0030","2.1230","null","null","518735.00",0,7,"Bot","null","null",,,519237,,"160809_215636",,,,,,,"3.5700","1.6800","null","null","null","90.6370","2307","6.1900",448551,542587,519237,429667,605227,596748,514917,605125,546318,571437,"54.3103","0.000","0.000","null","null","null","null","null",64,"2"
"SL","2016-08-09","85.0","3.2382","6.3493","Elvis Araujo",592626,542587,"null","ball",,,,,"9","null","R","L","L","LAD","PHI","B","null","null",0,0,2016,"-0.62125833333333333333","0.81633333333333333333","0.4630","1.6220","null","null","518735.00",0,7,"Bot","null","null",,,519237,,"160809_215621",,,,,,,"3.7200","1.6800","null","null","null","83.7400","2482","5.5000",448551,542587,519237,429667,605227,596748,514917,605125,546318,571437,"55.0001","0.000","0.000","null","null","null","null","null",64,"1"
"SL","2016-08-09","82.3","3.2816","6.2989","Elvis Araujo",518735,542587,"walk","blocked_ball",,,,,"13","Yasmani Grandal walks.","R","R","L","LAD","PHI","B","null","null",3,1,2016,"-0.56976666666666666667","0.48236666666666666667","-1.1370","0.9820","null","null","null",0,7,"Bot","null","null",,,519237,,"160809_215536",,,,,,,"3.4600","1.5500","null","null","null","81.0180","null","5.5980",448551,542587,519237,429667,605227,596748,514917,605125,546318,571437,"54.9018","0.000","0.000","0.70",1,0,0,"null",63,"5"
"FF","2016-08-09","91.3","2.9888","6.3173","Elvis Araujo",518735,542587,"null","swinging_strike",,,,,"2","null","R","R","L","LAD","PHI","S","null","null",3,0,2016,"0.03700000000000000000","1.5831666666666667","-0.1540","2.8870","null","null","null",0,7,"Bot","null","null",,,519237,,"160809_215520",,,,,,,"3.4900","1.5500","null","null","null","90.6220","2397","6.1980",448551,542587,519237,429667,605227,596748,514917,605125,546318,571437,"54.3019","0.000","0.000","null","null","null","null","null",63,"4"
"FF","2016-08-09","90.3","3.3182","6.3818","Elvis Araujo",518735,542587,"null","ball",,,,,"12","null","R","R","L","LAD","PHI","B","null","null",2,0,2016,"0.35012500000000000000","1.4011333333333333","2.5750","4.0520","null","null","null",0,7,"Bot","null","null",,,519237,,"160809_215500",,,,,,,"3.4900","1.5500","null","null","null","89.4600","2375","6.0740",448551,542587,519237,429667,605227,596748,514917,605125,546318,571437,"54.4263","0.000","0.000","null","null","null","null","null",63,"3"
"SL","2016-08-09","82.9","3.1925","6.2973","Elvis Araujo",518735,542587,"null","ball",,,,,"13","null","R","R","L","LAD","PHI","B","null","null",1,0,2016,"-0.52940833333333333333","0.83496666666666666667","-0.9710","0.4590","null","null","null",0,7,"Bot","null","null",,,519237,,"160809_215441",,,,,,,"3.4300","1.5500","null","null","null","81.4950","null","5.7590",448551,542587,519237,429667,605227,596748,514917,605125,546318,571437,"54.7414","0.000","0.000","null","null","null","null","null",63,"2"
"FF","2016-08-09","91.1","3.1835","6.4076","Elvis Araujo",518735,542587,"null","ball",,,,,"12","null","R","R","L","LAD","PHI","B","null","null",0,0,2016,"0.29306666666666666667","1.18613333333333333333","1.8120","4.6360","null","null","null",0,7,"Bot","null","null",,,519237,,"160809_215424",,,,,,,"3.5500","1.5500","null","null","null","90.6490","2335","6.1480",448551,542587,519237,429667,605227,596748,514917,605125,546318,571437,"54.3520","0.000","0.000","null","null","null","null","null",63,"1"
"SL","2016-08-09","84.1","3.5449","6.1490","Elvis Araujo",408236,542587,"field_out","hit_into_play",,,,,"8","Adrian Gonzalez grounds out to first baseman Ryan Howard.","R","L","L","LAD","PHI","X","3","ground_ball",1,1,2016,"-0.14948333333333333333","1.06000000000000000000","-0.0730","2.2800","null","400284.00","608369.00",2,6,"Bot","155.15","167.74",,,519237,,"160809_213830",,,,,,,"3.7200","1.8200","10","89.7","-12.1920","82.6390","null","5.5700",448551,542587,519237,429667,605227,596748,514917,605125,546318,571437,"54.9301","0.159","0.148","0.00",1,0,0,2,57,"3"
"SL","2016-08-09","84.0","3.5305","6.2963","Elvis Araujo",408236,542587,"null","ball",,,,,"13","null","R","L","L","LAD","PHI","B","null","null",0,1,2016,"-0.88985000000000000000","1.2836000000000000","-0.7400","1.4840","null","400284.00","608369.00",2,6,"Bot","null","null",,,519237,,"160809_213809",,,,,,,"3.6700","1.8200","null","null","null","82.3850","null","5.5320",448551,542587,519237,429667,605227,596748,514917,605125,546318,571437,"54.9679","0.000","0.000","null","null","null","null","null",57,"2"
"FF","2016-08-09","92.0","3.2185","6.2340","Elvis Araujo",408236,542587,"null","called_strike",,,,,"6","null","R","L","L","LAD","PHI","S","null","null",0,0,2016,"0.34734166666666666667","1.7050000000000000","0.6490","3.0870","null","400284.00","608369.00",2,6,"Bot","null","null",,,519237,,"160809_213750",,,,,,,"3.6700","1.8200","null","null","null","91.5170","2382","6.4230",448551,542587,519237,429667,605227,596748,514917,605125,546318,571437,"54.0768","0.000","0.000","null","null","null","null","null",57,"1"
"FF","2016-08-09","91.9","3.0896","6.2767","Elvis Araujo",502210,542587,"field_out","hit_into_play",,,,,"1","Josh Reddick lines out to left fielder Cody Asche.","R","L","L","LAD","PHI","X","7","line_drive",1,1,2016,"0.46006666666666666667","1.7666333333333333","-0.4630","3.1580","null","400284.00","608369.00",1,6,"Bot","91.61","50.95",,,519237,,"160809_213703",,,,,,,"3.3200","1.6200","344","95.3","22.7940","90.8900","2315","6.1050",448551,542587,519237,429667,605227,596748,514917,605125,546318,571437,"54.3952","0.285","0.386","0.00",1,0,0,3,56,"3"
"SL","2016-08-09","85.2","3.3979","6.0357","Elvis Araujo",502210,542587,"null","ball",,,,,"13","null","R","L","L","LAD","PHI","B","null","null",0,1,2016,"-0.37910833333333333333","0.70740000000000000000","-0.9880","0.9660","null","400284.00","608369.00",1,6,"Bot","null","null",,,519237,,"160809_213643",,,,,,,"3.3500","1.6200","null","null","null","83.9010","null","5.7270",448551,542587,519237,429667,605227,596748,514917,605125,546318,571437,"54.7728","0.000","0.000","null","null","null","null","null",56,"2"
"FF","2016-08-09","92.5","3.3116","6.1319","Elvis Araujo",502210,542587,"null","swinging_strike",,,,,"4","null","R","L","L","LAD","PHI","S","null","null",0,0,2016,"0.66603333333333333333","1.9429333333333333","-0.3250","2.5580","null","400284.00","608369.00",1,6,"Bot","null","null",,,519237,,"160809_213624",,,,,,,"3.3900","1.6200","null","null","null","92.0080","2432","6.4260",448551,542587,519237,429667,605227,596748,514917,605125,546318,571437,"54.0742","0.000","0.000","null","null","null","null","null",56,"1"
"CH","2016-08-04","86.5","3.3304","6.1364","Elvis Araujo",456488,542587,"force_out","hit_into_play",,,,,"14","Eduardo Nunez grounds into a force out, fielded by second baseman Cesar Hernandez.   Hunter Pence out at 2nd.","R","R","L","PHI","SF","X","4","ground_ball",2,1,2016,"1.0139500000000000","1.07146666666666666667","0.9400","1.4290","null","null","452254.00",2,6,"Top","137.56","158.02",,,434563,,"160804_150525",,,,,,,"3.4100","1.6000","3","79.3","-27.8580","86.3660","2124","6.5550",448484,542587,434563,571830,514917,596748,520471,595963,571437,517370,"53.9445","0.067","0.062","0.00",1,0,0,2,45,"4"
"FF","2016-08-04","93.6","3.6584","6.2450","Elvis Araujo",456488,542587,"null","ball",,,,,"12","null","R","R","L","PHI","SF","B","null","null",1,1,2016,"0.58949166666666666667","1.7351000000000000","1.5570","3.2800","null","null","452254.00",2,6,"Top","null","null",,,434563,,"160804_150507",,,,,,,"3.4700","1.6200","null","null","null","93.4190","2414","6.7470",448484,542587,434563,571830,514917,596748,520471,595963,571437,517370,"53.7521","0.000","0.000","null","null","null","null","null",45,"3"
"FF","2016-08-04","92.5","3.4539","6.2556","Elvis Araujo",456488,542587,"null","called_strike",,,,,"8","null","R","R","L","PHI","SF","S","null","null",1,0,2016,"0.59366666666666666667","1.5100666666666667","-0.0990","2.1540","null","null","452254.00",2,6,"Top","null","null",,,434563,,"160804_150449",,,,,,,"3.5300","1.6500","null","null","null","92.3020","2388","6.7400",448484,542587,434563,571830,514917,596748,520471,595963,571437,517370,"53.7598","0.000","0.000","null","null","null","null","null",45,"2"
"FF","2016-08-04","93.4","3.7254","6.0743","Elvis Araujo",456488,542587,"null","ball",,,,,"14","null","R","R","L","PHI","SF","B","null","null",0,0,2016,"0.81633333333333333333","1.4613333333333333","0.2700","1.2900","null","null","452254.00",2,6,"Top","null","null",,,434563,,"160804_150430",,,,,,,"3.6000","1.7600","null","null","null","92.3640","2470","6.2480",448484,542587,434563,571830,514917,596748,520471,595963,571437,517370,"54.2510","0.000","0.000","null","null","null","null","null",45,"1"
"FF","2016-08-04","92.9","3.4804","6.3387","Elvis Araujo",474832,542587,"strikeout","swinging_strike",,,,,"5","Brandon Belt strikes out swinging.","R","L","L","PHI","SF","S","null","null",2,2,2016,"0.39605000000000000000","1.7035666666666667","0.0130","2.6560","null","null","452254.00",1,6,"Top","null","null",,,434563,,"160804_150350",,,,,,,"3.3900","1.6100","null","null","null","92.6580","2404","6.5110",448484,542587,434563,571830,514917,596748,520471,595963,571437,517370,"53.9884","0.000","0.000","0.00",1,0,0,"null",44,"5"
"SL","2016-08-04","87.5","3.6403","6.0994","Elvis Araujo",474832,542587,"null","foul",,,,,"7","null","R","L","L","PHI","SF","S","null","null",2,1,2016,"-0.15783333333333333333","0.68876666666666666667","-0.7650","1.7360","null","null","452254.00",1,6,"Top","null","null",,,434563,,"160804_150322",,,,,,,"3.3900","1.6100","5","68.7","-15.3660","86.5370","null","6.0210",448484,542587,434563,571830,514917,596748,520471,595963,571437,517370,"54.4787","0.000","0.000","null","null","null","null",2,44,"4"
"SL","2016-08-04","86.9","3.7963","6.3235","Elvis Araujo",474832,542587,"null","ball",,,,,"9","null","R","L","L","PHI","SF","B","null","null",1,1,2016,"-0.46956666666666666667","0.77190000000000000000","0.4040","1.9200","null","null","452254.00",1,6,"Top","null","null",,,434563,,"160804_150257",,,,,,,"3.5600","1.6700","null","null","null","86.1120","2521","6.2490",448484,542587,434563,571830,514917,596748,520471,595963,571437,517370,"54.2503","0.000","0.000","null","null","null","null","null",44,"3"
"FF","2016-08-04","93.7","3.2587","6.4880","Elvis Araujo",474832,542587,"null","ball",,,,,"13","null","R","L","L","PHI","SF","B","null","null",0,1,2016,"0.43780000000000000000","1.7881333333333333","-1.1310","1.9570","null","null","452254.00",1,6,"Top","null","null",,,434563,,"160804_150217",,,,,,,"3.5600","1.7100","null","null","null","93.0620","2472","6.6190",448484,542587,434563,571830,514917,596748,520471,595963,571437,517370,"53.8807","0.000","0.000","null","null","null","null","null",44,"2"
"FF","2016-08-04","88.2","3.8564","6.1866","Elvis Araujo",474832,542587,"null","foul",,,,,"4","null","R","L","L","PHI","SF","S","null","null",0,0,2016,"0.11632500000000000000","1.3696000000000000","-0.7200","2.3390","null","null","452254.00",1,6,"Top","null","null",,,434563,,"160804_150153",,,,,,,"3.3900","1.6100","null","null","null","86.8120","2548","6.1470",448484,542587,434563,571830,514917,596748,520471,595963,571437,517370,"54.3520","0.000","0.000","null","null","null","null","null",44,"1"
"SL","2016-08-04","86.5","3.8315","6.1278","Elvis Araujo",543063,542587,"field_out","hit_into_play",,,,,"6","Brandon Crawford flies out to center fielder Aaron Altherr.","R","L","L","PHI","SF","X","8","fly_ball",0,1,2016,"-0.46400000000000000000","0.53970000000000000000","0.4330","2.4910","null","null","452254.00",0,6,"Top","153.80","76.64",,,434563,,"160804_150111",,,,,,,"3.3900","1.5800","342","91.6","36.7210","85.8530","null","6.1500",448484,542587,434563,571830,514917,596748,520471,595963,571437,517370,"54.3491","0.049","0.084","0.00",1,0,0,3,43,"2"
"FF","2016-08-04","94.3","3.3640","6.3747","Elvis Araujo",543063,542587,"null","foul",,,,,"3","null","R","L","L","PHI","SF","S","null","null",0,0,2016,"0.57279166666666666667","1.6878000000000000","0.3880","3.0570","null","null","452254.00",0,6,"Top","null","null",,,434563,,"160804_150044",,,,,,,"3.3900","1.5800","186","78.2","67.0870","94.3160","2445","6.6410",448484,542587,434563,571830,514917,596748,520471,595963,571437,517370,"53.8585","0.000","0.000","null","null","null","null",3,43,"1"
"SL","2016-08-04","85.8","3.6822","6.2037","Elvis Araujo",452254,542587,"single","hit_into_play_no_out",,,,,"4","Hunter Pence singles on a line drive to left fielder Tyler Goeddel.","R","R","L","PHI","SF","X","null","line_drive",0,1,2016,"-0.47374166666666666667","0.74323333333333333333","-0.3290","2.5520","null","null","null",0,6,"Top","92.38","104.10",,,434563,,"160804_145935",,,,,,,"3.4700","1.6500","269","87.9","16.3070","85.4600","2558","5.9920",448484,542587,434563,571830,514917,596748,520471,595963,571437,517370,"54.5075","0.794","0.767","0.90",1,1,0,4,42,"2"
"FF","2016-08-04","92.8","3.5769","6.1775","Elvis Araujo",452254,542587,"null","foul",,,,,"9","null","R","R","L","PHI","SF","S","null","null",0,0,2016,"0.68969166666666666667","1.5745666666666667","0.5950","1.9290","null","null","null",0,6,"Top","null","null",,,434563,,"160804_145914",,,,,,,"3.4700","1.6500","null","null","null","93.0140","2360","6.7750",448484,542587,434563,571830,514917,596748,520471,595963,571437,517370,"53.7248","0.000","0.000","null","null","null","null","null",42,"1"
"FF","2016-06-24","92.3","3.3755","6.7467","Elvis Araujo",434636,542587,"single","hit_into_play_score",,,,,"7","Angel Pagan singles on a ground ball to center fielder Odubel Herrera, deflected by shortstop Freddy Galvis.   Brandon Belt scores.","R","R","L","SF","PHI","X","6","ground_ball",1,0,2016,"0.45728333333333333333","1.7910000000000000","-0.3110","2.0070","474832.00","null","null",2,7,"Bot","116.57","91.12",,,519237,,"160624_213804",,,,,,,"3.2200","1.5300","96","101.1","3.7010","92.6280","2451","6.6540",447969,542587,519237,429667,514917,596748,520471,605125,546318,488721,"53.8443","0.569","0.532","0.90",1,1,0,4,62,"2"
"FF","2016-06-24","92.5","3.5317","6.6729","Elvis Araujo",434636,542587,"null","blocked_ball",,,,,"13","null","R","R","L","SF","PHI","B","null","null",0,0,2016,"1.3368166666666667","1.24633333333333333333","-0.3840","0.6690","474832.00","null","null",2,7,"Bot","null","null",,,519237,,"160624_213743",,,,,,,"3.2200","1.6600","null","null","null","91.6480","2344","6.1340",447969,542587,519237,429667,514917,596748,520471,605125,546318,488721,"54.3648","0.000","0.000","null","null","null","null","null",62,"1"
"FF","2016-06-24","92.5","3.3056","6.8477","Elvis Araujo",543063,542587,"field_out","hit_into_play",,,,,"8","Brandon Crawford flies out to right fielder Peter Bourjos.   Brandon Belt to 3rd.","R","L","L","SF","PHI","X","9","fly_ball",1,0,2016,"0.56722500000000000000","2.1221000000000000","0.2520","1.7100","null","474832.00","null",1,7,"Bot","162.63","74.15",,,519237,,"160624_213644",,,,,,,"3.3600","1.5400","357","94.2","34.2970","91.5080","2464","6.1030",447969,542587,519237,429667,514917,596748,520471,605125,546318,488721,"54.3950","0.137","0.238","0.00",1,0,0,3,61,"2"
"FF","2016-06-24","92.3","3.2654","6.8391","Elvis Araujo",543063,542587,"null","blocked_ball",,,,,"13","null","R","L","L","SF","PHI","B","null","null",0,0,2016,"0.56861666666666666667","1.8884666666666667","-1.6940","0.9000","null","474832.00","null",1,7,"Bot","null","null",,,519237,,"160624_213621",,,,,,,"3.4400","1.6600","null","null","null","91.3290","2508","6.3350",447969,542587,519237,429667,514917,596748,520471,605125,546318,488721,"54.1638","0.000","0.000","null","null","null","null","null",61,"1"
"SL","2016-06-24","86.4","3.7527","6.7289","Elvis Araujo",474832,542587,"double","hit_into_play_score",,,,,"8","Brandon Belt doubles (21) on a fly ball to center fielder Odubel Herrera.   Trevor Brown scores.    Buster Posey scores.    Joe Panik scores.","R","L","L","SF","PHI","X","null","fly_ball",0,1,2016,"0.07179166666666666667","0.93243333333333333333","0.2020","1.8210","623143.00","457763.00","605412.00",1,7,"Bot","155.36","37.79",,,519237,,"160624_213523",,,,,,,"3.3300","1.5800","398","100.3","28.8530","85.6390","null","5.9460",447969,542587,519237,429667,514917,596748,520471,605125,546318,488721,"54.5521","0.612","1.118","1.25",1,1,1,6,60,"2"
"SL","2016-06-24","85.6","3.4332","6.7868","Elvis Araujo",474832,542587,"null","foul",,,,,"5","null","R","L","L","SF","PHI","S","null","null",0,0,2016,"-0.36797500000000000000","0.30033333333333333333","-0.0460","2.3950","623143.00","457763.00","605412.00",1,7,"Bot","null","null",,,519237,,"160624_213503",,,,,,,"3.3300","1.5800","118","62.8","13.3020","84.4460","1262","5.7670",447969,542587,519237,429667,514917,596748,520471,605125,546318,488721,"54.7315","0.000","0.000","null","null","null","null",2,60,"1"
"FF","2016-06-24","93.7","3.1102","6.8482","Elvis Araujo",605412,542587,"walk","ball",,,,,"12","Joe Panik walks.","R","L","L","SF","PHI","B","null","null",3,1,2016,"0.24714166666666666667","1.5100666666666667","0.3110","4.8430","623143.00","457763.00","null",1,7,"Bot","null","null",,,519237,,"160624_213353",,,,,,,"3.3000","1.4600","null","null","null","92.6640","2408","5.9310",447969,542587,519237,429667,514917,596748,520471,605125,546318,488721,"54.5672","0.000","0.000","0.70",1,0,0,"null",59,"5"
"SL","2016-06-24","84.9","3.5059","6.8490","Elvis Araujo",605412,542587,"null","blocked_ball",,,,,"13","null","R","L","L","SF","PHI","B","null","null",2,1,2016,"-0.44173333333333333333","0.77620000000000000000","-0.5470","0.9800","623143.00","457763.00","null",1,7,"Bot","null","null",,,519237,,"160624_213325",,,,,,,"3.2500","1.4600","null","null","null","84.0530","null","5.8770",447969,542587,519237,429667,514917,596748,520471,605125,546318,488721,"54.6217","0.000","0.000","null","null","null","null","null",59,"4"
"SL","2016-06-24","83.8","3.3400","6.8089","Elvis Araujo",605412,542587,"null","ball",,,,,"13","null","R","L","L","SF","PHI","B","null","null",1,1,2016,"-0.34849166666666666667","0.90520000000000000000","-0.0700","1.0940","623143.00","457763.00","null",1,7,"Bot","null","null",,,519237,,"160624_213305",,,,,,,"3.1900","1.4600","null","null","null","82.5070","null","5.7710",447969,542587,519237,429667,514917,596748,520471,605125,546318,488721,"54.7277","0.000","0.000","null","null","null","null","null",59,"3"
"FF","2016-06-24","92.5","3.2101","6.7987","Elvis Araujo",605412,542587,"null","foul",,,,,"5","null","R","L","L","SF","PHI","S","null","null",1,0,2016,"0.54635000000000000000","1.9257333333333333","0.1980","2.5910","623143.00","457763.00","null",1,7,"Bot","null","null",,,519237,,"160624_213238",,,,,,,"3.2500","1.4600","174","71.7","23.4910","92.5270","2481","6.6730",447969,542587,519237,429667,514917,596748,520471,605125,546318,488721,"53.8250","0.000","0.000","null","null","null","null",4,59,"2"
"SL","2016-06-24","86.1","3.2746","6.8334","Elvis Araujo",605412,542587,"null","blocked_ball",,,,,"13","null","R","L","L","SF","PHI","B","null","null",0,0,2016,"-0.13556666666666666667","0.69306666666666666667","-0.7790","0.9830","623143.00","457763.00","null",1,7,"Bot","null","null",,,519237,,"160624_213215",,,,,,,"3.2500","1.4000","null","null","null","85.0610","null","5.8240",447969,542587,519237,429667,514917,596748,520471,605125,546318,488721,"54.6741","0.000","0.000","null","null","null","null","null",59,"1"
"FF","2016-06-24","92.0","3.5217","6.8592","Elvis Araujo",452655,542587,"sac_bunt","hit_into_play",,,,,"11","Denard Span out on a sacrifice bunt, pitcher Elvis Araujo to second baseman Cesar Hernandez.   Trevor Brown to 3rd.    Buster Posey to 2nd.","R","L","L","SF","PHI","X","1","ground_ball",2,1,2016,"0.54217500000000000000","1.8139333333333333","-0.1480","3.9080","null","623143.00","457763.00",0,7,"Bot","117.18","187.48",,,519237,,"160624_213128",,,,,,,"3.3300","1.6300","null","41.0","-39.0000","91.4370","2351","6.0880",447969,542587,519237,429667,514917,596748,520471,605125,546318,488721,"54.4105","0.139","0.128","0.00",1,0,0,1,58,"4"
"SL","2016-06-24","86.0","3.5493","6.8616","Elvis Araujo",452655,542587,"null","blocked_ball",,,,,"14","null","R","L","L","SF","PHI","B","null","null",1,1,2016,"-0.40276666666666666667","0.55116666666666666667","0.0010","0.6820","null","623143.00","457763.00",0,7,"Bot","null","null",,,519237,,"160624_213033",,,,,,,"3.2600","1.6900","null","null","null","84.8590","2486","5.8270",447969,542587,519237,429667,514917,596748,520471,605125,546318,488721,"54.6712","0.000","0.000","null","null","null","null","null",58,"3"
"FF","2016-06-24","93.1","3.1132","6.9549","Elvis Araujo",452655,542587,"null","called_strike",,,,,"7","null","R","L","L","SF","PHI","S","null","null",1,0,2016,"0.31950833333333333333","1.7308000000000000","-0.7550","1.9600","null","623143.00","457763.00",0,7,"Bot","null","null",,,519237,,"160624_213005",,,,,,,"3.1900","1.6300","null","null","null","92.4950","2368","6.2540",447969,542587,519237,429667,514917,596748,520471,605125,546318,488721,"54.2439","0.000","0.000","null","null","null","null","null",58,"2"
"FF","2016-06-24","92.6","3.2846","6.7531","Elvis Araujo",452655,542587,"null","ball",,,,,"13","null","R","L","L","SF","PHI","B","null","null",0,0,2016,"0.27775833333333333333","1.9085333333333333","-1.2410","1.3450","null","623143.00","457763.00",0,7,"Bot","null","null",,,519237,,"160624_212941",,,,,,,"3.2300","1.7400","null","null","null","91.7030","2413","6.3420",447969,542587,519237,429667,514917,596748,520471,605125,546318,488721,"54.1568","0.000","0.000","null","null","null","null","null",58,"1"
"FF","2016-06-24","94.3","3.4590","6.5326","Elvis Araujo",457763,542587,"single","hit_into_play_no_out",,,,,"3","Buster Posey singles on a line drive to center fielder Odubel Herrera.   Trevor Brown to 2nd.","R","R","L","SF","PHI","X","null","line_drive",3,2,2016,"1.4801583333333333","1.08006666666666666667","0.3120","3.2490","null","null","623143.00",0,7,"Bot","145.05","86.88",,,519237,,"160624_212823",,,,,,,"3.4900","1.5900","284","101.4","15.4400","93.3120","2360","6.2420",447969,542587,519237,429667,514917,596748,520471,605125,546318,488721,"54.2559","0.606","0.667","0.90",1,1,0,4,57,"6"
"CH","2016-06-24","87.7","3.2268","6.5411","Elvis Araujo",457763,542587,"null","ball",,,,,"13","null","R","R","L","SF","PHI","B","null","null",2,2,2016,"1.2324416666666667","1.15173333333333333333","-0.9110","1.6490","null","null","623143.00",0,7,"Bot","null","null",,,519237,,"160624_212800",,,,,,,"3.4800","1.5900","null","null","null","87.6740","2204","6.7160",447969,542587,519237,429667,514917,596748,520471,605125,546318,488721,"53.7819","0.000","0.000","null","null","null","null","null",57,"5"
"FF","2016-06-24","94.0","3.5746","6.5009","Elvis Araujo",457763,542587,"null","ball",,,,,"14","null","R","R","L","SF","PHI","B","null","null",1,2,2016,"1.1378083333333333","1.18900000000000000000","1.6840","2.3070","null","null","623143.00",0,7,"Bot","null","null",,,519237,,"160624_212725",,,,,,,"3.4400","1.5900","null","null","null","93.3950","2266","6.0900",447969,542587,519237,429667,514917,596748,520471,605125,546318,488721,"54.4085","0.000","0.000","null","null","null","null","null",57,"4"
"FF","2016-06-24","94.2","3.4159","6.4806","Elvis Araujo",457763,542587,"null","foul",,,,,"12","null","R","R","L","SF","PHI","S","null","null",1,1,2016,"1.1030166666666667","1.07576666666666666667","1.2730","2.8500","null","null","623143.00",0,7,"Bot","null","null",,,519237,,"160624_212704",,,,,,,"3.4900","1.5900","null","null","null","94.3690","2343","6.6190",447969,542587,519237,429667,514917,596748,520471,605125,546318,488721,"53.8793","0.000","0.000","null","null","null","null","null",57,"3"
"FF","2016-06-24","92.3","3.3272","6.8209","Elvis Araujo",457763,542587,"null","swinging_strike",,,,,"6","null","R","R","L","SF","PHI","S","null","null",1,0,2016,"0.57418333333333333333","1.7021333333333333","0.3000","2.6710","null","null","623143.00",0,7,"Bot","null","null",,,519237,,"160624_212647",,,,,,,"3.4900","1.5900","null","null","null","91.5960","2458","6.0800",447969,542587,519237,429667,514917,596748,520471,605125,546318,488721,"54.4183","0.000","0.000","null","null","null","null","null",57,"2"
"CH","2016-06-24","87.3","3.1707","6.6619","Elvis Araujo",457763,542587,"null","ball",,,,,"14","null","R","R","L","SF","PHI","B","null","null",0,0,2016,"1.1405916666666667","1.12593333333333333333","0.2870","1.4270","null","null","623143.00",0,7,"Bot","null","null",,,519237,,"160624_212631",,,,,,,"3.5900","1.6600","null","null","null","87.2640","2061","6.4900",447969,542587,519237,429667,514917,596748,520471,605125,546318,488721,"54.0085","0.000","0.000","null","null","null","null","null",57,"1"
"SL","2016-06-19","85.7","3.1973","6.7226","Elvis Araujo",543302,542587,"double","hit_into_play_no_out",,,,,"14","Chris Herrmann hits a ground-rule double (4) on a ground ball to right field, on fan interference.","R","L","L","PHI","ARI","X","null","ground_ball",1,2,2016,"-0.48348333333333333333","0.86363333333333333333","0.1500","1.3780","null","null","null",1,8,"Top","189.84","137.67",,,519237,,"160619_155709",,,,,,,"3.6300","1.8200","76","82.6","5.1390","84.4920","2469","5.8080",447897,542587,519237,571830,433217,596748,520471,605125,546318,517370,"54.6915","0.385","0.362","1.25",1,1,1,2,59,"4"
"FF","2016-06-19","92.5","2.9307","6.8957","Elvis Araujo",543302,542587,"null","ball",,,,,"12","null","R","L","L","PHI","ARI","B","null","null",0,2,2016,"0.50042500000000000000","1.5817333333333333","1.3630","3.5550","null","null","null",1,8,"Top","null","null",,,519237,,"160619_155653",,,,,,,"3.6300","1.8200","null","null","null","91.6870","2310","6.1580",447897,542587,519237,571830,433217,596748,520471,605125,546318,517370,"54.3414","0.000","0.000","null","null","null","null","null",59,"3"
"SL","2016-06-19","84.7","3.0547","6.7993","Elvis Araujo",543302,542587,"null","swinging_strike",,,,,"13","null","R","L","L","PHI","ARI","S","null","null",0,1,2016,"-0.56002500000000000000","0.83640000000000000000","-0.2770","1.4970","null","null","null",1,8,"Top","null","null",,,519237,,"160619_155634",,,,,,,"3.6600","1.8900","null","null","null","82.9950","2621","5.7100",447897,542587,519237,571830,433217,596748,520471,605125,546318,517370,"54.7899","0.000","0.000","null","null","null","null","null",59,"2"
"SL","2016-06-19","87.2","3.1639","6.8310","Elvis Araujo",543302,542587,"null","called_strike",,,,,"7","null","R","L","L","PHI","ARI","S","null","null",0,0,2016,"-0.44312500000000000000","1.18900000000000000000","-0.6450","1.8500","null","null","null",1,8,"Top","null","null",,,519237,,"160619_155619",,,,,,,"3.7400","1.8500","null","null","null","86.0920","2516","5.9930",447897,542587,519237,571830,433217,596748,520471,605125,546318,517370,"54.5060","0.000","0.000","null","null","null","null","null",59,"1"
"SL","2016-06-19","86.0","2.9938","6.8073","Elvis Araujo",571875,542587,"strikeout","swinging_strike",,,,,"13","Jake Lamb strikes out swinging.","R","L","L","PHI","ARI","S","null","null",0,2,2016,"-0.68249166666666666667","0.94246666666666666667","-0.2260","1.2340","null","null","null",0,8,"Top","null","null",,,519237,,"160619_155546",,,,,,,"3.7000","1.8500","null","null","null","85.0500","2441","5.8990",447897,542587,519237,571830,433217,596748,520471,605125,546318,517370,"54.6004","0.000","0.000","0.00",1,0,0,"null",58,"3"
"SL","2016-06-19","83.3","3.0982","6.8538","Elvis Araujo",571875,542587,"null","swinging_strike",,,,,"14","null","R","L","L","PHI","ARI","S","null","null",0,1,2016,"-0.53219166666666666667","0.57840000000000000000","0.2410","0.9680","null","null","null",0,8,"Top","null","null",,,519237,,"160619_155526",,,,,,,"3.6100","1.6400","null","null","null","82.3110","2473","5.9080",447897,542587,519237,571830,433217,596748,520471,605125,546318,517370,"54.5911","0.000","0.000","null","null","null","null","null",58,"2"
"SL","2016-06-19","84.5","3.2322","6.8002","Elvis Araujo",571875,542587,"null","called_strike",,,,,"6","null","R","L","L","PHI","ARI","S","null","null",0,0,2016,"-0.51966666666666666667","0.92383333333333333333","0.6530","2.5190","null","null","null",0,8,"Top","null","null",,,519237,,"160619_155511",,,,,,,"3.7700","1.6400","null","null","null","83.6010","null","5.7540",447897,542587,519237,571830,433217,596748,520471,605125,546318,517370,"54.7450","0.000","0.000","null","null","null","null","null",58,"1"
"SL","2016-06-17","83.9","3.3497","6.9156","Elvis Araujo",456078,542587,"strikeout","swinging_strike",,,,,"14","Welington Castillo strikes out swinging.","R","R","L","PHI","ARI","S","null","null",2,2,2016,"-0.11747500000000000000","1.12306666666666666667","0.0300","1.2200","null","null","null",2,8,"Top","null","null",,,519237,,"160617_215206",,,,,,,"3.4900","1.5100","null","null","null","82.5110","2622","5.7410",447867,542587,519237,571830,514917,596748,520471,605125,546318,595963,"54.7583","0.000","0.000","0.00",1,0,0,"null",69,"5"
"FF","2016-06-17","90.9","3.0235","6.8875","Elvis Araujo",456078,542587,"null","called_strike",,,,,"8","null","R","R","L","PHI","ARI","S","null","null",2,1,2016,"0.42666666666666666667","2.1866000000000000","0.1800","1.4100","null","null","null",2,8,"Top","null","null",,,519237,,"160617_215147",,,,,,,"3.6800","1.5100","null","null","null","89.9630","2439","6.2870",447867,542587,519237,571830,514917,596748,520471,605125,546318,595963,"54.2126","0.000","0.000","null","null","null","null","null",69,"4"
"CH","2016-06-17","87.2","3.3677","6.5781","Elvis Araujo",456078,542587,"null","ball",,,,,"13","null","R","R","L","PHI","ARI","B","null","null",1,1,2016,"0.94715000000000000000","1.3581333333333333","-0.1700","1.0500","null","null","null",2,8,"Top","null","null",,,519237,,"160617_215131",,,,,,,"3.7500","1.5100","null","null","null","87.0380","2053","6.4820",447867,542587,519237,571830,514917,596748,520471,605125,546318,595963,"54.0173","0.000","0.000","null","null","null","null","null",69,"3"
"FF","2016-06-17","92.0","3.1694","6.8165","Elvis Araujo",456078,542587,"null","called_strike",,,,,"3","null","R","R","L","PHI","ARI","S","null","null",1,0,2016,"0.60201666666666666667","1.9773333333333333","0.6000","3.2000","null","null","null",2,8,"Top","null","null",,,519237,,"160617_215111",,,,,,,"3.6400","1.5100","null","null","null","91.2740","2354","6.3730",447867,542587,519237,571830,514917,596748,520471,605125,546318,595963,"54.1266","0.000","0.000","null","null","null","null","null",69,"2"
"FF","2016-06-17","93.1","3.0903","6.8823","Elvis Araujo",456078,542587,"null","ball",,,,,"1","null","R","R","L","PHI","ARI","B","null","null",0,0,2016,"0.37656666666666666667","1.7136000000000000","-0.7800","3.7100","null","null","null",2,8,"Top","null","null",,,519237,,"160617_215052",,,,,,,"3.7500","1.6500","null","null","null","92.4950","2517","6.2100",447867,542587,519237,571830,514917,596748,520471,605125,546318,595963,"54.2893","0.000","0.000","null","null","null","null","null",69,"1"
"SL","2016-06-17","84.5","3.4750","6.8700","Elvis Araujo",502671,542587,"home_run","hit_into_play_score",,,,,"6","Paul Goldschmidt homers (13) on a fly ball to left center field.","R","R","L","PHI","ARI","X","null","fly_ball",2,0,2016,"-0.41111666666666666667","0.55403333333333333333","0.3800","2.4200","null","null","null",2,8,"Top","52.44","47.13",,,519237,,"160617_215002",,,,,,,"3.6300","1.6400","406","103.7","35.1570","83.0540","2449","5.5760",447867,542587,519237,571830,514917,596748,520471,605125,546318,595963,"54.9229","0.670","1.314","2.00",1,0,3,6,68,"3"
"FF","2016-06-17","91.8","3.1935","6.8318","Elvis Araujo",502671,542587,"null","ball",,,,,"12","null","R","R","L","PHI","ARI","B","null","null",1,0,2016,"0.54635000000000000000","1.9572666666666667","1.1700","3.0900","null","null","null",2,8,"Top","null","null",,,519237,,"160617_214945",,,,,,,"3.6300","1.6400","null","null","null","91.4710","2315","6.4470",447867,542587,519237,571830,514917,596748,520471,605125,546318,595963,"54.0525","0.000","0.000","null","null","null","null","null",68,"2"
"FF","2016-06-17","91.4","3.4903","6.5919","Elvis Araujo",502671,542587,"null","ball",,,,,"14","null","R","R","L","PHI","ARI","B","null","null",0,0,2016,"0.9861166666666667","1.5358666666666667","0.9500","2.1300","null","null","null",2,8,"Top","null","null",,,519237,,"160617_214932",,,,,,,"3.6300","1.6400","null","null","null","91.5180","2120","6.6870",447867,542587,519237,571830,514917,596748,520471,605125,546318,595963,"53.8125","0.000","0.000","null","null","null","null","null",68,"1"
"FF","2016-06-17","91.1","3.2990","6.9054","Elvis Araujo",456422,542587,"field_out","hit_into_play",,,,,"3","Michael Bourn pops out to third baseman Maikel Franco in foul territory.","R","L","L","PHI","ARI","X","5","popup",1,0,2016,"0.15250833333333333333","2.0260666666666667","0.7200","3.2800","null","null","null",1,8,"Top","83.41","172.77",,,519237,,"160617_214853",,,,,,,"3.3000","1.4200","null","80.0","69.0000","90.4530","2287","5.9500",447867,542587,519237,571830,514917,596748,520471,605125,546318,595963,"54.5498","0.000","0.001","0.00",1,0,0,3,67,"2"
"FF","2016-06-17","91.0","3.1339","6.7419","Elvis Araujo",456422,542587,"null","ball",,,,,"13","null","R","L","L","PHI","ARI","B","null","null",0,0,2016,"0.55470000000000000000","2.0088666666666667","-0.7500","0.6300","null","null","null",1,8,"Top","null","null",,,519237,,"160617_214840",,,,,,,"3.6700","1.7500","null","null","null","90.6680","2326","6.6310",447867,542587,519237,571830,514917,596748,520471,605125,546318,595963,"53.8686","0.000","0.000","null","null","null","null","null",67,"1"
"FF","2016-06-17","90.2","2.7756","6.9806","Elvis Araujo",516416,542587,"field_out","hit_into_play",,,,,"5","Jean Segura grounds out, third baseman Maikel Franco to first baseman Tommy Joseph.","R","R","L","PHI","ARI","X","5","ground_ball",2,0,2016,"0.35986666666666666667","1.8827333333333333","0.2700","2.4500","null","null","null",0,8,"Top","108.28","168.70",,,519237,,"160617_214803",,,,,,,"3.2900","1.5100","4","78.2","-33.0350","89.7200","2212","6.2660",447867,542587,519237,571830,514917,596748,520471,605125,546318,595963,"54.2331","0.051","0.047","0.00",1,0,0,2,66,"3"
"FF","2016-06-17","91.3","3.3156","6.8633","Elvis Araujo",516416,542587,"null","ball",,,,,"14","null","R","R","L","PHI","ARI","B","null","null",1,0,2016,"0.31533333333333333333","2.0533000000000000","2.1500","2.4800","null","null","null",0,8,"Top","null","null",,,519237,,"160617_214750",,,,,,,"3.5300","1.6100","null","null","null","90.7130","2330","6.3250",447867,542587,519237,571830,514917,596748,520471,605125,546318,595963,"54.1747","0.000","0.000","null","null","null","null","null",66,"2"
"SL","2016-06-17","84.5","3.5029","6.8303","Elvis Araujo",516416,542587,"null","ball",,,,,"13","null","R","R","L","PHI","ARI","B","null","null",0,0,2016,"-0.25525000000000000000","1.14743333333333333333","-0.9300","1.0600","null","null","null",0,8,"Top","null","null",,,519237,,"160617_214736",,,,,,,"3.4500","1.5700","null","null","null","82.5010","2493","5.6880",447867,542587,519237,571830,514917,596748,520471,605125,546318,595963,"54.8113","0.000","0.000","null","null","null","null","null",66,"1"
"FF","2016-06-17","92.7","3.4677","6.5672","Elvis Araujo",594838,542587,"strikeout","swinging_strike",,,,,"14","Phil Gosselin strikes out swinging.","R","R","L","PHI","ARI","S","null","null",2,2,2016,"1.1266750000000000","1.4154666666666667","0.7400","1.3800","null","null","571875.00",2,7,"Top","null","null",,,519237,,"160617_213836",,,,,,,"3.3700","1.5800","null","null","null","92.2500","2289","6.4630",447867,542587,519237,571830,514917,596748,520471,605125,546318,595963,"54.0361","0.000","0.000","0.00",1,0,0,"null",62,"5"
"FF","2016-06-17","90.9","3.1919","6.8179","Elvis Araujo",594838,542587,"null","called_strike",,,,,"9","null","R","R","L","PHI","ARI","S","null","null",2,1,2016,"0.39605000000000000000","2.0619000000000000","0.8100","1.7200","null","null","571875.00",2,7,"Top","null","null",,,519237,,"160617_213821",,,,,,,"3.5700","1.5800","null","null","null","90.5410","2320","6.4760",447867,542587,519237,571830,514917,596748,520471,605125,546318,595963,"54.0239","0.000","0.000","null","null","null","null","null",62,"4"
"FF","2016-06-17","91.8","3.3201","6.8193","Elvis Araujo",594838,542587,"null","called_strike",,,,,"9","null","R","R","L","PHI","ARI","S","null","null",2,0,2016,"0.40718333333333333333","2.1364333333333333","0.2800","1.5400","null","null","571875.00",2,7,"Top","null","null",,,519237,,"160617_213806",,,,,,,"3.4500","1.5800","null","null","null","90.8950","2364","6.3660",447867,542587,519237,571830,514917,596748,520471,605125,546318,595963,"54.1332","0.000","0.000","null","null","null","null","null",62,"3"
"FF","2016-06-17","92.3","3.0638","6.8704","Elvis Araujo",594838,542587,"null","ball",,,,,"13","null","R","R","L","PHI","ARI","B","null","null",1,0,2016,"0.61454166666666666667","1.8053333333333333","-1.7200","1.4700","null","null","571875.00",2,7,"Top","null","null",,,519237,,"160617_213745",,,,,,,"3.5300","1.5800","null","null","null","91.4600","2341","6.3440",447867,542587,519237,571830,514917,596748,520471,605125,546318,595963,"54.1552","0.000","0.000","null","null","null","null","null",62,"2"
"CH","2016-06-17","87.5","3.3576","6.5918","Elvis Araujo",594838,542587,"null","ball",,,,,"14","null","R","R","L","PHI","ARI","B","null","null",0,0,2016,"1.1475500000000000","1.3581333333333333","1.1500","2.4300","null","null","571875.00",2,7,"Top","null","null",,,519237,,"160617_213729",,,,,,,"3.4900","1.5800","null","null","null","87.5230","2046","6.6190",447867,542587,519237,571830,514917,596748,520471,605125,546318,595963,"53.8804","0.000","0.000","null","null","null","null","null",62,"1"
"FF","2016-06-17","92.0","2.8211","6.8900","Elvis Araujo",605113,542587,"strikeout","called_strike",,,,,"7","Nick Ahmed called out on strikes.","R","R","L","PHI","ARI","S","null","null",0,2,2016,"0.36821666666666666667","1.9415000000000000","-0.2800","2.3000","null","null","571875.00",1,7,"Top","null","null",,,519237,,"160617_213653",,,,,,,"3.7100","1.6900","null","null","null","91.6620","2131","6.4040",447867,542587,519237,571830,514917,596748,520471,605125,546318,595963,"54.0949","0.000","0.000","0.00",1,0,0,"null",61,"3"
"FF","2016-06-17","92.4","3.0788","6.8072","Elvis Araujo",605113,542587,"null","called_strike",,,,,"9","null","R","R","L","PHI","ARI","S","null","null",0,1,2016,"0.32785833333333333333","1.8340000000000000","0.4000","2.3500","null","null","571875.00",1,7,"Top","null","null",,,519237,,"160617_213631",,,,,,,"3.7500","1.7900","null","null","null","92.2840","2257","6.5870",447867,542587,519237,571830,514917,596748,520471,605125,546318,595963,"53.9128","0.000","0.000","null","null","null","null","null",61,"2"
"CH","2016-06-17","87.9","3.1491","6.6632","Elvis Araujo",605113,542587,"null","swinging_strike",,,,,"12","null","R","R","L","PHI","ARI","S","null","null",0,0,2016,"1.0139500000000000","1.19903333333333333333","0.8800","3.0700","null","null","571875.00",1,7,"Top","null","null",,,519237,,"160617_213608",,,,,,,"3.6300","1.6900","null","null","null","87.6690","1944","6.5070",447867,542587,519237,571830,514917,596748,520471,605125,546318,595963,"53.9920","0.000","0.000","null","null","null","null","null",61,"1"
"FF","2016-06-17","92.0","2.7728","6.9577","Elvis Araujo",571875,542587,"walk","ball",,,,,"14","Jake Lamb walks.","R","L","L","PHI","ARI","B","null","null",3,2,2016,"0.36821666666666666667","1.9558333333333333","0.3500","1.0300","null","null","null",1,7,"Top","null","null",,,519237,,"160617_213529",,,,,,,"3.6700","1.9400","null","null","null","91.7670","2375","6.4670",447867,542587,519237,571830,514917,596748,520471,605125,546318,595963,"54.0321","0.000","0.000","0.70",1,0,0,"null",60,"6"
"FF","2016-06-17","91.5","3.0871","6.8962","Elvis Araujo",571875,542587,"null","foul",,,,,"6","null","R","L","L","PHI","ARI","S","null","null",3,1,2016,"0.27915000000000000000","1.9716000000000000","0.5200","2.7300","null","null","null",1,7,"Top","null","null",,,519237,,"160617_213508",,,,,,,"3.6000","1.6300","164","75.5","68.1160","90.9550","2252","6.2780",447867,542587,519237,571830,514917,596748,520471,605125,546318,595963,"54.2209","0.000","0.000","null","null","null","null",3,60,"5"
"SL","2016-06-17","84.4","3.4553","6.8255","Elvis Araujo",571875,542587,"null","ball",,,,,"14","null","R","L","L","PHI","ARI","B","null","null",2,1,2016,"-0.19401666666666666667","0.55260000000000000000","1.0300","1.9100","null","null","null",1,7,"Top","null","null",,,519237,,"160617_213451",,,,,,,"3.6400","1.7200","null","null","null","82.9310","2442","5.5510",447867,542587,519237,571830,514917,596748,520471,605125,546318,595963,"54.9480","0.000","0.000","null","null","null","null","null",60,"4"
"FF","2016-06-17","92.7","3.1905","6.8224","Elvis Araujo",571875,542587,"null","swinging_strike",,,,,"5","null","R","L","L","PHI","ARI","S","null","null",2,0,2016,"0.36543333333333333333","2.0432666666666667","0.0700","2.4400","null","null","null",1,7,"Top","null","null",,,519237,,"160617_213433",,,,,,,"3.6000","1.6300","null","null","null","92.2550","2319","6.3790",447867,542587,519237,571830,514917,596748,520471,605125,546318,595963,"54.1204","0.000","0.000","null","null","null","null","null",60,"3"
"FF","2016-06-17","93.3","3.3345","6.7756","Elvis Araujo",571875,542587,"null","ball",,,,,"13","null","R","L","L","PHI","ARI","B","null","null",1,0,2016,"0.68969166666666666667","1.7480000000000000","-0.3200","1.3100","null","null","null",1,7,"Top","null","null",,,519237,,"160617_213418",,,,,,,"3.7500","1.9000","null","null","null","92.1440","2312","6.1380",447867,542587,519237,571830,514917,596748,520471,605125,546318,595963,"54.3610","0.000","0.000","null","null","null","null","null",60,"2"
"SL","2016-06-17","85.3","3.4800","6.8074","Elvis Araujo",571875,542587,"null","ball",,,,,"14","null","R","L","L","PHI","ARI","B","null","null",0,0,2016,"-0.41807500000000000000","0.74753333333333333333","1.0000","2.2600","null","null","null",1,7,"Top","null","null",,,519237,,"160617_213404",,,,,,,"3.6700","1.9000","null","null","null","83.8700","null","5.6020",447867,542587,519237,571830,514917,596748,520471,605125,546318,595963,"54.8971","0.000","0.000","null","null","null","null","null",60,"1"
"FF","2016-06-17","93.0","3.1738","6.8591","Elvis Araujo",630111,542587,"strikeout","called_strike",,,,,"6","Yasmany Tomas called out on strikes.","R","R","L","PHI","ARI","S","null","null",3,2,2016,"0.36960833333333333333","1.9888000000000000","0.5700","2.6000","null","null","null",0,7,"Top","null","null",,,519237,,"160617_213331",,,,,,,"3.6800","1.7000","null","null","null","92.2220","2366","6.1700",447867,542587,519237,571830,514917,596748,520471,605125,546318,595963,"54.3296","0.000","0.000","0.00",1,0,0,"null",59,"6"
"FF","2016-06-17","92.6","3.2005","6.9112","Elvis Araujo",630111,542587,"null","swinging_strike",,,,,"2","null","R","R","L","PHI","ARI","S","null","null",3,1,2016,"0.11354166666666666667","1.7164666666666667","0.1600","3.1900","null","null","null",0,7,"Top","null","null",,,519237,,"160617_213313",,,,,,,"3.6500","1.7000","null","null","null","91.9490","2233","6.1850",447867,542587,519237,571830,514917,596748,520471,605125,546318,595963,"54.3141","0.000","0.000","null","null","null","null","null",59,"5"
"SL","2016-06-17","84.8","3.4258","6.9537","Elvis Araujo",630111,542587,"null","ball",,,,,"14","null","R","R","L","PHI","ARI","B","null","null",2,1,2016,"-0.18427500000000000000","0.87223333333333333333","1.6400","2.0600","null","null","null",0,7,"Top","null","null",,,519237,,"160617_213257",,,,,,,"3.6800","1.8000","null","null","null","83.2120","null","5.5230",447867,542587,519237,571830,514917,596748,520471,605125,546318,595963,"54.9760","0.000","0.000","null","null","null","null","null",59,"4"
"SL","2016-06-17","84.5","3.2774","6.9134","Elvis Araujo",630111,542587,"null","called_strike",,,,,"14","null","R","R","L","PHI","ARI","S","null","null",2,0,2016,"-0.07155000000000000000","0.89373333333333333333","0.5000","1.5700","null","null","null",0,7,"Top","null","null",,,519237,,"160617_213241",,,,,,,"3.7500","1.8700","null","null","null","83.2780","2534","5.6710",447867,542587,519237,571830,514917,596748,520471,605125,546318,595963,"54.8280","0.000","0.000","null","null","null","null","null",59,"3"
"FF","2016-06-17","92.7","3.0581","6.9507","Elvis Araujo",630111,542587,"null","ball",,,,,"11","null","R","R","L","PHI","ARI","B","null","null",1,0,2016,"0.24435833333333333333","1.7580333333333333","-1.7400","4.2900","null","null","null",0,7,"Top","null","null",,,519237,,"160617_213220",,,,,,,"3.8200","1.9100","null","null","null","92.0660","2334","6.1660",447867,542587,519237,571830,514917,596748,520471,605125,546318,595963,"54.3339","0.000","0.000","null","null","null","null","null",59,"2"
"FF","2016-06-17","91.9","2.9585","6.9606","Elvis Araujo",630111,542587,"null","ball",,,,,"11","null","R","R","L","PHI","ARI","B","null","null",0,0,2016,"0.51851666666666666667","1.7494333333333333","-1.1000","3.9100","null","null","null",0,7,"Top","null","null",,,519237,,"160617_213204",,,,,,,"3.8300","1.7000","null","null","null","90.8520","2268","6.1810",447867,542587,519237,571830,514917,596748,520471,605125,546318,595963,"54.3185","0.000","0.000","null","null","null","null","null",59,"1"
"FF","2016-06-17","92.2","3.3654","6.8126","Elvis Araujo",598284,542587,"home_run","hit_into_play_score",,,,,"6","Peter O'Brien homers (3) on a fly ball to left field.","R","R","L","PHI","ARI","X","null","fly_ball",1,0,2016,"0.28471666666666666667","2.0633333333333333","0.6000","2.5700","null","null","null",0,7,"Top","40.77","49.17",,,519237,,"160617_213117",,,,,,,"3.7600","1.7200","390","105.4","30.2230","91.0070","2268","6.1040",447867,542587,519237,571830,514917,596748,520471,605125,546318,595963,"54.3957","0.883","1.734","2.00",1,0,3,6,58,"2"
"FF","2016-06-17","93.8","2.9057","6.8804","Elvis Araujo",598284,542587,"null","ball",,,,,"11","null","R","R","L","PHI","ARI","B","null","null",0,0,2016,"0.49903333333333333333","1.8311333333333333","-0.3700","4.1400","null","null","null",0,7,"Top","null","null",,,519237,,"160617_213103",,,,,,,"3.9000","1.8700","null","null","null","92.0800","2461","6.2570",447867,542587,519237,571830,514917,596748,520471,605125,546318,595963,"54.2425","0.000","0.000","null","null","null","null","null",58,"1"
"FF","2016-06-17","90.5","3.1561","6.9218","Elvis Araujo",456078,542587,"home_run","hit_into_play_score",,,,,"6","Welington Castillo homers (8) on a fly ball to center field.","R","R","L","PHI","ARI","X","null","fly_ball",0,1,2016,"0.28471666666666666667","1.8856000000000000","0.3000","2.6100","null","null","null",0,7,"Top","133.67","14.58",,,519237,,"160617_213012",,,,,,,"3.4900","1.5100","438","106.4","26.3040","89.5940","2264","6.0850",447867,542587,519237,571830,514917,596748,520471,605125,546318,595963,"54.4148","0.948","1.832","2.00",1,0,3,6,57,"2"
"FF","2016-06-17","91.5","2.8096","6.9964","Elvis Araujo",456078,542587,"null","called_strike",,,,,"9","null","R","R","L","PHI","ARI","S","null","null",0,0,2016,"0.12050000000000000000","2.0045666666666667","0.3400","1.7600","null","null","null",0,7,"Top","null","null",,,519237,,"160617_212957",,,,,,,"3.6800","1.4300","null","null","null","90.5850","2183","6.1050",447867,542587,519237,571830,514917,596748,520471,605125,546318,595963,"54.3943","0.000","0.000","null","null","null","null","null",57,"1"
"FF","2016-06-15","94.0","3.1781","6.8023","Elvis Araujo",429665,542587,"field_out","hit_into_play",,,,,"9","Edwin Encarnacion grounds out softly, pitcher Elvis Araujo to first baseman Tommy Joseph.","R","R","L","PHI","TOR","X","1","ground_ball",1,1,2016,"0.51712500000000000000","1.5029000000000000","0.6820","2.1590","null","null","518626.00",2,9,"Top","118.10","185.49",,,"null",,"160615_214953",,,,,,,"3.5100","1.5800","null","83.0","-21.0000","null","null","null",447856,"null","null","null","null","null","null","null","null","null","54.0740","0.075","0.069","0.00",1,0,0,2,70,"3"
"FF","2016-06-15","91.9","2.8957","6.7567","Elvis Araujo",429665,542587,"null","ball",,,,,"13","null","R","R","L","PHI","TOR","B","null","null",0,1,2016,"0.57000833333333333333","1.5229666666666667","-1.5130","1.8440","null","null","518626.00",2,9,"Top","null","null",,,434563,,"160615_214938",,,,,,,"3.9100","1.6900","null","null","null","91.3660","2318","6.5100",447856,542587,434563,571830,514917,433217,520471,605125,546318,517370,"53.9893","0.000","0.000","null","null","null","null","null",70,"2"
"SL","2016-06-15","85.0","3.1881","6.8291","Elvis Araujo",429665,542587,"null","called_strike",,,,,"5","null","R","R","L","PHI","TOR","S","null","null",0,0,2016,"-0.09660000000000000000","0.99980000000000000000","0.1710","2.6670","null","null","518626.00",2,9,"Top","null","null",,,434563,,"160615_214924",,,,,,,"3.9100","1.6200","null","null","null","83.2160","null","5.5900",447856,542587,434563,571830,514917,433217,520471,605125,546318,517370,"54.9096","0.000","0.000","null","null","null","null","null",70,"1"
"CH","2016-06-15","87.2","3.0688","6.5923","Elvis Araujo",518626,542587,"single","hit_into_play_no_out",,,,,"14","Josh Donaldson singles on a ground ball to third baseman Andres Blanco.","R","R","L","PHI","TOR","X","null","ground_ball",1,2,2016,"1.0849250000000000","1.10300000000000000000","0.0380","1.2820","null","null","null",2,9,"Top","96.78","169.21",,,434563,,"160615_214839",,,,,,,"3.5300","1.6200","10","73.5","-8.8300","86.7990","2000","6.5590",447856,542587,434563,571830,514917,433217,520471,605125,546318,517370,"53.9400","0.101","0.096","0.90",1,1,0,2,69,"4"
"FF","2016-06-15","93.7","3.0284","6.8222","Elvis Araujo",518626,542587,"null","foul",,,,,"5","null","R","R","L","PHI","TOR","S","null","null",1,1,2016,"0.9610666666666667","1.9916666666666667","-0.1700","2.5770","null","null","null",2,9,"Top","null","null",,,434563,,"160615_214818",,,,,,,"3.5300","1.6200","null","null","null","92.6820","2351","6.3040",447856,542587,434563,571830,514917,433217,520471,605125,546318,517370,"54.1952","0.000","0.000","null","null","null","null","null",69,"3"
"FF","2016-06-15","92.5","2.9941","6.8950","Elvis Araujo",518626,542587,"null","swinging_strike",,,,,"2","null","R","R","L","PHI","TOR","S","null","null",1,0,2016,"0.51155833333333333333","2.0160333333333333","0.0710","3.4580","null","null","null",2,9,"Top","null","null",,,434563,,"160615_214800",,,,,,,"3.5300","1.6200","null","null","null","91.7470","2237","6.2110",447856,542587,434563,571830,514917,433217,520471,605125,546318,517370,"54.2880","0.000","0.000","null","null","null","null","null",69,"2"
"FF","2016-06-15","93.2","3.5250","6.8313","Elvis Araujo",518626,542587,"null","ball",,,,,"12","null","R","R","L","PHI","TOR","B","null","null",0,0,2016,"0.32507500000000000000","2.1149333333333333","1.8370","4.7420","null","null","null",2,9,"Top","null","null",,,434563,,"160615_214744",,,,,,,"3.8000","1.8000","null","null","null","92.1640","2223","6.1080",447856,542587,434563,571830,514917,433217,520471,605125,546318,517370,"54.3915","0.000","0.000","null","null","null","null","null",69,"1"
"SL","2016-06-15","83.6","3.3005","6.7744","Elvis Araujo",430832,542587,"strikeout","swinging_strike",,,,,"13","Jose Bautista strikes out swinging.","R","R","L","PHI","TOR","S","null","null",2,2,2016,"-0.52801666666666666667","0.35050000000000000000","-0.7390","1.1050","null","null","null",1,9,"Top","null","null",,,434563,,"160615_214714",,,,,,,"3.5400","1.6500","null","null","null","82.0010","null","5.6120",447856,542587,434563,571830,514917,433217,520471,605125,546318,517370,"54.8871","0.000","0.000","0.00",1,0,0,"null",68,"5"
"SL","2016-06-15","84.0","3.2887","6.9273","Elvis Araujo",430832,542587,"null","ball",,,,,"13","null","R","R","L","PHI","TOR","B","null","null",1,2,2016,"-0.68805833333333333333","0.49956666666666666667","-1.3870","2.1380","null","null","null",1,9,"Top","null","null",,,434563,,"160615_214655",,,,,,,"3.7200","1.7300","null","null","null","82.4250","null","5.5610",447856,542587,434563,571830,514917,433217,520471,605125,546318,517370,"54.9382","0.000","0.000","null","null","null","null","null",68,"4"
"FF","2016-06-15","92.9","2.7328","6.9431","Elvis Araujo",430832,542587,"null","called_strike",,,,,"5","null","R","R","L","PHI","TOR","S","null","null",1,1,2016,"0.66881666666666666667","2.0963000000000000","0.1090","2.4410","null","null","null",1,9,"Top","null","null",,,434563,,"160615_214638",,,,,,,"3.7600","1.6500","null","null","null","91.9090","2322","6.2640",447856,542587,434563,571830,514917,433217,520471,605125,546318,517370,"54.2351","0.000","0.000","null","null","null","null","null",68,"3"
"CH","2016-06-15","86.4","3.3746","6.6390","Elvis Araujo",430832,542587,"null","ball",,,,,"14","null","R","R","L","PHI","TOR","B","null","null",0,1,2016,"1.1294583333333333","0.90376666666666666667","2.0960","0.8060","null","null","null",1,9,"Top","null","null",,,434563,,"160615_214620",,,,,,,"3.6500","1.7300","null","null","null","86.1870","2035","6.4920",447856,542587,434563,571830,514917,433217,520471,605125,546318,517370,"54.0073","0.000","0.000","null","null","null","null","null",68,"2"
"SL","2016-06-15","82.9","3.2317","6.8784","Elvis Araujo",430832,542587,"null","called_strike",,,,,"6","null","R","R","L","PHI","TOR","S","null","null",0,0,2016,"-0.47513333333333333333","0.22150000000000000000","0.7380","2.8380","null","null","null",1,9,"Top","null","null",,,434563,,"160615_214607",,,,,,,"3.7200","1.7300","null","null","null","81.1980","null","5.4320",447856,542587,434563,571830,514917,433217,520471,605125,546318,517370,"55.0672","0.000","0.000","null","null","null","null","null",68,"1"
"FF","2016-06-15","91.3","3.1671","6.7891","Elvis Araujo",485567,542587,"strikeout","swinging_strike",,,,,"6","Ezequiel Carrera strikes out swinging.","R","L","L","PHI","TOR","S","null","null",1,2,2016,"0.09684166666666666667","1.9931000000000000","0.3200","2.0520","null","null","null",0,9,"Top","null","null",,,434563,,"160615_214540",,,,,,,"3.2400","1.5000","null","null","null","90.5360","2328","6.3140",447856,542587,434563,571830,514917,433217,520471,605125,546318,517370,"54.1858","0.000","0.000","0.00",1,0,0,"null",67,"4"
"FF","2016-06-15","92.1","2.9280","6.9846","Elvis Araujo",485567,542587,"null","ball",,,,,"11","null","R","L","L","PHI","TOR","B","null","null",0,2,2016,"0.21513333333333333333","1.8426000000000000","-1.1740","3.5350","null","null","null",0,9,"Top","null","null",,,434563,,"160615_214523",,,,,,,"3.4800","1.5000","null","null","null","91.1370","2308","6.0870",447856,542587,434563,571830,514917,433217,520471,605125,546318,517370,"54.4126","0.000","0.000","null","null","null","null","null",67,"3"
"SL","2016-06-15","84.1","3.1613","6.8132","Elvis Araujo",485567,542587,"null","called_strike",,,,,"8","null","R","L","L","PHI","TOR","S","null","null",0,1,2016,"-0.51827500000000000000","0.53110000000000000000","0.0720","1.9970","null","null","null",0,9,"Top","null","null",,,434563,,"160615_214510",,,,,,,"3.4500","1.5000","null","null","null","82.3570","2371","5.5560",447856,542587,434563,571830,514917,433217,520471,605125,546318,517370,"54.9431","0.000","0.000","null","null","null","null","null",67,"2"
"FF","2016-06-15","91.7","2.8621","6.9763","Elvis Araujo",485567,542587,"null","called_strike",,,,,"6","null","R","L","L","PHI","TOR","S","null","null",0,0,2016,"0.37100000000000000000","2.0475666666666667","0.3690","2.7760","null","null","null",0,9,"Top","null","null",,,434563,,"160615_214456",,,,,,,"3.4800","1.5000","null","null","null","90.9710","2323","6.2940",447856,542587,434563,571830,514917,433217,520471,605125,546318,517370,"54.2054","0.000","0.000","null","null","null","null","null",67,"1"
"FF","2016-06-15","93.8","3.0086","6.7928","Elvis Araujo",542992,542587,"field_out","hit_into_play",,,,,"3","Andy Burns flies out to center fielder Odubel Herrera.","R","R","L","PHI","TOR","X","8","fly_ball",0,0,2016,"0.65211666666666666667","1.7781000000000000","0.5810","3.2140","null","null","581527.00",2,8,"Top","106.93","62.90",,,"null",,"160615_213259",,,,,,,"3.3300","1.5400","345","95.3","33.9909","null","null","null",447856,"null","null","null","null","null","null","null","null","null","54.2739","0.174","0.309","0.00",1,0,0,3,62,"1"
"SL","2016-06-14","85.2","3.2615","6.5892","Elvis Araujo",572365,542587,"strikeout","swinging_strike",,,,,"13","Ryan Goins strikes out swinging.","R","L","L","TOR","PHI","S","null","null",0,2,2016,"-0.43338333333333333333","0.45943333333333333333","-0.5270","1.1860","null","null","581527.00",2,8,"Bot","null","null",,,519237,,"160614_151700",,,,,,,"3.5300","1.5700","null","null","null","83.9260","2627","5.6700",447838,542587,519237,571830,514917,433217,520471,605125,488721,517370,"54.8299","0.000","0.000","0.00",1,0,0,"null",77,"3"
"SL","2016-06-14","83.4","3.4854","6.6134","Elvis Araujo",572365,542587,"null","swinging_strike",,,,,"8","null","R","L","L","TOR","PHI","S","null","null",0,1,2016,"-0.60177500000000000000","0.77476666666666666667","-0.0610","1.8140","null","null","581527.00",2,8,"Bot","null","null",,,519237,,"160614_151643",,,,,,,"3.4400","1.5700","null","null","null","82.0830","2489","5.5000",447838,542587,519237,571830,514917,433217,520471,605125,488721,517370,"55.0001","0.000","0.000","null","null","null","null","null",77,"2"
"SL","2016-06-14","84.4","3.3186","6.6440","Elvis Araujo",572365,542587,"null","called_strike",,,,,"3","null","R","L","L","TOR","PHI","S","null","null",0,0,2016,"-0.48905000000000000000","0.41930000000000000000","0.7800","3.1560","null","null","581527.00",2,8,"Bot","null","null",,,519237,,"160614_151627",,,,,,,"3.5700","1.5700","null","null","null","83.3030","2544","5.4920",447838,542587,519237,571830,514917,433217,520471,605125,488721,517370,"55.0083","0.000","0.000","null","null","null","null","null",77,"1"
"FF","2016-06-14","92.9","3.2161","6.6258","Elvis Araujo",581527,542587,"single","hit_into_play_no_out",,,,,"2","Devon Travis singles on a ground ball to right fielder Jimmy Paredes.","R","R","L","TOR","PHI","X","null","ground_ball",3,2,2016,"0.50042500000000000000","1.5287000000000000","0.2340","3.0990","null","null","null",2,8,"Bot","164.97","126.48",,,519237,,"160614_151549",,,,,,,"3.3100","1.4700","81","91.2","2.2920","92.2860","2499","6.0790",447838,542587,519237,571830,514917,433217,520471,605125,488721,517370,"54.4211","0.425","0.400","0.90",1,1,0,2,76,"7"
"FF","2016-06-14","91.7","3.1099","6.6768","Elvis Araujo",581527,542587,"null","foul",,,,,"12","null","R","R","L","TOR","PHI","S","null","null",3,2,2016,"0.44058333333333333333","1.7924333333333333","0.1340","3.8000","null","null","null",2,8,"Bot","null","null",,,519237,,"160614_151530",,,,,,,"3.3100","1.4700","null","null","null","91.5870","2543","6.0490",447838,542587,519237,571830,514917,433217,520471,605125,488721,517370,"54.4510","0.000","0.000","null","null","null","null","null",76,"6"
"FF","2016-06-14","91.5","3.1095","6.7626","Elvis Araujo",581527,542587,"null","foul",,,,,"13","null","R","R","L","TOR","PHI","S","null","null",3,1,2016,"0.34316666666666666667","1.7766666666666667","-1.4040","2.3540","null","null","null",2,8,"Bot","null","null",,,519237,,"160614_151507",,,,,,,"3.3900","1.4700","9","75.2","-13.7630","91.1180","2311","6.1410",447838,542587,519237,571830,514917,433217,520471,605125,488721,517370,"54.3587","0.000","0.000","null","null","null","null",2,76,"5"
"FF","2016-06-14","91.3","3.1195","6.6587","Elvis Araujo",581527,542587,"null","called_strike",,,,,"4","null","R","R","L","TOR","PHI","S","null","null",3,0,2016,"0.40857500000000000000","1.6319000000000000","-0.3370","2.2200","null","null","null",2,8,"Bot","null","null",,,519237,,"160614_151454",,,,,,,"3.3100","1.4700","null","null","null","91.0500","2417","6.2850",447838,542587,519237,571830,514917,433217,520471,605125,488721,517370,"54.2146","0.000","0.000","null","null","null","null","null",76,"4"
"SL","2016-06-14","81.9","3.3109","6.6649","Elvis Araujo",581527,542587,"null","ball",,,,,"13","null","R","R","L","TOR","PHI","B","null","null",2,0,2016,"-0.52384166666666666667","0.51676666666666666667","-0.1060","0.0480","null","null","null",2,8,"Bot","null","null",,,519237,,"160614_151433",,,,,,,"3.3900","1.4700","null","null","null","81.2430","2529","5.6790",447838,542587,519237,571830,514917,433217,520471,605125,488721,517370,"54.8207","0.000","0.000","null","null","null","null","null",76,"3"
"FF","2016-06-14","91.5","2.9913","6.7682","Elvis Araujo",581527,542587,"null","ball",,,,,"14","null","R","R","L","TOR","PHI","B","null","null",1,0,2016,"0.79685000000000000000","1.7824000000000000","0.6140","1.1900","null","null","null",2,8,"Bot","null","null",,,519237,,"160614_151416",,,,,,,"3.3100","1.4700","null","null","null","90.6740","2411","6.0860",447838,542587,519237,571830,514917,433217,520471,605125,488721,517370,"54.4141","0.000","0.000","null","null","null","null","null",76,"2"
"FF","2016-06-14","92.9","3.1145","6.5765","Elvis Araujo",581527,542587,"null","ball",,,,,"13","null","R","R","L","TOR","PHI","B","null","null",0,0,2016,"0.28193333333333333333","1.8770000000000000","-2.2140","1.1740","null","null","null",2,8,"Bot","null","null",,,519237,,"160614_151402",,,,,,,"3.3800","1.4700","null","null","null","91.8660","2536","6.2610",447838,542587,519237,571830,514917,433217,520471,605125,488721,517370,"54.2394","0.000","0.000","null","null","null","null","null",76,"1"
"CH","2016-06-14","88.1","3.2671","6.3641","Elvis Araujo",607680,542587,"field_out","hit_into_play",,,,,"13","Kevin Pillar grounds out, third baseman Andres Blanco to first baseman Tommy Joseph.","R","R","L","TOR","PHI","X","5","ground_ball",1,2,2016,"1.4189250000000000","0.84213333333333333333","-0.0480","1.2600","null","null","null",1,8,"Bot","111.67","173.28",,,519237,,"160614_151327",,,,,,,"3.4500","1.5500","7","71.4","-21.9620","88.3000","2128","6.5030",447838,542587,519237,571830,514917,433217,520471,605125,488721,517370,"53.9975","0.050","0.048","0.00",1,0,0,2,75,"5"
"FF","2016-06-14","91.8","3.0814","6.7203","Elvis Araujo",607680,542587,"null","foul",,,,,"7","null","R","R","L","TOR","PHI","S","null","null",1,2,2016,"0.54495833333333333333","1.9372000000000000","-0.3090","2.0890","null","null","null",1,8,"Bot","null","null",,,519237,,"160614_151307",,,,,,,"3.4800","1.5500","null","null","null","91.9330","2499","6.4090",447838,542587,519237,571830,514917,433217,520471,605125,488721,517370,"54.0913","0.000","0.000","null","null","null","null","null",75,"4"
"CH","2016-06-14","86.8","3.3006","6.5583","Elvis Araujo",607680,542587,"null","swinging_strike",,,,,"12","null","R","R","L","TOR","PHI","S","null","null",1,1,2016,"0.70778333333333333333","0.83210000000000000000","0.9660","2.5470","null","null","null",1,8,"Bot","null","null",,,519237,,"160614_151248",,,,,,,"3.4800","1.5500","null","null","null","87.8520","2173","6.8130",447838,542587,519237,571830,514917,433217,520471,605125,488721,517370,"53.6866","0.000","0.000","null","null","null","null","null",75,"3"
"FF","2016-06-14","92.1","3.3343","6.6888","Elvis Araujo",607680,542587,"null","foul",,,,,"2","null","R","R","L","TOR","PHI","S","null","null",1,0,2016,"0.24018333333333333333","1.7508666666666667","-0.1040","3.4360","null","null","null",1,8,"Bot","null","null",,,519237,,"160614_151229",,,,,,,"3.4900","1.5500","null","null","null","91.8380","2454","6.1980",447838,542587,519237,571830,514917,433217,520471,605125,488721,517370,"54.3021","0.000","0.000","null","null","null","null","null",75,"2"
"CH","2016-06-14","87.6","3.4198","6.4306","Elvis Araujo",607680,542587,"null","ball",,,,,"12","null","R","R","L","TOR","PHI","B","null","null",0,0,2016,"1.1085833333333333","0.93530000000000000000","1.0890","2.9690","null","null","null",1,8,"Bot","null","null",,,519237,,"160614_151216",,,,,,,"3.3900","1.5500","null","null","null","87.8640","2024","6.4210",447838,542587,519237,571830,514917,433217,520471,605125,488721,517370,"54.0794","0.000","0.000","null","null","null","null","null",75,"1"
"FF","2016-06-14","90.9","3.0261","6.5948","Elvis Araujo",485567,542587,"field_out","hit_into_play",,,,,"6","Ezequiel Carrera flies out to right fielder Jimmy Paredes.","R","L","L","TOR","PHI","X","9","fly_ball",3,2,2016,"0.50042500000000000000","1.6175666666666667","0.4510","2.4670","null","null","null",0,8,"Bot","167.51","113.26",,,519237,,"160614_151137",,,,,,,"3.2900","1.5000","298","99.6","47.5310","91.2540","2432","6.4530",447838,542587,519237,571830,514917,433217,520471,605125,488721,517370,"54.0474","0.014","0.022","0.00",1,0,0,3,74,"7"
"CH","2016-06-14","91.0","3.0957","6.7394","Elvis Araujo",485567,542587,"null","ball",,,,,"13","null","R","L","L","TOR","PHI","B","null","null",2,2,2016,"0.71335000000000000000","2.0404000000000000","-0.8400","0.7260","null","null","null",0,8,"Bot","null","null",,,519237,,"160614_151122",,,,,,,"3.3700","1.5000","null","null","null","90.0680","2476","6.1170",447838,542587,519237,571830,514917,433217,520471,605125,488721,517370,"54.3829","0.000","0.000","null","null","null","null","null",74,"6"
"SL","2016-06-14","83.9","3.5004","6.6563","Elvis Araujo",485567,542587,"null","foul",,,,,"7","null","R","L","L","TOR","PHI","S","null","null",2,2,2016,"-0.47930833333333333333","0.62856666666666666667","-0.8010","1.7840","null","null","null",0,8,"Bot","null","null",,,519237,,"160614_151103",,,,,,,"3.3400","1.5000","null","null","null","82.9520","null","5.6020",447838,542587,519237,571830,514917,433217,520471,605125,488721,517370,"54.8981","0.000","0.000","null","null","null","null","null",74,"5"
"FF","2016-06-14","91.8","3.4795","6.6081","Elvis Araujo",485567,542587,"null","foul",,,,,"14","null","R","L","L","TOR","PHI","S","null","null",2,1,2016,"0.41553333333333333333","1.9200000000000000","0.8730","2.2360","null","null","null",0,8,"Bot","null","null",,,519237,,"160614_151041",,,,,,,"3.3800","1.5000","null","null","null","91.2990","2397","5.9020",447838,542587,519237,571830,514917,433217,520471,605125,488721,517370,"54.5984","0.000","0.000","null","null","null","null","null",74,"4"
"FF","2016-06-14","92.2","3.2213","6.6515","Elvis Araujo",485567,542587,"null","foul_tip",,,,,"5","null","R","L","L","TOR","PHI","S","null","null",2,0,2016,"0.62010833333333333333","1.6763333333333333","0.2280","2.2660","null","null","null",0,8,"Bot","null","null",,,519237,,"160614_151025",,,,,,,"3.2900","1.5000","null","null","null","91.8640","2462","6.1600",447838,542587,519237,571830,514917,433217,520471,605125,488721,517370,"54.3400","0.000","0.000","null","null","null","null","null",74,"3"
"FF","2016-06-14","91.9","3.0787","6.6495","Elvis Araujo",485567,542587,"null","ball",,,,,"13","null","R","L","L","TOR","PHI","B","null","null",1,0,2016,"0.60340833333333333333","1.8454666666666667","-0.4160","1.3050","null","null","null",0,8,"Bot","null","null",,,519237,,"160614_151010",,,,,,,"3.3800","1.5000","null","null","null","91.8270","2504","6.2130",447838,542587,519237,571830,514917,433217,520471,605125,488721,517370,"54.2869","0.000","0.000","null","null","null","null","null",74,"2"
"FF","2016-06-14","92.9","3.2336","6.5397","Elvis Araujo",485567,542587,"null","ball",,,,,"13","null","R","L","L","TOR","PHI","B","null","null",0,0,2016,"0.57140000000000000000","1.8497666666666667","-0.3860","0.2710","null","null","null",0,8,"Bot","null","null",,,519237,,"160614_150951",,,,,,,"3.3800","1.5000","null","null","null","92.4060","2389","6.1720",447838,542587,519237,571830,514917,433217,520471,605125,488721,517370,"54.3284","0.000","0.000","null","null","null","null","null",74,"1"
"SL","2016-06-11","84.6","3.1341","6.8002","Elvis Araujo",519208,542587,"single","hit_into_play_no_out",,,,,"13","Clint Robinson singles on a soft ground ball to first baseman Tommy Joseph.   Wilson Ramos to 2nd.","R","L","L","WSH","PHI","X","null","ground_ball",3,2,2016,"-0.39720000000000000000","0.54256666666666666667","-0.1710","1.0130","null","null","467092.00",1,5,"Bot","140.10","178.87",,,519237,,"160611_135357",,,,,,,"3.8200","1.8300","null","90.0","-17.0000","83.7340","null","5.8120",447798,542587,519237,571830,433217,596748,520471,605125,546318,488721,"54.6907","0.144","0.133","0.90",1,1,0,2,43,"8"
"FF","2016-06-11","92.3","3.0291","6.8473","Elvis Araujo",519208,542587,"null","foul",,,,,"13","null","R","L","L","WSH","PHI","S","null","null",3,2,2016,"0.92210000000000000000","1.7250666666666667","-0.8420","2.3690","null","null","467092.00",1,5,"Bot","null","null",,,519237,,"160611_135334",,,,,,,"3.8200","1.8300","205","72.8","46.2250","91.5130","2229","6.0560",447798,542587,519237,571830,433217,596748,520471,605125,546318,488721,"54.4464","0.000","0.000","null","null","null","null",3,43,"7"
"FF","2016-06-11","92.4","2.9272","6.9067","Elvis Araujo",519208,542587,"null","foul",,,,,"4","null","R","L","L","WSH","PHI","S","null","null",3,2,2016,"0.51712500000000000000","1.8067666666666667","-0.4310","3.1780","null","null","467092.00",1,5,"Bot","null","null",,,519237,,"160611_135312",,,,,,,"3.8200","1.8300","null","null","null","91.6310","2286","6.0230",447798,542587,519237,571830,433217,596748,520471,605125,546318,488721,"54.4794","0.000","0.000","null","null","null","null","null",43,"6"
"FF","2016-06-11","93.9","2.8157","6.8961","Elvis Araujo",519208,542587,"null","ball",,,,,"13","null","R","L","L","WSH","PHI","B","null","null",2,2,2016,"0.74675000000000000000","1.7064333333333333","-1.3700","2.4530","null","null","467092.00",1,5,"Bot","null","null",,,519237,,"160611_135256",,,,,,,"3.7500","1.7700","null","null","null","93.1480","2320","6.0020",447798,542587,519237,571830,433217,596748,520471,605125,546318,488721,"54.5001","0.000","0.000","null","null","null","null","null",43,"5"
"SL","2016-06-11","83.7","3.3193","6.7549","Elvis Araujo",519208,542587,"null","blocked_ball",,,,,"13","null","R","L","L","WSH","PHI","B","null","null",1,2,2016,"-0.34014166666666666667","0.31180000000000000000","-0.4800","0.4470","null","null","467092.00",1,5,"Bot","null","null",,,519237,,"160611_135234",,,,,,,"3.8200","1.8300","null","null","null","82.6960","null","5.6420",447798,542587,519237,571830,433217,596748,520471,605125,546318,488721,"54.8601","0.000","0.000","null","null","null","null","null",43,"4"
"FF","2016-06-11","92.8","3.1319","6.8458","Elvis Araujo",519208,542587,"null","called_strike",,,,,"7","null","R","L","L","WSH","PHI","S","null","null",1,1,2016,"0.75092500000000000000","1.3567000000000000","-0.4210","2.1760","null","null","467092.00",1,5,"Bot","null","null",,,519237,,"160611_135218",,,,,,,"3.8200","1.8300","null","null","null","92.7260","2342","6.0830",447798,542587,519237,571830,433217,596748,520471,605125,546318,488721,"54.4191","0.000","0.000","null","null","null","null","null",43,"3"
"FF","2016-06-11","90.2","3.1278","6.9679","Elvis Araujo",519208,542587,"null","ball",,,,,"14","null","R","L","L","WSH","PHI","B","null","null",0,1,2016,"0.30002500000000000000","1.6806333333333333","0.5760","1.6100","null","null","467092.00",1,5,"Bot","null","null",,,519237,,"160611_135203",,,,,,,"3.8200","1.8300","null","null","null","89.9700","2279","5.9300",447798,542587,519237,571830,433217,596748,520471,605125,546318,488721,"54.5726","0.000","0.000","null","null","null","null","null",43,"2"
"FF","2016-06-11","92.2","2.9575","6.9361","Elvis Araujo",519208,542587,"null","called_strike",,,,,"8","null","R","L","L","WSH","PHI","S","null","null",0,0,2016,"0.46980833333333333333","1.4771000000000000","-0.1280","1.8510","null","null","467092.00",1,5,"Bot","null","null",,,519237,,"160611_135151",,,,,,,"3.8200","1.8300","null","null","null","92.0410","2440","6.1210",447798,542587,519237,571830,433217,596748,520471,605125,546318,488721,"54.3809","0.000","0.000","null","null","null","null","null",43,"1"
"CH","2016-06-11","86.2","3.3646","6.6215","Elvis Araujo",467092,542587,"force_out","hit_into_play",,,,,"12","Wilson Ramos grounds into a force out, shortstop Freddy Galvis to second baseman Andres Blanco.   Daniel Murphy out at 2nd.    Wilson Ramos to 1st.","R","R","L","WSH","PHI","X","6","ground_ball",1,1,2016,"1.0543083333333333","0.55403333333333333333","0.9930","2.5510","null","null","502517.00",0,5,"Bot","112.68","151.91",,,519237,,"160611_135054",,,,,,,"3.4000","1.5400","5","59.4","-30.5380","86.7910","2117","6.4360",447798,542587,519237,571830,433217,596748,520471,605125,546318,488721,"54.0664","0.061","0.057","0.00",1,0,0,1,42,"3"
"FF","2016-06-11","92.6","3.1487","6.8766","Elvis Araujo",467092,542587,"null","foul",,,,,"5","null","R","R","L","WSH","PHI","S","null","null",1,0,2016,"0.67438333333333333333","1.6161333333333333","-0.1790","2.6260","null","null","502517.00",0,5,"Bot","null","null",,,519237,,"160611_135025",,,,,,,"3.4000","1.5400","207","73.1","36.2790","92.3390","2369","6.1320",447798,542587,519237,571830,433217,596748,520471,605125,546318,488721,"54.3699","0.000","0.000","null","null","null","null",3,42,"2"
"FF","2016-06-11","92.8","3.2573","6.7545","Elvis Araujo",467092,542587,"null","ball",,,,,"12","null","R","R","L","WSH","PHI","B","null","null",0,0,2016,"0.9610666666666667","1.7322333333333333","1.9030","3.8580","null","null","502517.00",0,5,"Bot","null","null",,,519237,,"160611_135008",,,,,,,"3.4000","1.5400","null","null","null","92.3260","2415","5.7900",447798,542587,519237,571830,433217,596748,520471,605125,546318,488721,"54.7120","0.000","0.000","null","null","null","null","null",42,"1"
"SL","2016-06-11","85.1","3.3640","6.7780","Elvis Araujo",502517,542587,"single","hit_into_play_no_out",,,,,"7","Daniel Murphy singles on a line drive to center fielder Odubel Herrera.","R","L","L","WSH","PHI","X","null","line_drive",1,1,2016,"-0.29282500000000000000","0.44796666666666666667","-0.4160","2.0880","null","null","null",0,5,"Bot","128.93","95.46",,,519237,,"160611_134922",,,,,,,"3.2500","1.5900","159","66.3","18.5510","84.1960","null","5.5290",447798,542587,519237,571830,433217,596748,520471,605125,546318,488721,"54.9733","0.618","0.574","0.90",1,1,0,4,41,"3"
"SL","2016-06-11","83.7","3.3908","6.7471","Elvis Araujo",502517,542587,"null","ball",,,,,"14","null","R","L","L","WSH","PHI","B","null","null",0,1,2016,"-0.49044166666666666667","0.53683333333333333333","0.9540","2.4140","null","null","null",0,5,"Bot","null","null",,,519237,,"160611_134905",,,,,,,"3.2500","1.5900","null","null","null","82.9690","2363","5.5650",447798,542587,519237,571830,433217,596748,520471,605125,546318,488721,"54.9370","0.000","0.000","null","null","null","null","null",41,"2"
"FF","2016-06-11","91.8","3.0123","6.8091","Elvis Araujo",502517,542587,"null","called_strike",,,,,"8","null","R","L","L","WSH","PHI","S","null","null",0,0,2016,"0.38352500000000000000","2.0088666666666667","0.2750","1.9720","null","null","null",0,5,"Bot","null","null",,,519237,,"160611_134851",,,,,,,"3.2500","1.5900","null","null","null","90.9850","2324","5.9030",447798,542587,519237,571830,433217,596748,520471,605125,546318,488721,"54.5989","0.000","0.000","null","null","null","null","null",41,"1"
"FF","2016-06-11","91.4","3.1465","6.9484","Elvis Araujo",547180,542587,"strikeout","called_strike",,,,,"7","Bryce Harper called out on strikes.","R","L","L","WSH","PHI","S","null","null",1,2,2016,"0.77597500000000000000","1.6190000000000000","-0.6470","1.8580","null","519184.00","null",2,4,"Bot","null","null",,,519237,,"160611_133900",,,,,,,"2.8000","1.5300","null","null","null","91.0010","2261","6.0930",447798,542587,519237,571830,433217,596748,520471,605125,546318,488721,"54.4093","0.000","0.000","0.00",1,0,0,"null",37,"4"
"SL","2016-06-11","83.8","3.2012","6.7237","Elvis Araujo",547180,542587,"null","foul",,,,,"8","null","R","L","L","WSH","PHI","S","null","null",1,1,2016,"0.01751666666666666667","0.43936666666666666667","0.0770","1.5220","null","519184.00","null",2,4,"Bot","null","null",,,519237,,"160611_133831",,,,,,,"3.1100","1.5300","80","55.9","11.3220","83.0690","null","5.6910",447798,542587,519237,571830,433217,596748,520471,605125,546318,488721,"54.8108","0.000","0.000","null","null","null","null",1,37,"3"
"FF","2016-06-11","92.3","2.9555","6.8368","Elvis Araujo",547180,542587,"null","called_strike",,,,,"8","null","R","L","L","WSH","PHI","S","null","null",1,0,2016,"0.74118333333333333333","1.5631000000000000","0.2280","1.7750","null","519184.00","null",2,4,"Bot","null","null",,,519237,,"160611_133810",,,,,,,"3.0600","1.5300","null","null","null","92.4860","2350","6.4110",447798,542587,519237,571830,433217,596748,520471,605125,546318,488721,"54.0912","0.000","0.000","null","null","null","null","null",37,"2"
"FF","2016-06-11","92.4","3.0573","6.9392","Elvis Araujo",547180,542587,"null","ball",,,,,"12","null","R","L","L","WSH","PHI","B","null","null",0,0,2016,"0.32229166666666666667","1.8770000000000000","0.7030","3.2880","null","519184.00","null",2,4,"Bot","null","null",,,519237,,"160611_133751",,,,,,,"3.1100","1.5300","null","null","null","92.5480","2530","6.1610",447798,542587,519237,571830,433217,596748,520471,605125,546318,488721,"54.3414","0.000","0.000","null","null","null","null","null",37,"1"
"SL","2016-06-08","85.4","3.2156","6.7217","Elvis Araujo",519203,542587,"strikeout","swinging_strike_blocked",,,,,"13","Anthony Rizzo strikes out swinging.","R","L","L","PHI","CHC","S","null","null",2,2,2016,"-0.80078333333333333333","0.41643333333333333333","-1.3660","0.9310","null","null","518792.00",2,9,"Top","null","null",,,519237,,"160608_160249",,,,,,,"3.5100","1.6900","null","null","null","83.7350","null","5.7860",447751,542587,519237,429667,514917,596748,520471,605125,546318,595963,"54.7134","0.000","0.000","0.00",1,0,0,"null",66,"5"
"FF","2016-06-08","94.5","2.8106","6.7641","Elvis Araujo",519203,542587,"null","ball",,,,,"9","null","R","L","L","PHI","CHC","B","null","null",1,2,2016,"-0.00753333333333333333","1.6319000000000000","0.6590","1.9190","null","null","518792.00",2,9,"Top","null","null",,,519237,,"160608_160232",,,,,,,"3.8500","1.7800","null","null","null","94.5370","2400","6.7210",447751,542587,519237,429667,514917,596748,520471,605125,546318,595963,"53.7782","0.000","0.000","null","null","null","null","null",66,"4"
"SL","2016-06-08","82.3","3.5622","6.7603","Elvis Araujo",519203,542587,"null","swinging_strike",,,,,"7","null","R","L","L","PHI","CHC","S","null","null",1,1,2016,"-0.55585000000000000000","0.50960000000000000000","-0.5850","1.8410","null","null","518792.00",2,9,"Top","null","null",,,519237,,"160608_160206",,,,,,,"3.5100","1.6900","null","null","null","81.8120","null","6.0430",447751,542587,519237,429667,514917,596748,520471,605125,546318,595963,"54.4564","0.000","0.000","null","null","null","null","null",66,"3"
"FF","2016-06-08","92.0","3.1342","6.7962","Elvis Araujo",519203,542587,"null","called_strike",,,,,"9","null","R","L","L","PHI","CHC","S","null","null",1,0,2016,"0.27358333333333333333","1.8598000000000000","0.6970","2.4390","null","null","518792.00",2,9,"Top","null","null",,,519237,,"160608_160149",,,,,,,"3.9600","1.8900","null","null","null","91.3890","2176","6.2940",447751,542587,519237,429667,514917,596748,520471,605125,546318,595963,"54.2056","0.000","0.000","null","null","null","null","null",66,"2"
"FF","2016-06-08","93.4","3.2979","6.7838","Elvis Araujo",519203,542587,"null","ball",,,,,"12","null","R","L","L","PHI","CHC","B","null","null",0,0,2016,"0.20260833333333333333","1.8440333333333333","1.7300","3.8630","null","null","518792.00",2,9,"Top","null","null",,,519237,,"160608_160130",,,,,,,"4.0000","1.8500","null","null","null","93.0150","2311","6.0130",447751,542587,519237,429667,514917,596748,520471,605125,546318,595963,"54.4861","0.000","0.000","null","null","null","null","null",66,"1"
"FF","2016-06-08","92.4","2.8011","6.9199","Elvis Araujo",592178,542587,"strikeout","swinging_strike",,,,,"11","Kris Bryant strikes out swinging.","R","R","L","PHI","CHC","S","null","null",3,2,2016,"-0.08268333333333333333","1.7336666666666667","-1.6640","3.0780","null","null","518792.00",1,9,"Top","null","null",,,519237,,"160608_160057",,,,,,,"3.3000","1.4500","null","null","null","91.9470","2257","6.5640",447751,542587,519237,429667,514917,596748,520471,605125,546318,595963,"53.9353","0.000","0.000","0.00",1,0,0,"null",65,"6"
"FF","2016-06-08","93.4","3.3169","6.6569","Elvis Araujo",592178,542587,"null","ball",,,,,"13","null","R","R","L","PHI","CHC","B","null","null",2,2,2016,"1.1545083333333333","1.5559333333333333","-0.1740","1.4490","null","null","518792.00",1,9,"Top","null","null",,,519237,,"160608_160019",,,,,,,"3.4500","1.6100","null","null","null","91.6440","2143","6.1010",447751,542587,519237,429667,514917,596748,520471,605125,546318,595963,"54.3981","0.000","0.000","null","null","null","null","null",65,"5"
"SL","2016-06-08","83.8","3.2211","6.7798","Elvis Araujo",592178,542587,"null","blocked_ball",,,,,"13","null","R","R","L","PHI","CHC","B","null","null",1,2,2016,"-0.41668333333333333333","0.37630000000000000000","-1.0590","0.7450","null","null","518792.00",1,9,"Top","null","null",,,519237,,"160608_160001",,,,,,,"3.4200","1.6100","null","null","null","82.6570","null","6.0070",447751,542587,519237,429667,514917,596748,520471,605125,546318,595963,"54.4928","0.000","0.000","null","null","null","null","null",65,"4"
"SL","2016-06-08","84.7","3.2088","6.7506","Elvis Araujo",592178,542587,"null","blocked_ball",,,,,"13","null","R","R","L","PHI","CHC","B","null","null",0,2,2016,"-0.89124166666666666667","0.95106666666666666667","-1.4080","0.9580","null","null","518792.00",1,9,"Top","null","null",,,519237,,"160608_155939",,,,,,,"3.4500","1.6800","null","null","null","83.9610","null","5.8030",447751,542587,519237,429667,514917,596748,520471,605125,546318,595963,"54.6968","0.000","0.000","null","null","null","null","null",65,"3"
"SL","2016-06-08","82.6","3.5118","6.8305","Elvis Araujo",592178,542587,"null","called_strike",,,,,"6","null","R","R","L","PHI","CHC","S","null","null",0,1,2016,"-0.86480000000000000000","1.06573333333333333333","0.5890","2.3260","null","null","518792.00",1,9,"Top","null","null",,,519237,,"160608_155926",,,,,,,"3.4200","1.6400","null","null","null","80.9130","null","5.5300",447751,542587,519237,429667,514917,596748,520471,605125,546318,595963,"54.9694","0.000","0.000","null","null","null","null","null",65,"2"
"FF","2016-06-08","92.7","2.9510","6.8531","Elvis Araujo",592178,542587,"null","called_strike",,,,,"8","null","R","R","L","PHI","CHC","S","null","null",0,0,2016,"0.52686666666666666667","1.8340000000000000","0.1120","1.8050","null","null","518792.00",1,9,"Top","null","null",,,519237,,"160608_155913",,,,,,,"3.5300","1.7500","null","null","null","92.0210","null","6.5080",447751,542587,519237,429667,514917,596748,520471,605125,546318,595963,"53.9915","0.000","0.000","null","null","null","null","null",65,"1"
"FF","2016-06-08","91.8","3.1113","6.8538","Elvis Araujo",518792,542587,"single","hit_into_play_no_out",,,,,"5","Jason Heyward singles on a sharp ground ball to right fielder Tyler Goeddel.","R","L","L","PHI","CHC","X","null","ground_ball",1,1,2016,"-0.22463333333333333333","1.4298000000000000","0.1800","2.9130","null","null","null",1,9,"Top","170.22","103.59",,,519237,,"160608_155838",,,,,,,"3.5300","1.6100","147","108.4","4.2850","90.9790","2275","6.2830",447751,542587,519237,429667,514917,596748,520471,605125,546318,595963,"54.2162","0.634","0.598","0.90",1,1,0,4,64,"3"
"FF","2016-06-08","92.3","3.2262","6.8417","Elvis Araujo",518792,542587,"null","foul",,,,,"5","null","R","L","L","PHI","CHC","S","null","null",1,0,2016,"0.34595000000000000000","1.6878000000000000","-0.1410","3.0190","null","null","null",1,9,"Top","null","null",,,519237,,"160608_155821",,,,,,,"3.8500","1.7800","180","68.0","34.4480","91.2920","2336","6.2380",447751,542587,519237,429667,514917,596748,520471,605125,546318,595963,"54.2612","0.000","0.000","null","null","null","null",4,64,"2"
"SL","2016-06-08","85.6","3.1721","6.8379","Elvis Araujo",518792,542587,"null","ball",,,,,"13","null","R","L","L","PHI","CHC","B","null","null",0,0,2016,"-0.29560833333333333333","0.96396666666666666667","-1.3000","-0.4090","null","null","null",1,9,"Top","null","null",,,519237,,"160608_155805",,,,,,,"3.8500","1.7800","null","null","null","83.4860","null","5.7540",447751,542587,519237,429667,514917,596748,520471,605125,546318,595963,"54.7452","0.000","0.000","null","null","null","null","null",64,"1"
"SL","2016-06-08","83.1","3.3445","6.9055","Elvis Araujo",451594,542587,"field_out","hit_into_play",,,,,"9","Dexter Fowler grounds out softly, third baseman Maikel Franco to first baseman Ryan Howard.","R","R","L","PHI","CHC","X","5","ground_ball",1,1,2016,"-0.55863333333333333333","0.55690000000000000000","0.5250","1.9880","null","null","null",0,9,"Top","113.36","176.84",,,519237,,"160608_155657",,,,,,,"3.8100","1.8200","5","69.8","-40.6520","81.8080","2370","5.7300",447751,542587,519237,429667,514917,596748,520471,605125,546318,595963,"54.7694","0.077","0.071","0.00",1,0,0,2,63,"3"
"FF","2016-06-08","92.2","2.9297","6.8535","Elvis Araujo",451594,542587,"null","ball",,,,,"13","null","R","R","L","PHI","CHC","B","null","null",0,1,2016,"0.11354166666666666667","2.0103000000000000","-0.5200","1.4370","null","null","null",0,9,"Top","null","null",,,519237,,"160608_155643",,,,,,,"3.7100","1.7200","null","null","null","91.4220","2329","6.2500",447751,542587,519237,429667,514917,596748,520471,605125,546318,595963,"54.2494","0.000","0.000","null","null","null","null","null",63,"2"
"FF","2016-06-08","92.3","3.2012","6.8535","Elvis Araujo",451594,542587,"null","foul",,,,,"6","null","R","R","L","PHI","CHC","S","null","null",0,0,2016,"0.27636666666666666667","1.8168000000000000","0.5120","2.6050","null","null","null",0,9,"Top","null","null",,,519237,,"160608_155616",,,,,,,"3.8100","1.8200","180","67.4","52.4920","91.6970","2374","6.2230",447751,542587,519237,429667,514917,596748,520471,605125,546318,595963,"54.2767","0.000","0.000","null","null","null","null",3,63,"1"
"SL","2016-06-06","85.9","3.4014","6.8407","Elvis Araujo",608365,542587,"strikeout","swinging_strike",,,,,"9","Addison Russell strikes out swinging.","R","R","L","PHI","CHC","S","null","null",2,2,2016,"-0.60177500000000000000","0.54686666666666666667","0.3740","1.8630","null","519333.00","595879.00",2,7,"Top","null","null",,,519237,,"160606_211746",,,,,,,"3.6900","1.6700","null","null","null","84.4590","2526","5.7560",447725,542587,519237,571830,514917,596748,520471,595963,488721,517370,"54.7434","0.000","0.000","0.00",1,0,0,"null",54,"5"
"SL","2016-06-06","86.4","3.3815","6.7416","Elvis Araujo",608365,542587,"null","blocked_ball",,,,,"14","null","R","R","L","PHI","CHC","B","null","null",1,2,2016,"-0.36519166666666666667","1.13453333333333333333","0.2270","0.6280","null","519333.00","595879.00",2,7,"Top","null","null",,,519237,,"160606_211722",,,,,,,"3.7800","1.6800","null","null","null","84.8820","null","5.6910",447725,542587,519237,571830,514917,596748,520471,595963,488721,517370,"54.8087","0.000","0.000","null","null","null","null","null",54,"4"
"FF","2016-06-06","93.9","2.9838","6.7816","Elvis Araujo",608365,542587,"null","ball",,,,,"13","null","R","R","L","PHI","CHC","B","null","null",0,2,2016,"0.51295000000000000000","1.6218666666666667","-1.4060","2.3720","null","519333.00","595879.00",2,7,"Top","null","null",,,519237,,"160606_211706",,,,,,,"3.8200","1.7100","null","null","null","92.9670","2436","6.4760",447725,542587,519237,571830,514917,596748,520471,595963,488721,517370,"54.0235","0.000","0.000","null","null","null","null","null",54,"3"
"FF","2016-06-06","93.2","3.2021","6.7341","Elvis Araujo",608365,542587,"null","called_strike",,,,,"9","null","R","R","L","PHI","CHC","S","null","null",0,1,2016,"0.26245000000000000000","1.9099666666666667","0.5150","2.2310","null","519333.00","595879.00",2,7,"Top","null","null",,,519237,,"160606_211649",,,,,,,"3.8200","1.7100","null","null","null","92.7550","2409","6.4520",447725,542587,519237,571830,514917,596748,520471,595963,488721,517370,"54.0477","0.000","0.000","null","null","null","null","null",54,"2"
"SL","2016-06-06","86.2","3.5864","6.7413","Elvis Araujo",608365,542587,"null","called_strike",,,,,"8","null","R","R","L","PHI","CHC","S","null","null",0,0,2016,"-0.32344166666666666667","0.76043333333333333333","-0.0350","1.7080","null","519333.00","595879.00",2,7,"Top","null","null",,,519237,,"160606_211631",,,,,,,"3.7400","1.6400","null","null","null","84.4340","2502","5.7170",447725,542587,519237,571830,514917,596748,520471,595963,488721,517370,"54.7822","0.000","0.000","null","null","null","null","null",54,"1"
"CH","2016-06-06","87.3","3.2180","6.5955","Elvis Araujo",595879,542587,"fielders_choice_out","hit_into_play",,,,,"14","Javier Baez reaches on a fielder's choice out, pitcher Elvis Araujo to catcher Cameron Rupp.   Anthony Rizzo out at home.    Matt Szczur to 2nd.","R","R","L","PHI","CHC","X","1","ground_ball",1,0,2016,"0.80102500000000000000","1.3008000000000000","1.1890","2.0360","519203.00","null","519333.00",1,7,"Top","117.76","188.54",,,519237,,"160606_211509",,,,,,,"3.5000","1.6600","null","83.0","-21.0000","87.5840","2213","6.8840",447725,542587,519237,571830,514917,596748,520471,595963,488721,517370,"53.6151","0.075","0.069","0.00",1,0,0,2,53,"2"
"FF","2016-06-06","93.3","2.8434","6.9150","Elvis Araujo",595879,542587,"null","ball",,,,,"13","null","R","R","L","PHI","CHC","B","null","null",0,0,2016,"0.43501666666666666667","1.9501000000000000","-0.5060","1.2280","519203.00","null","519333.00",1,7,"Top","null","null",,,519237,,"160606_211428",,,,,,,"3.6300","1.6400","null","null","null","92.2980","2334","6.2720",447725,542587,519237,571830,514917,596748,520471,595963,488721,517370,"54.2275","0.000","0.000","null","null","null","null","null",53,"1"
"SL","2016-06-06","84.6","3.2484","6.8038","Elvis Araujo",519333,542587,"sac_bunt","hit_into_play_score",,,,,"6","Matt Szczur hits a sacrifice bunt.   Kris Bryant scores.    Anthony Rizzo to 3rd.    Matt Szczur to 1st.","R","R","L","PHI","CHC","X","null","ground_ball",0,1,2016,"-0.65744166666666666667","0.44796666666666666667","0.4050","2.7900","592178.00","519203.00","null",1,7,"Top","126.39","193.62",,,519237,,"160606_211336",,,,,,,"3.4500","1.5100","null","41.0","-39.0000","83.5360","null","5.8620",447725,542587,519237,571830,514917,596748,520471,595963,488721,517370,"54.6378","0.139","0.128","0.00",1,0,0,1,52,"2"
"FF","2016-06-06","93.2","3.1815","6.8058","Elvis Araujo",519333,542587,"null","called_strike",,,,,"6","null","R","R","L","PHI","CHC","S","null","null",0,0,2016,"0.28054166666666666667","1.6018000000000000","0.6840","2.6880","592178.00","519203.00","null",1,7,"Top","null","null",,,519237,,"160606_211313",,,,,,,"3.5600","1.5300","null","null","null","92.9760","2365","6.4440",447725,542587,519237,571830,514917,596748,520471,595963,488721,517370,"54.0550","0.000","0.000","null","null","null","null","null",52,"1"
"SL","2016-06-06","86.4","3.0335","6.9288","Elvis Araujo",519203,542587,"single","hit_into_play_score",,,,,"13","Anthony Rizzo singles on a line drive to left fielder Tyler Goeddel.   Dexter Fowler scores.    Kris Bryant to 2nd.","R","L","L","PHI","CHC","X","null","line_drive",1,2,2016,"-0.29839166666666666667","0.63286666666666666667","-1.6630","1.5370","451594.00","null","592178.00",1,7,"Top","106.59","118.34",,,519237,,"160606_211145",,,,,,,"3.5100","1.6900","145","92.8","7.6420","85.0190","null","5.7890",447725,542587,519237,571830,514917,596748,520471,595963,488721,517370,"54.7108","0.645","0.609","0.90",1,1,0,4,51,"4"
"SL","2016-06-06","85.5","3.2155","6.8016","Elvis Araujo",519203,542587,"null","foul",,,,,"13","null","R","L","L","PHI","CHC","S","null","null",1,1,2016,"-0.34710000000000000000","0.48093333333333333333","-0.6380","1.0600","451594.00","null","592178.00",1,7,"Top","null","null",,,519237,,"160606_211114",,,,,,,"3.5100","1.6900","null","null","null","84.2150","null","5.9110",447725,542587,519237,571830,514917,596748,520471,595963,488721,517370,"54.5884","0.000","0.000","null","null","null","null","null",51,"3"
"FF","2016-06-06","92.7","3.0006","6.8347","Elvis Araujo",519203,542587,"null","called_strike",,,,,"8","null","R","L","L","PHI","CHC","S","null","null",1,0,2016,"0.33342500000000000000","2.0189000000000000","-0.2740","2.3390","451594.00","null","592178.00",1,7,"Top","null","null",,,519237,,"160606_211059",,,,,,,"3.7000","1.8500","null","null","null","92.2590","2388","6.3720",447725,542587,519237,571830,514917,596748,520471,595963,488721,517370,"54.1275","0.000","0.000","null","null","null","null","null",51,"2"
"FF","2016-06-06","94.3","3.1171","6.8210","Elvis Araujo",519203,542587,"null","ball",,,,,"7","null","R","L","L","PHI","CHC","B","null","null",0,0,2016,"0.40161666666666666667","1.9099666666666667","-0.2990","1.7430","451594.00","null","592178.00",1,7,"Top","null","null",,,519237,,"160606_211040",,,,,,,"3.8000","1.8100","null","null","null","93.5960","2429","6.2410",447725,542587,519237,571830,514917,596748,520471,595963,488721,517370,"54.2579","0.000","0.000","null","null","null","null","null",51,"1"
"SL","2016-06-06","86.2","3.4561","6.7155","Elvis Araujo",592178,542587,"single","hit_into_play_no_out",,,,,"9","Kris Bryant singles on a line drive to right fielder Jimmy Paredes.   Dexter Fowler to 3rd.","R","R","L","PHI","CHC","X","null","line_drive",2,2,2016,"-0.38606666666666666667","0.71026666666666666667","0.5270","1.7160","null","null","451594.00",1,7,"Top","182.74","125.97",,,519237,,"160606_210943",,,,,,,"3.3000","1.4500","242","90.7","14.7840","85.1160","null","5.8540",447725,542587,519237,571830,514917,596748,520471,595963,488721,517370,"54.6456","0.785","0.762","0.90",1,1,0,4,50,"6"
"FF","2016-06-06","93.1","2.9022","6.8303","Elvis Araujo",592178,542587,"null","ball",,,,,"13","null","R","R","L","PHI","CHC","B","null","null",1,2,2016,"0.52408333333333333333","1.8196666666666667","-1.2660","2.1910","null","null","451594.00",1,7,"Top","null","null",,,519237,,"160606_210906",,,,,,,"3.4800","1.6700","null","null","null","92.4170","2396","6.4500",447725,542587,519237,571830,514917,596748,520471,595963,488721,517370,"54.0490","0.000","0.000","null","null","null","null","null",50,"5"
"SL","2016-06-06","84.2","3.2914","6.8186","Elvis Araujo",592178,542587,"null","foul",,,,,"8","null","R","R","L","PHI","CHC","S","null","null",1,2,2016,"-0.70754166666666666667","0.75183333333333333333","0.1570","2.0140","null","null","451594.00",1,7,"Top","null","null",,,519237,,"160606_210827",,,,,,,"3.3000","1.4500","199","67.1","39.2640","83.0050","null","5.6830",447725,542587,519237,571830,514917,596748,520471,595963,488721,517370,"54.8163","0.000","0.000","null","null","null","null",4,50,"4"
"FF","2016-06-06","94.3","3.1152","6.7188","Elvis Araujo",592178,542587,"null","called_strike",,,,,"12","null","R","R","L","PHI","CHC","S","null","null",1,1,2016,"0.54217500000000000000","2.2353333333333333","1.0920","2.9460","null","null","451594.00",1,7,"Top","null","null",,,519237,,"160606_210808",,,,,,,"3.4800","1.6700","null","null","null","93.9650","2358","6.4570",447725,542587,519237,571830,514917,596748,520471,595963,488721,517370,"54.0420","0.000","0.000","null","null","null","null","null",50,"3"
"SL","2016-06-06","85.5","3.3311","6.6950","Elvis Araujo",592178,542587,"null","ball",,,,,"13","null","R","R","L","PHI","CHC","B","null","null",0,1,2016,"-0.34431666666666666667","0.51103333333333333333","-0.5230","1.2640","null","null","451594.00",1,7,"Top","null","null",,,519237,,"160606_210750",,,,,,,"3.5200","1.6700","null","null","null","84.5150","null","5.9620",447725,542587,519237,571830,514917,596748,520471,595963,488721,517370,"54.5369","0.000","0.000","null","null","null","null","null",50,"2"
"SL","2016-06-06","84.1","3.2250","6.7830","Elvis Araujo",592178,542587,"null","swinging_strike",,,,,"12","null","R","R","L","PHI","CHC","S","null","null",0,0,2016,"-0.24968333333333333333","1.08150000000000000000","0.0780","3.6290","null","null","451594.00",1,7,"Top","null","null",,,519237,,"160606_210716",,,,,,,"3.3000","1.4500","null","null","null","82.9450","null","5.7030",447725,542587,519237,571830,514917,596748,520471,595963,488721,517370,"54.7961","0.000","0.000","null","null","null","null","null",50,"1"
"FF","2016-06-06","92.9","2.9654","6.7066","Elvis Araujo",518792,542587,"field_out","hit_into_play",,,,,"4","Jason Heyward lines out to center fielder Peter Bourjos.","R","L","L","PHI","CHC","X","8","line_drive",0,1,2016,"0.67716666666666666667","2.1149333333333333","-0.3030","2.2740","null","null","451594.00",0,7,"Top","110.15","41.03",,,519237,,"160606_210606",,,,,,,"3.5300","1.6100","379","96.9","27.2680","92.5630","2234","6.6940",447725,542587,519237,571830,514917,596748,520471,595963,488721,517370,"53.8056","0.419","0.684","0.00",1,0,0,5,49,"2"
"FF","2016-06-06","93.6","3.0600","6.7491","Elvis Araujo",518792,542587,"null","called_strike",,,,,"5","null","R","L","L","PHI","CHC","S","null","null",0,0,2016,"0.66603333333333333333","1.7293666666666667","-0.0270","2.4930","null","null","451594.00",0,7,"Top","null","null",,,519237,,"160606_210549",,,,,,,"3.7700","1.7700","null","null","null","93.5910","2337","6.5570",447725,542587,519237,571830,514917,596748,520471,595963,488721,517370,"53.9427","0.000","0.000","null","null","null","null","null",49,"1"
"SL","2016-06-06","83.8","3.2737","6.8553","Elvis Araujo",451594,542587,"single","hit_into_play_no_out",,,,,"5","Dexter Fowler singles on a ground ball to center fielder Peter Bourjos.","R","R","L","PHI","CHC","X","null","ground_ball",2,2,2016,"-0.67970833333333333333","0.58556666666666666667","-0.0200","2.9250","null","null","null",0,7,"Top","114.71","96.98",,,519237,,"160606_210458",,,,,,,"3.8100","1.8200","118","96.4","6.7710","82.1450","2442","5.6240",447725,542587,519237,571830,514917,596748,520471,595963,488721,517370,"54.8751","0.645","0.609","0.90",1,1,0,4,48,"5"
"FF","2016-06-06","92.7","3.3034","6.9466","Elvis Araujo",451594,542587,"null","ball",,,,,"12","null","R","R","L","PHI","CHC","B","null","null",1,2,2016,"0.38909166666666666667","2.0705000000000000","2.5640","4.2510","null","null","null",0,7,"Top","null","null",,,519237,,"160606_210443",,,,,,,"3.5500","1.5900","null","null","null","91.6190","2328","5.8700",447725,542587,519237,571830,514917,596748,520471,595963,488721,517370,"54.6290","0.000","0.000","null","null","null","null","null",48,"4"
"SL","2016-06-06","85.2","3.2594","6.8366","Elvis Araujo",451594,542587,"null","ball",,,,,"13","null","R","R","L","PHI","CHC","B","null","null",0,2,2016,"-0.08407500000000000000","0.82493333333333333333","-1.0120","0.5620","null","null","null",0,7,"Top","null","null",,,519237,,"160606_210427",,,,,,,"3.5100","1.6300","null","null","null","83.6340","2458","5.7720",447725,542587,519237,571830,514917,596748,520471,595963,488721,517370,"54.7275","0.000","0.000","null","null","null","null","null",48,"3"
"SL","2016-06-06","82.1","3.2415","6.9031","Elvis Araujo",451594,542587,"null","called_strike",,,,,"5","null","R","R","L","PHI","CHC","S","null","null",0,1,2016,"-0.72702500000000000000","0.12976666666666666667","-0.1180","2.4150","null","null","null",0,7,"Top","null","null",,,519237,,"160606_210407",,,,,,,"3.6200","1.5900","null","null","null","80.5780","null","5.7470",447725,542587,519237,571830,514917,596748,520471,595963,488721,517370,"54.7521","0.000","0.000","null","null","null","null","null",48,"2"
"FF","2016-06-06","92.9","2.9823","6.9456","Elvis Araujo",451594,542587,"null","called_strike",,,,,"3","null","R","R","L","PHI","CHC","S","null","null",0,0,2016,"0.14276666666666666667","1.7938666666666667","0.7800","3.2720","null","null","null",0,7,"Top","null","null",,,519237,,"160606_210356",,,,,,,"3.7000","1.7000","null","null","null","92.2350","2243","6.1470",447725,542587,519237,571830,514917,596748,520471,595963,488721,517370,"54.3521","0.000","0.000","null","null","null","null","null",48,"1"
"SL","2016-06-05","83.2","3.1760","6.8508","Elvis Araujo",455117,542587,"field_out","hit_into_play",,,,,"4","Martin Maldonado flies out to left fielder Jimmy Paredes.","R","R","L","PHI","MIL","X","7","fly_ball",2,2,2016,"-0.39441666666666666667","0.68446666666666666667","-0.3970","2.1530","null","null","570717.00",2,8,"Top","90.35","111.73",,,519237,,"160605_162713",,,,,,,"3.5200","1.5100","255","97.9","56.8890","81.7520","null","5.7410",447715,542587,519237,571830,514917,596748,520471,517370,546318,488721,"54.7581","0.011","0.012","0.00",1,0,0,3,70,"5"
"FF","2016-06-05","91.2","2.7903","6.9227","Elvis Araujo",455117,542587,"null","foul",,,,,"14","null","R","R","L","PHI","MIL","S","null","null",2,1,2016,"0.50738333333333333333","1.8168000000000000","1.1600","1.8380","null","null","570717.00",2,8,"Top","null","null",,,519237,,"160605_162659",,,,,,,"3.5200","1.5100","7","75.5","-13.7890","90.1760","2214","6.1990",447715,542587,519237,571830,514917,596748,520471,517370,546318,488721,"54.3002","0.000","0.000","null","null","null","null",2,70,"4"
"FF","2016-06-05","92.2","3.1003","6.6229","Elvis Araujo",455117,542587,"null","ball",,,,,"14","null","R","R","L","PHI","MIL","B","null","null",1,1,2016,"0.61593333333333333333","2.0461333333333333","1.6720","1.4600","null","null","570717.00",2,8,"Top","null","null",,,519237,,"160605_162646",,,,,,,"3.6700","1.6000","null","null","null","91.5230","2213","6.5080",447715,542587,519237,571830,514917,596748,520471,517370,546318,488721,"53.9914","0.000","0.000","null","null","null","null","null",70,"3"
"FF","2016-06-05","92.5","2.9843","6.8160","Elvis Araujo",455117,542587,"null","called_strike",,,,,"9","null","R","R","L","PHI","MIL","S","null","null",1,0,2016,"0.16225000000000000000","2.0920000000000000","0.3530","1.7800","null","null","570717.00",2,8,"Top","null","null",,,519237,,"160605_162632",,,,,,,"3.7000","1.5600","null","null","null","91.4800","2251","6.1050",447715,542587,519237,571830,514917,596748,520471,517370,546318,488721,"54.3948","0.000","0.000","null","null","null","null","null",70,"2"
"SL","2016-06-05","82.3","3.0008","6.8021","Elvis Araujo",455117,542587,"null","ball",,,,,"14","null","R","R","L","PHI","MIL","B","null","null",0,0,2016,"-0.70197500000000000000","0.60276666666666666667","0.3510","1.0660","null","null","570717.00",2,8,"Top","null","null",,,519237,,"160605_202636",,,,,,,"3.7100","1.6000","null","null","null","80.6300","null","5.6280",447715,542587,519237,571830,514917,596748,520471,517370,546318,488721,"54.8709","0.000","0.000","null","null","null","null","null",70,"1"
"SL","2016-06-05","83.8","3.1764","6.8554","Elvis Araujo",570717,542587,"single","hit_into_play_score",,,,,"6","Ramon Flores singles on a line drive to right fielder Peter Bourjos.   Domingo Santana scores.","R","L","L","PHI","MIL","X","null","line_drive",0,0,2016,"-0.32065833333333333333","0.75470000000000000000","0.6920","2.6030","null","570267.00","null",2,8,"Top","171.57","113.26",,,519237,,"160605_162537",,,,,,,"3.7500","1.7300","249","83.4","19.3400","83.1410","null","5.9210",447715,542587,519237,571830,514917,596748,520471,517370,546318,488721,"54.5783","0.697","0.668","0.90",1,1,0,4,69,"1"
"SL","2016-06-05","83.5","2.8313","6.8106","Elvis Araujo",541650,542587,"strikeout","swinging_strike",,,,,"13","Hernan Perez strikes out swinging.  Passed ball by catcher Cameron Rupp.   Domingo Santana to 2nd.","R","R","L","PHI","MIL","S","null","null",0,2,2016,"-0.71032500000000000000","0.75756666666666666667","-1.1720","0.9030","null","null","570267.00",1,8,"Top","null","null",,,519237,,"160605_162458",,,,,,,"3.6400","1.6700","null","null","null","81.8720","null","5.5750",447715,542587,519237,571830,514917,596748,520471,517370,546318,488721,"54.9244","0.000","0.000","0.00",1,0,0,"null",68,"3"
"SL","2016-06-05","82.3","2.9195","6.8754","Elvis Araujo",541650,542587,"null","swinging_strike",,,,,"6","null","R","R","L","PHI","MIL","S","null","null",0,1,2016,"-0.74094166666666666667","0.63716666666666666667","0.3280","2.8300","null","null","570267.00",1,8,"Top","null","null",,,519237,,"160605_162440",,,,,,,"3.6400","1.6700","null","null","null","80.9330","1197","5.5020",447715,542587,519237,571830,514917,596748,520471,517370,546318,488721,"54.9970","0.000","0.000","null","null","null","null","null",68,"2"
"FF","2016-06-05","92.6","3.1162","6.8059","Elvis Araujo",541650,542587,"null","foul",,,,,"6","null","R","R","L","PHI","MIL","S","null","null",0,0,2016,"0.32368333333333333333","1.7150333333333333","0.8060","2.3510","null","null","570267.00",1,8,"Top","null","null",,,519237,,"160605_162421",,,,,,,"3.6400","1.6700","null","null","null","91.8030","2198","6.1300",447715,542587,519237,571830,514917,596748,520471,517370,546318,488721,"54.3690","0.000","0.000","null","null","null","null","null",68,"1"
"SL","2016-06-05","82.8","3.0987","6.8938","Elvis Araujo",543590,542587,"strikeout","swinging_strike",,,,,"13","Kirk Nieuwenhuis strikes out swinging.","R","L","L","PHI","MIL","S","null","null",1,2,2016,"-0.61430000000000000000","0.80773333333333333333","-0.2300","1.0870","null","null","570267.00",0,8,"Top","null","null",,,519237,,"160605_162352",,,,,,,"3.5200","1.6800","null","null","null","81.3980","null","5.7700",447715,542587,519237,571830,514917,596748,520471,517370,546318,488721,"54.7295","0.000","0.000","0.00",1,0,0,"null",67,"4"
"FF","2016-06-05","91.2","2.6817","6.8501","Elvis Araujo",543590,542587,"null","ball",,,,,"13","null","R","L","L","PHI","MIL","B","null","null",0,2,2016,"0.56026666666666666667","1.8884666666666667","-1.8700","2.1680","null","null","570267.00",0,8,"Top","null","null",,,519237,,"160605_162338",,,,,,,"3.6600","1.7700","null","null","null","90.5700","2285","6.5320",447715,542587,519237,571830,514917,596748,520471,517370,546318,488721,"53.9671","0.000","0.000","null","null","null","null","null",67,"3"
"SL","2016-06-05","83.6","3.2014","6.8468","Elvis Araujo",543590,542587,"null","called_strike",,,,,"5","null","R","L","L","PHI","MIL","S","null","null",0,1,2016,"-0.50575000000000000000","0.71456666666666666667","0.0270","2.5660","null","null","570267.00",0,8,"Top","null","null",,,519237,,"160605_162324",,,,,,,"3.5500","1.7700","null","null","null","82.3270","2519","5.6960",447715,542587,519237,571830,514917,596748,520471,517370,546318,488721,"54.8034","0.000","0.000","null","null","null","null","null",67,"2"
"SL","2016-06-05","84.1","2.7840","6.8855","Elvis Araujo",543590,542587,"null","called_strike",,,,,"4","null","R","L","L","PHI","MIL","S","null","null",0,0,2016,"-0.49879166666666666667","0.46803333333333333333","-0.4460","2.9300","null","null","570267.00",0,8,"Top","null","null",,,519237,,"160605_162310",,,,,,,"3.5900","1.7400","null","null","null","82.9670","1238","5.7490",447715,542587,519237,571830,514917,596748,520471,517370,546318,488721,"54.7501","0.000","0.000","null","null","null","null","null",67,"1"
"FF","2016-06-05","91.7","2.9614","6.8184","Elvis Araujo",570267,542587,"walk","ball",,,,,"6","Domingo Santana walks.","R","R","L","PHI","MIL","B","null","null",3,2,2016,"0.31255000000000000000","1.8985000000000000","0.7850","3.1910","null","null","null",0,8,"Top","null","null",,,519237,,"160605_162239",,,,,,,"4.1500","1.9300","null","null","null","91.6010","2294","6.4370",447715,542587,519237,571830,514917,596748,520471,517370,546318,488721,"54.0620","0.000","0.000","0.70",1,0,0,"null",66,"7"
"FF","2016-06-05","91.2","2.9125","6.9888","Elvis Araujo",570267,542587,"null","foul",,,,,"5","null","R","R","L","PHI","MIL","S","null","null",3,2,2016,"0.04813333333333333333","1.7580333333333333","-0.2310","3.1320","null","null","null",0,8,"Top","null","null",,,519237,,"160605_162219",,,,,,,"4.1500","1.8500","null","null","null","90.4810","2086","6.0780",447715,542587,519237,571830,514917,596748,520471,517370,546318,488721,"54.4215","0.000","0.000","null","null","null","null","null",66,"6"
"FF","2016-06-05","90.3","2.4624","7.0236","Elvis Araujo",570267,542587,"null","swinging_strike",,,,,"13","null","R","R","L","PHI","MIL","S","null","null",3,1,2016,"-0.04093333333333333333","1.9300333333333333","-1.1320","1.3210","null","null","null",0,8,"Top","null","null",,,519237,,"160605_162204",,,,,,,"4.1500","1.8500","null","null","null","89.7150","2124","6.3080",447715,542587,519237,571830,514917,596748,520471,517370,546318,488721,"54.1918","0.000","0.000","null","null","null","null","null",66,"5"
"FF","2016-06-05","90.1","2.8097","6.9905","Elvis Araujo",570267,542587,"null","ball",,,,,"14","null","R","R","L","PHI","MIL","B","null","null",2,1,2016,"0.48372500000000000000","1.8053333333333333","1.0570","2.0200","null","null","null",0,8,"Top","null","null",,,519237,,"160605_162150",,,,,,,"4.1500","1.9300","null","null","null","89.4300","2288","6.0980",447715,542587,519237,571830,514917,596748,520471,517370,546318,488721,"54.4017","0.000","0.000","null","null","null","null","null",66,"4"
"FF","2016-06-05","91.3","3.0548","6.9777","Elvis Araujo",570267,542587,"null","ball",,,,,"12","null","R","R","L","PHI","MIL","B","null","null",1,1,2016,"0.19147500000000000000","1.8024666666666667","1.1040","3.6590","null","null","null",0,8,"Top","null","null",,,519237,,"160605_162137",,,,,,,"4.1400","1.8900","null","null","null","90.4840","2177","6.0380",447715,542587,519237,571830,514917,596748,520471,517370,546318,488721,"54.4617","0.000","0.000","null","null","null","null","null",66,"3"
"FF","2016-06-05","90.7","2.5625","7.0110","Elvis Araujo",570267,542587,"null","ball",,,,,"13","null","R","R","L","PHI","MIL","B","null","null",0,1,2016,"0.26105833333333333333","2.0848333333333333","-1.2900","2.2010","null","null","null",0,8,"Top","null","null",,,519237,,"160605_162125",,,,,,,"4.1800","1.8900","null","null","null","90.1770","2252","6.3640",447715,542587,519237,571830,514917,596748,520471,517370,546318,488721,"54.1359","0.000","0.000","null","null","null","null","null",66,"2"
"FF","2016-06-05","91.3","2.9073","6.9538","Elvis Araujo",570267,542587,"null","foul",,,,,"5","null","R","R","L","PHI","MIL","S","null","null",0,0,2016,"0.37239166666666666667","1.9501000000000000","-0.0430","2.7260","null","null","null",0,8,"Top","null","null",,,519237,,"160605_162102",,,,,,,"4.1500","1.8500","241","77.9","38.3480","90.4050","2271","6.0470",447715,542587,519237,571830,514917,596748,520471,517370,546318,488721,"54.4526","0.000","0.000","null","null","null","null",3,66,"1"
"SL","2016-06-01","84.8","3.0940","6.8975","Elvis Araujo",475582,542587,"strikeout","swinging_strike_blocked",,,,,"13","Ryan Zimmerman strikes out swinging.","R","R","L","PHI","WSH","S","null","null",2,2,2016,"-0.15783333333333333333","0.65580000000000000000","-0.9890","0.5520","null","150029.00","null",2,9,"Top","null","null",,,519237,,"",,,,,,,"3.6700","1.6700","null","null","null","83.2580","null","5.7430",447668,542587,519237,571830,514917,433217,520471,595963,546318,518953,"54.7568","0.000","0.000","0.00",1,0,0,"null",71,"6"
"SL","2016-06-01","84.0","3.2878","6.7683","Elvis Araujo",475582,542587,"null","foul",,,,,"6","null","R","R","L","PHI","WSH","S","null","null",2,2,2016,"-0.38606666666666666667","0.69736666666666666667","0.7210","2.3870","null","150029.00","null",2,9,"Top","null","null",,,519237,,"",,,,,,,"3.7400","1.6700","null","null","null","83.0020","null","5.8570",447668,542587,519237,571830,514917,433217,520471,595963,546318,518953,"54.6428","0.000","0.000","null","null","null","null","null",71,"5"
"FF","2016-06-01","92.5","3.3549","6.7676","Elvis Araujo",475582,542587,"null","swinging_strike",,,,,"12","null","R","R","L","PHI","WSH","S","null","null",2,1,2016,"0.56861666666666666667","1.7480000000000000","0.9770","3.8870","null","150029.00","null",2,9,"Top","null","null",,,519237,,"",,,,,,,"3.6700","1.6700","null","null","null","91.4200","2213","6.1670",447668,542587,519237,571830,514917,433217,520471,595963,546318,518953,"54.3320","0.000","0.000","null","null","null","null","null",71,"4"
"FF","2016-06-01","92.9","3.0446","6.8104","Elvis Araujo",475582,542587,"null","foul",,,,,"8","null","R","R","L","PHI","WSH","S","null","null",2,0,2016,"0.59227500000000000000","1.7164666666666667","0.0710","1.7300","null","150029.00","null",2,9,"Top","null","null",,,519237,,"",,,,,,,"3.6000","1.6700","null","null","null","91.6050","2190","6.1910",447668,542587,519237,571830,514917,433217,520471,595963,546318,518953,"54.3088","0.000","0.000","null","null","null","null","null",71,"3"
"FF","2016-06-01","91.6","3.1228","6.8112","Elvis Araujo",475582,542587,"null","ball",,,,,"13","null","R","R","L","PHI","WSH","B","null","null",1,0,2016,"0.29167500000000000000","2.1163666666666667","-0.9300","1.0840","null","150029.00","null",2,9,"Top","null","null",,,519237,,"",,,,,,,"3.8200","1.6700","null","null","null","90.6270","2180","6.2800",447668,542587,519237,571830,514917,433217,520471,595963,546318,518953,"54.2196","0.000","0.000","null","null","null","null","null",71,"2"
"FF","2016-06-01","93.4","3.4698","6.7941","Elvis Araujo",475582,542587,"null","ball",,,,,"14","null","R","R","L","PHI","WSH","B","null","null",0,0,2016,"0.31115833333333333333","1.8454666666666667","1.1620","2.7580","null","150029.00","null",2,9,"Top","null","null",,,"null",,"",,,,,,,"3.8600","1.6700","null","null","null","null","null","null",447668,"null","null","null","null","null","null","null","null","null","54.4809","0.000","0.000","null","null","null","null","null",71,"1"
"SL","2016-06-01","83.4","3.2880","6.8514","Elvis Araujo",502517,542587,"field_out","hit_into_play",,,,,"14","Daniel Murphy pops out to second baseman Cesar Hernandez.","R","L","L","PHI","WSH","X","4","popup",0,1,2016,"-0.76460000000000000000","0.41213333333333333333","0.0630","1.1920","null","150029.00","null",1,9,"Top","138.74","150.93",,,519237,,"160601_213618",,,,,,,"3.5200","1.5900","129","70.1","63.4720","81.8380","2226","5.6320",447668,542587,519237,571830,514917,433217,520471,595963,546318,518953,"54.8678","0.005","0.005","0.00",1,0,0,3,70,"2"
"FF","2016-06-01","92.0","3.1539","6.8450","Elvis Araujo",502517,542587,"null","called_strike",,,,,"6","null","R","L","L","PHI","WSH","S","null","null",0,0,2016,"0.44475833333333333333","1.9687333333333333","0.4660","2.7480","null","150029.00","null",1,9,"Top","null","null",,,519237,,"160601_213558",,,,,,,"3.5500","1.5900","null","null","null","90.8680","2139","6.1620",447668,542587,519237,571830,514917,433217,520471,595963,546318,518953,"54.3370","0.000","0.000","null","null","null","null","null",70,"1"
"SL","2016-06-01","84.7","3.4419","6.8366","Elvis Araujo",150029,542587,"double","hit_into_play_no_out",,,,,"8","Jayson Werth doubles (9) on a line drive to left fielder Tyler Goeddel.","R","R","L","PHI","WSH","X","null","line_drive",3,2,2016,"-0.55724166666666666667","0.91236666666666666667","0.2560","1.6520","null","null","null",1,9,"Top","118.92","48.79",,,519237,,"160601_213502",,,,,,,"3.7400","1.6600","377","100.0","20.0810","83.4370","2338","5.7520",447668,542587,519237,571830,514917,433217,520471,595963,546318,518953,"54.7477","0.513","0.686","1.25",1,1,1,5,69,"6"
"FF","2016-06-01","91.6","3.4448","6.6729","Elvis Araujo",150029,542587,"null","ball",,,,,"12","null","R","R","L","PHI","WSH","B","null","null",2,2,2016,"1.0306500000000000","1.4570333333333333","1.9260","3.3530","null","null","null",1,9,"Top","null","null",,,519237,,"160601_213449",,,,,,,"3.8900","1.6600","null","null","null","90.9120","2081","6.1300",447668,542587,519237,571830,514917,433217,520471,595963,546318,518953,"54.3690","0.000","0.000","null","null","null","null","null",69,"5"
"FF","2016-06-01","91.4","3.0250","6.9390","Elvis Araujo",150029,542587,"null","called_strike",,,,,"14","null","R","R","L","PHI","WSH","S","null","null",2,1,2016,"0.30698333333333333333","1.9443666666666667","0.8800","1.9160","null","null","null",1,9,"Top","null","null",,,519237,,"160601_213435",,,,,,,"3.8200","1.6600","null","null","null","90.4460","2304","6.1280",447668,542587,519237,571830,514917,433217,520471,595963,546318,518953,"54.3718","0.000","0.000","null","null","null","null","null",69,"4"
"FF","2016-06-01","91.5","3.1877","6.7214","Elvis Araujo",150029,542587,"null","ball",,,,,"13","null","R","R","L","PHI","WSH","B","null","null",1,1,2016,"0.38491666666666666667","1.8297000000000000","-1.3320","2.2340","null","null","null",1,9,"Top","null","null",,,519237,,"160601_213417",,,,,,,"3.9600","1.6600","null","null","null","90.6030","2176","6.2730",447668,542587,519237,571830,514917,433217,520471,595963,546318,518953,"54.2265","0.000","0.000","null","null","null","null","null",69,"3"
"FF","2016-06-01","91.6","3.4574","6.6029","Elvis Araujo",150029,542587,"null","ball",,,,,"14","null","R","R","L","PHI","WSH","B","null","null",0,1,2016,"1.1823416666666667","1.6118333333333333","1.4830","2.2360","null","null","null",1,9,"Top","null","null",,,519237,,"160601_213406",,,,,,,"3.9300","1.6600","null","null","null","90.4820","2026","6.1650",447668,542587,519237,571830,514917,433217,520471,595963,546318,518953,"54.3343","0.000","0.000","null","null","null","null","null",69,"2"
"SL","2016-06-01","83.3","3.0969","6.9572","Elvis Araujo",150029,542587,"null","called_strike",,,,,"7","null","R","R","L","PHI","WSH","S","null","null",0,0,2016,"-0.59760000000000000000","0.81633333333333333333","-0.3110","1.9220","null","null","null",1,9,"Top","null","null",,,519237,,"160601_213356",,,,,,,"3.9300","1.6600","null","null","null","81.8880","2414","5.5620",447668,542587,519237,571830,514917,433217,520471,595963,546318,518953,"54.9378","0.000","0.000","null","null","null","null","null",69,"1"
"SL","2016-06-01","83.3","3.2719","6.9351","Elvis Araujo",502317,542587,"field_out","hit_into_play",,,,,"2","Chris Heisey flies out to center fielder Odubel Herrera.","R","R","L","PHI","WSH","X","8","fly_ball",0,1,2016,"-0.75485833333333333333","0.67730000000000000000","-0.1130","3.1580","null","null","null",0,9,"Top","130.61","64.54",,,519237,,"160601_213321",,,,,,,"3.8200","1.5800","356","95.7","34.1250","81.4230","2343","5.4940",447668,542587,519237,571830,514917,433217,520471,595963,546318,518953,"55.0057","0.213","0.384","0.00",1,0,0,3,68,"2"
"FF","2016-06-01","91.5","3.2938","6.8642","Elvis Araujo",502317,542587,"null","called_strike",,,,,"6","null","R","R","L","PHI","WSH","S","null","null",0,0,2016,"0.73700833333333333333","2.0117333333333333","0.7360","2.7530","null","null","null",0,9,"Top","null","null",,,519237,,"160601_213307",,,,,,,"3.9300","1.5800","null","null","null","90.3310","2297","6.0280",447668,542587,519237,571830,514917,433217,520471,595963,546318,518953,"54.4710","0.000","0.000","null","null","null","null","null",68,"1"
"FF","2016-06-01","92.6","3.1177","6.8061","Elvis Araujo",453286,542587,"double_play","hit_into_play",,,,,"6","Max Scherzer lines into a double play, second baseman Cesar Hernandez to first baseman Tommy Joseph.   Michael Taylor doubled off 1st.","R","R","L","PHI","WSH","X","4","line_drive",3,2,2016,"0.39048333333333333333","1.6792000000000000","0.3200","2.6890","null","null","572191.00",1,8,"Top","156.02","158.05",,,519237,,"160601_212108",,,,,,,"3.7400","1.6900","185","99.2","10.0220","91.8390","2237","6.2700",447668,542587,519237,571830,514917,433217,520471,595963,546318,518953,"54.2292","0.822","0.793","0.00",1,0,0,4,63,"6"
"FF","2016-06-01","91.9","2.8927","6.9183","Elvis Araujo",453286,542587,"null","swinging_strike",,,,,"8","null","R","R","L","PHI","WSH","S","null","null",3,1,2016,"0.26662500000000000000","1.7910000000000000","0.1420","2.2620","null","null","572191.00",1,8,"Top","null","null",,,519237,,"160601_212049",,,,,,,"3.5600","1.6900","null","null","null","91.2680","2139","6.3540",447668,542587,519237,571830,514917,433217,520471,595963,546318,518953,"54.1452","0.000","0.000","null","null","null","null","null",63,"5"
"FF","2016-06-01","92.2","3.0804","6.7614","Elvis Araujo",453286,542587,"null","ball",,,,,"13","null","R","R","L","PHI","WSH","B","null","null",2,1,2016,"0.25270833333333333333","1.6376333333333333","-1.4250","1.4150","null","null","572191.00",1,8,"Top","null","null",,,519237,,"160601_212028",,,,,,,"3.6100","1.6900","null","null","null","91.4600","2213","6.3100",447668,542587,519237,571830,514917,433217,520471,595963,546318,518953,"54.1896","0.000","0.000","null","null","null","null","null",63,"4"
"FF","2016-06-01","93.8","2.9596","6.8004","Elvis Araujo",453286,542587,"null","foul_tip",,,,,"3","null","R","R","L","PHI","WSH","S","null","null",2,0,2016,"0.34316666666666666667","1.5817333333333333","0.3880","3.7180","null","null","572191.00",1,8,"Top","null","null",,,519237,,"160601_211952",,,,,,,"3.7100","1.6900","null","null","null","92.9290","2292","6.2600",447668,542587,519237,571830,514917,433217,520471,595963,546318,518953,"54.2396","0.000","0.000","null","null","null","null","null",63,"3"
"FF","2016-06-01","92.1","2.8718","6.7923","Elvis Araujo",453286,542587,"null","ball",,,,,"12","null","R","R","L","PHI","WSH","B","null","null",1,0,2016,"0.23461666666666666667","1.8153666666666667","1.0510","2.8490","null","null","572191.00",1,8,"Top","null","null",,,519237,,"160601_211933",,,,,,,"3.6100","1.6900","null","null","null","92.1170","2163","6.4870",447668,542587,519237,571830,514917,433217,520471,595963,546318,518953,"54.0120","0.000","0.000","null","null","null","null","null",63,"2"
"FF","2016-06-01","93.3","3.1039","6.7940","Elvis Araujo",453286,542587,"null","ball",,,,,"12","null","R","R","L","PHI","WSH","B","null","null",0,0,2016,"0.29585000000000000000","1.7680666666666667","0.5470","4.2300","null","null","572191.00",1,8,"Top","null","null",,,519237,,"160601_211912",,,,,,,"3.6100","1.6900","null","null","null","92.9780","2178","6.4680",447668,542587,519237,571830,514917,433217,520471,595963,546318,518953,"54.0314","0.000","0.000","null","null","null","null","null",63,"1"
"FF","2016-06-01","93.8","3.0971","6.7155","Elvis Araujo",457787,542587,"strikeout","swinging_strike",,,,,"2","Danny Espinosa strikes out swinging.","R","R","L","PHI","WSH","S","null","null",1,2,2016,"0.45171666666666666667","1.7566000000000000","0.2160","3.8960","null","null","572191.00",0,8,"Top","null","null",,,519237,,"160601_211842",,,,,,,"3.9300","1.7200","null","null","null","92.4380","2237","6.0530",447668,542587,519237,571830,514917,433217,520471,595963,546318,518953,"54.4461","0.000","0.000","0.00",1,0,0,"null",62,"4"
"FF","2016-06-01","92.6","2.6342","6.8489","Elvis Araujo",457787,542587,"null","called_strike",,,,,"4","null","R","R","L","PHI","WSH","S","null","null",1,1,2016,"0.49346666666666666667","1.6362000000000000","-0.6020","3.0500","null","null","572191.00",0,8,"Top","null","null",,,519237,,"160601_211822",,,,,,,"3.8500","1.7200","null","null","null","92.3200","2216","6.4230",447668,542587,519237,571830,514917,433217,520471,595963,546318,518953,"54.0763","0.000","0.000","null","null","null","null","null",62,"3"
"FF","2016-06-01","94.0","3.0629","6.7336","Elvis Araujo",457787,542587,"null","foul",,,,,"12","null","R","R","L","PHI","WSH","S","null","null",1,0,2016,"0.40440000000000000000","1.6878000000000000","1.1010","3.2530","null","null","572191.00",0,8,"Top","null","null",,,519237,,"160601_211753",,,,,,,"3.7800","1.7200","217","76.1","47.9730","92.7630","2240","6.1580",447668,542587,519237,571830,514917,433217,520471,595963,546318,518953,"54.3415","0.000","0.000","null","null","null","null",3,62,"2"
"FF","2016-06-01","94.5","3.3030","6.6957","Elvis Araujo",457787,542587,"null","ball",,,,,"12","null","R","R","L","PHI","WSH","B","null","null",0,0,2016,"0.83860000000000000000","1.8841666666666667","1.0310","3.9550","null","null","572191.00",0,8,"Top","null","null",,,519237,,"160601_211735",,,,,,,"4.0000","1.7200","null","null","null","93.5640","2261","6.1800",447668,542587,519237,571830,514917,433217,520471,595963,546318,518953,"54.3196","0.000","0.000","null","null","null","null","null",62,"1"
"SL","2016-06-01","85.1","3.3662","6.7956","Elvis Araujo",572191,542587,"single","hit_into_play_no_out",,,,,"13","Michael Taylor singles on a line drive to left fielder Tyler Goeddel.","R","R","L","PHI","WSH","X","null","line_drive",1,1,2016,"-0.26360000000000000000","0.72890000000000000000","-0.6310","1.1160","null","null","null",0,8,"Top","100.11","120.95",,,519237,,"160601_211641",,,,,,,"3.6700","1.5000","182","99.4","10.2740","83.4940","2450","5.7040",447668,542587,519237,571830,514917,433217,520471,595963,546318,518953,"54.7954","0.822","0.793","0.90",1,1,0,4,61,"3"
"SL","2016-06-01","85.3","3.4321","6.8139","Elvis Araujo",572191,542587,"null","ball",,,,,"3","null","R","R","L","PHI","WSH","B","null","null",0,1,2016,"-0.50296666666666666667","0.49383333333333333333","0.3980","3.2010","null","null","null",0,8,"Top","null","null",,,519237,,"160601_211628",,,,,,,"3.7800","1.4200","null","null","null","83.9670","2423","5.6730",447668,542587,519237,571830,514917,433217,520471,595963,546318,518953,"54.8263","0.000","0.000","null","null","null","null","null",61,"2"
"FF","2016-06-01","92.8","3.2245","6.8356","Elvis Araujo",572191,542587,"null","called_strike",,,,,"6","null","R","R","L","PHI","WSH","S","null","null",0,0,2016,"0.34038333333333333333","1.8856000000000000","0.7280","2.6230","null","null","null",0,8,"Top","null","null",,,519237,,"160601_211617",,,,,,,"3.8500","1.5000","null","null","null","91.8080","2232","6.1400",447668,542587,519237,571830,514917,433217,520471,595963,546318,518953,"54.3592","0.000","0.000","null","null","null","null","null",61,"1"
"SL","2016-05-28","85.1","3.0649","6.4608","Elvis Araujo",450314,542587,"strikeout","swinging_strike",,,,,"13","Ben Zobrist strikes out swinging.","R","R","L","CHC","PHI","S","null","null",2,2,2016,"-0.59620833333333333333","0.93816666666666666667","-1.0030","0.9910","null","null","null",2,8,"Bot","null","null",,,519237,,"160528_153212",,,,,,,"3.6900","1.7200","null","null","null","83.3510","null","5.5100",447604,542587,519237,429667,514917,596748,520471,518953,546318,488721,"54.9891","0.000","0.000","0.00",1,0,0,"null",61,"5"
"FF","2016-05-28","94.5","2.8941","6.4846","Elvis Araujo",450314,542587,"null","called_strike",,,,,"6","null","R","R","L","CHC","PHI","S","null","null",2,1,2016,"0.55470000000000000000","1.8153666666666667","0.3290","2.9510","null","null","null",2,8,"Bot","null","null",,,519237,,"160528_153158",,,,,,,"3.7200","1.7200","null","null","null","93.6550","2457","6.0870",447604,542587,519237,429667,514917,596748,520471,518953,546318,488721,"54.4123","0.000","0.000","null","null","null","null","null",61,"4"
"CH","2016-05-28","89.0","3.1470","6.1704","Elvis Araujo",450314,542587,"null","ball",,,,,"14","null","R","R","L","CHC","PHI","B","null","null",1,1,2016,"1.1141500000000000","1.08293333333333333333","1.1170","0.2340","null","null","null",2,8,"Bot","null","null",,,519237,,"160528_153129",,,,,,,"3.7700","1.7200","null","null","null","88.7350","2138","6.4170",447604,542587,519237,429667,514917,596748,520471,518953,546318,488721,"54.0827","0.000","0.000","null","null","null","null","null",61,"3"
"FF","2016-05-28","93.9","3.0795","6.3911","Elvis Araujo",450314,542587,"null","called_strike",,,,,"5","null","R","R","L","CHC","PHI","S","null","null",1,0,2016,"0.42666666666666666667","1.8368666666666667","0.2700","2.9300","null","null","null",2,8,"Bot","null","null",,,519237,,"160528_153101",,,,,,,"3.8600","1.7200","null","null","null","93.1530","2206","6.2340",447604,542587,519237,429667,514917,596748,520471,518953,546318,488721,"54.2653","0.000","0.000","null","null","null","null","null",61,"2"
"FF","2016-05-28","93.3","2.8608","6.3288","Elvis Araujo",450314,542587,"null","ball",,,,,"13","null","R","R","L","CHC","PHI","B","null","null",0,0,2016,"0.9568916666666667","1.7652000000000000","-1.1480","1.8630","null","null","null",2,8,"Bot","null","null",,,519237,,"160528_153047",,,,,,,"3.8600","1.7200","null","null","null","92.9650","2276","6.2900",447604,542587,519237,429667,514917,596748,520471,518953,546318,488721,"54.2098","0.000","0.000","null","null","null","null","null",61,"1"
"SL","2016-05-28","84.2","3.1433","6.2962","Elvis Araujo",519203,542587,"field_out","hit_into_play",,,,,"8","Anthony Rizzo flies out to center fielder Odubel Herrera.","R","L","L","CHC","PHI","X","8","fly_ball",1,2,2016,"-0.79521666666666666667","0.78910000000000000000","-0.0040","1.6750","null","null","null",1,8,"Bot","164.47","61.55",,,519237,,"160528_153007",,,,,,,"3.4600","1.7000","354","95.5","23.7150","83.2890","2635","5.7290",447604,542587,519237,429667,514917,596748,520471,518953,546318,488721,"54.7702","0.343","0.494","0.00",1,0,0,5,60,"4"
"SL","2016-05-28","84.7","3.1646","6.4401","Elvis Araujo",519203,542587,"null","called_strike",,,,,"5","null","R","L","L","CHC","PHI","S","null","null",1,1,2016,"-0.52245000000000000000","0.71026666666666666667","0.1160","2.6740","null","null","null",1,8,"Bot","null","null",,,519237,,"160528_152955",,,,,,,"3.6500","1.7000","null","null","null","83.9060","1231","5.6580",447604,542587,519237,429667,514917,596748,520471,518953,546318,488721,"54.8410","0.000","0.000","null","null","null","null","null",60,"3"
"FF","2016-05-28","91.9","2.6516","6.5875","Elvis Araujo",519203,542587,"null","called_strike",,,,,"7","null","R","L","L","CHC","PHI","S","null","null",1,0,2016,"0.40161666666666666667","2.2697333333333333","-0.5670","1.8000","null","null","null",1,8,"Bot","null","null",,,519237,,"160528_152929",,,,,,,"3.6000","1.7000","null","null","null","90.9290","2390","6.2260",447604,542587,519237,429667,514917,596748,520471,518953,546318,488721,"54.2740","0.000","0.000","null","null","null","null","null",60,"2"
"SL","2016-05-28","84.9","3.0501","6.4553","Elvis Araujo",519203,542587,"null","ball",,,,,"13","null","R","L","L","CHC","PHI","B","null","null",0,0,2016,"-0.47652500000000000000","0.94390000000000000000","-0.8270","1.4190","null","null","null",1,8,"Bot","null","null",,,519237,,"160528_152913",,,,,,,"3.6300","1.7000","null","null","null","83.5430","null","5.5790",447604,542587,519237,429667,514917,596748,520471,518953,546318,488721,"54.9206","0.000","0.000","null","null","null","null","null",60,"1"
"SL","2016-05-28","82.5","2.8761","6.5097","Elvis Araujo",592178,542587,"field_out","hit_into_play",,,,,"5","Kris Bryant flies out to center fielder Odubel Herrera.","R","R","L","CHC","PHI","X","8","fly_ball",1,1,2016,"-0.41529166666666666667","0.89803333333333333333","0.0680","2.7480","null","null","null",0,8,"Bot","133.00","69.18",,,519237,,"160528_152831",,,,,,,"3.4400","1.6300","296","102.8","52.4990","80.9220","2556","5.5170",447604,542587,519237,429667,514917,596748,520471,518953,546318,488721,"54.9821","0.016","0.023","0.00",1,0,0,3,59,"3"
"SL","2016-05-28","84.8","3.2062","6.5132","Elvis Araujo",592178,542587,"null","ball",,,,,"14","null","R","R","L","CHC","PHI","B","null","null",0,1,2016,"-0.56698333333333333333","0.84356666666666666667","1.2790","2.1060","null","null","null",0,8,"Bot","null","null",,,519237,,"160528_152816",,,,,,,"3.4400","1.6300","null","null","null","83.4100","2421","5.5480",447604,542587,519237,429667,514917,596748,520471,518953,546318,488721,"54.9512","0.000","0.000","null","null","null","null","null",59,"2"
"FF","2016-05-28","93.4","2.9131","6.4588","Elvis Araujo",592178,542587,"null","called_strike",,,,,"4","null","R","R","L","CHC","PHI","S","null","null",0,0,2016,"0.69108333333333333333","2.0404000000000000","-0.3770","2.3070","null","null","null",0,8,"Bot","null","null",,,519237,,"160528_152801",,,,,,,"3.4700","1.6300","null","null","null","92.0420","2432","6.0440",447604,542587,519237,429667,514917,596748,520471,518953,546318,488721,"54.4555","0.000","0.000","null","null","null","null","null",59,"1"
"FF","2016-05-20","94.0","2.6137","6.9089","Elvis Araujo",605480,542587,"force_out","hit_into_play",,,,,"2","Mallex Smith grounds into a force out, fielded by shortstop Freddy Galvis.   Jeff Francoeur out at 2nd.","R","L","L","PHI","ATL","X","6","ground_ball",2,2,2016,"0.42805833333333333333","1.9501000000000000","0.1720","2.7800","null","null","425796.00",2,8,"Top","114.22","148.02",,,519237,,"160520_212826",,,,,,,"3.3300","1.4900","10","96.3","-18.5860","93.3600","2244","6.3940",447487,542587,519237,429667,514917,596748,520471,595963,546318,488721,"54.1055","0.166","0.152","0.00",1,0,0,2,64,"7"
"FF","2016-05-20","93.2","2.7371","6.9494","Elvis Araujo",605480,542587,"null","foul",,,,,"1","null","R","L","L","PHI","ATL","S","null","null",2,2,2016,"0.60062500000000000000","1.8583666666666667","-0.6880","2.9220","null","null","425796.00",2,8,"Top","null","null",,,519237,,"160520_212806",,,,,,,"3.3300","1.4900","285","90.0","23.7110","92.5530","2310","6.2470",447487,542587,519237,429667,514917,596748,520471,595963,546318,488721,"54.2523","0.000","0.000","null","null","null","null",3,64,"6"
"SL","2016-05-20","84.0","3.2573","6.8092","Elvis Araujo",605480,542587,"null","ball",,,,,"3","null","R","L","L","PHI","ATL","B","null","null",1,2,2016,"-0.46121666666666666667","0.54256666666666666667","0.4440","3.7270","null","null","425796.00",2,8,"Top","null","null",,,519237,,"160520_212747",,,,,,,"3.6300","1.5700","null","null","null","82.4090","2331","5.6170",447487,542587,519237,429667,514917,596748,520471,595963,546318,488721,"54.8828","0.000","0.000","null","null","null","null","null",64,"5"
"SL","2016-05-20","84.3","3.0333","6.7547","Elvis Araujo",605480,542587,"null","foul",,,,,"7","null","R","L","L","PHI","ATL","S","null","null",1,2,2016,"-0.39998333333333333333","0.57696666666666666667","-0.7470","1.4530","null","null","425796.00",2,8,"Top","null","null",,,519237,,"160520_212709",,,,,,,"3.3300","1.4900","null","null","null","82.9320","null","5.7670",447487,542587,519237,429667,514917,596748,520471,595963,546318,488721,"54.7322","0.000","0.000","null","null","null","null","null",64,"4"
"FF","2016-05-20","92.1","2.7893","7.1256","Elvis Araujo",605480,542587,"null","foul",,,,,"3","null","R","L","L","PHI","ATL","S","null","null",1,1,2016,"0.66325000000000000000","1.9171333333333333","0.3690","3.1430","null","null","425796.00",2,8,"Top","null","null",,,519237,,"160520_212638",,,,,,,"3.3300","1.4900","null","null","null","90.6260","2379","6.1460",447487,542587,519237,429667,514917,596748,520471,595963,546318,488721,"54.3530","0.000","0.000","null","null","null","null","null",64,"3"
"FF","2016-05-20","93.1","2.9151","6.9111","Elvis Araujo",605480,542587,"null","called_strike",,,,,"7","null","R","L","L","PHI","ATL","S","null","null",1,0,2016,"0.48233333333333333333","1.9429333333333333","-0.6730","1.4950","null","null","425796.00",2,8,"Top","null","null",,,519237,,"160520_212621",,,,,,,"3.3300","1.4900","null","null","null","91.8410","2384","6.2650",447487,542587,519237,429667,514917,596748,520471,595963,546318,488721,"54.2343","0.000","0.000","null","null","null","null","null",64,"2"
"FF","2016-05-20","93.1","2.9269","6.9401","Elvis Araujo",605480,542587,"null","ball",,,,,"13","null","R","L","L","PHI","ATL","B","null","null",0,0,2016,"0.65490000000000000000","2.0862666666666667","-1.2000","1.4720","null","null","425796.00",2,8,"Top","null","null",,,519237,,"160520_212607",,,,,,,"3.8600","1.7500","null","null","null","91.3000","2304","6.2470",447487,542587,519237,429667,514917,596748,520471,595963,546318,488721,"54.2523","0.000","0.000","null","null","null","null","null",64,"1"
"FF","2016-05-20","92.6","2.8255","6.9701","Elvis Araujo",425796,542587,"walk","ball",,,,,"13","Jeff Francoeur walks.","R","R","L","PHI","ATL","B","null","null",3,2,2016,"0.49346666666666666667","1.8727000000000000","-1.1830","2.1180","null","null","null",2,8,"Top","null","null",,,519237,,"160520_212533",,,,,,,"3.7100","1.7500","null","null","null","91.3610","2363","6.1930",447487,542587,519237,429667,514917,596748,520471,595963,546318,488721,"54.3059","0.000","0.000","0.70",1,0,0,"null",63,"6"
"FF","2016-05-20","92.3","2.7018","7.0633","Elvis Araujo",425796,542587,"null","swinging_strike",,,,,"14","null","R","R","L","PHI","ATL","S","null","null",3,1,2016,"0.81355000000000000000","1.9974000000000000","0.9870","2.0940","null","null","null",2,8,"Top","null","null",,,519237,,"160520_212514",,,,,,,"3.4600","1.6000","null","null","null","90.9310","2384","6.1450",447487,542587,519237,429667,514917,596748,520471,595963,546318,488721,"54.3546","0.000","0.000","null","null","null","null","null",63,"5"
"FF","2016-05-20","92.7","3.0485","7.0586","Elvis Araujo",425796,542587,"null","called_strike",,,,,"14","null","R","R","L","PHI","ATL","S","null","null",3,0,2016,"0.71613333333333333333","2.1034666666666667","0.9810","2.6440","null","null","null",2,8,"Top","null","null",,,519237,,"160520_212500",,,,,,,"3.7100","1.6000","null","null","null","91.2370","2436","6.0020",447487,542587,519237,429667,514917,596748,520471,595963,546318,488721,"54.4970","0.000","0.000","null","null","null","null","null",63,"4"
"FF","2016-05-20","93.7","2.8076","7.0515","Elvis Araujo",425796,542587,"null","ball",,,,,"14","null","R","R","L","PHI","ATL","B","null","null",2,0,2016,"0.88591666666666666667","2.0848333333333333","0.3380","1.3160","null","null","null",2,8,"Top","null","null",,,519237,,"160520_212446",,,,,,,"3.6800","1.6000","null","null","null","91.8240","2465","6.0920",447487,542587,519237,429667,514917,596748,520471,595963,546318,488721,"54.4072","0.000","0.000","null","null","null","null","null",63,"3"
"SL","2016-05-20","85.0","2.9457","7.0573","Elvis Araujo",425796,542587,"null","ball",,,,,"13","null","R","R","L","PHI","ATL","B","null","null",1,0,2016,"-0.52245000000000000000","0.88513333333333333333","-0.0610","0.4380","null","null","null",2,8,"Top","null","null",,,519237,,"160520_212429",,,,,,,"3.5600","1.6000","null","null","null","83.0750","2530","5.5070",447487,542587,519237,429667,514917,596748,520471,595963,546318,488721,"54.9927","0.000","0.000","null","null","null","null","null",63,"2"
"FF","2016-05-20","93.6","3.0743","7.0273","Elvis Araujo",425796,542587,"null","ball",,,,,"14","null","R","R","L","PHI","ATL","B","null","null",0,0,2016,"0.72170000000000000000","1.9515333333333333","1.2030","1.7580","null","null","null",2,8,"Top","null","null",,,519237,,"",,,,,,,"3.7800","1.7900","null","null","null","92.0160","2394","6.1610",447487,542587,519237,429667,514917,596748,520471,595963,546318,488721,"54.3380","0.000","0.000","null","null","null","null","null",63,"1"
"FF","2016-05-20","92.7","3.0506","6.9319","Elvis Araujo",430947,542587,"field_out","hit_into_play",,,,,"11","Phillies challenged (play at 1st), call on the field was overturned: Erick Aybar grounds out, third baseman Maikel Franco to first baseman Ryan Howard.","R","R","L","PHI","ATL","X","5","ground_ball",0,1,2016,"0.13441666666666666667","2.0461333333333333","-0.8760","2.5990","null","null","null",1,8,"Top","107.62","175.48",,,519237,,"160520_212209",,,,,,,"3.2700","1.5600","36","71.4","-0.7380","91.2680","2247","6.1190",447487,542587,519237,429667,514917,596748,520471,595963,546318,488721,"54.3801","0.111","0.103","0.00",1,0,0,2,62,"2"
"FF","2016-05-20","92.7","2.8444","7.0256","Elvis Araujo",430947,542587,"null","called_strike",,,,,"7","null","R","R","L","PHI","ATL","S","null","null",0,0,2016,"0.27219166666666666667","1.8727000000000000","-0.5070","2.0000","null","null","null",1,8,"Top","null","null",,,519237,,"160520_212156",,,,,,,"3.4200","1.5600","null","null","null","91.4240","2328","6.0840",447487,542587,519237,429667,514917,596748,520471,595963,546318,488721,"54.4150","0.000","0.000","null","null","null","null","null",62,"1"
"SL","2016-05-20","83.4","2.9202","6.9992","Elvis Araujo",150229,542587,"field_out","hit_into_play",,,,,"7","A.  J.   Pierzynski grounds out, first baseman Ryan Howard to pitcher Elvis Araujo.","R","L","L","PHI","ATL","X","3","ground_ball",0,0,2016,"-0.55445833333333333333","0.19713333333333333333","-0.5580","2.1730","null","null","null",0,8,"Top","156.86","170.40",,,519237,,"160520_212114",,,,,,,"3.6100","1.6800","null","83.0","-21.0000","81.7800","1196","5.6050",447487,542587,519237,429667,514917,596748,520471,595963,546318,488721,"54.8949","0.075","0.069","0.00",1,0,0,2,61,"1"
"FF","2016-05-17","94.4","2.6670","6.8722","Elvis Araujo",571506,542587,"field_out","hit_into_play",,,,,"14","Justin Bour lines out to right fielder Peter Bourjos.","R","L","L","PHI","MIA","X","9","line_drive",1,1,2016,"0.43223333333333333333","2.2525333333333333","0.8890","2.2970","null","null","592885.00",1,6,"Top","193.41","97.15",,,434563,,"160517_205334",,,,,,,"3.6400","1.6500","341","95.0","19.6310","93.0870","2281","6.0740",447466,542587,434563,571830,514917,596748,520471,595963,546318,488721,"54.4250","0.320","0.392","0.00",1,0,0,4,42,"3"
"FF","2016-05-17","93.1","2.6802","6.9832","Elvis Araujo",571506,542587,"null","called_strike",,,,,"8","null","R","L","L","PHI","MIA","S","null","null",1,0,2016,"0.53104166666666666667","2.1980666666666667","-0.0560","2.5440","null","null","592885.00",1,6,"Top","null","null",,,434563,,"160517_205312",,,,,,,"3.9600","2.0000","null","null","null","92.1300","2293","6.1930",447466,542587,434563,571830,514917,596748,520471,595963,546318,488721,"54.3065","0.000","0.000","null","null","null","null","null",42,"2"
"FF","2016-05-17","95.3","2.8166","6.9615","Elvis Araujo",571506,542587,"null","ball",,,,,"1","null","R","L","L","PHI","MIA","B","null","null",0,0,2016,"0.61175833333333333333","2.0662000000000000","-0.7010","3.4540","null","null","592885.00",1,6,"Top","null","null",,,434563,,"160517_205218",,,,,,,"3.9900","1.9600","null","null","null","94.2610","2295","6.3690",447466,542587,434563,571830,514917,596748,520471,595963,546318,488721,"54.1299","0.000","0.000","null","null","null","null","null",42,"1"
"FF","2016-05-17","94.7","3.0913","6.9028","Elvis Araujo",519317,542587,"strikeout","swinging_strike",,,,,"3","Giancarlo Stanton strikes out swinging.","R","R","L","PHI","MIA","S","null","null",2,2,2016,"0.69525833333333333333","1.9959666666666667","0.4970","3.6910","null","null","592885.00",0,6,"Top","null","null",,,434563,,"160517_205146",,,,,,,"3.7200","1.7300","null","null","null","93.1020","2366","6.1050",447466,542587,434563,571830,514917,596748,520471,595963,546318,488721,"54.3944","0.000","0.000","0.00",1,0,0,"null",41,"7"
"FF","2016-05-17","94.8","3.0114","6.8469","Elvis Araujo",519317,542587,"null","foul",,,,,"13","null","R","R","L","PHI","MIA","S","null","null",2,2,2016,"0.54774166666666666667","2.1937666666666667","-0.2970","1.0210","null","null","592885.00",0,6,"Top","null","null",,,434563,,"160517_205122",,,,,,,"3.7200","1.7300","null","null","null","93.3330","2429","6.1770",447466,542587,434563,571830,514917,596748,520471,595963,546318,488721,"54.3222","0.000","0.000","null","null","null","null","null",41,"6"
"SL","2016-05-17","82.7","3.1691","6.7981","Elvis Araujo",519317,542587,"null","foul",,,,,"8","null","R","R","L","PHI","MIA","S","null","null",2,2,2016,"-0.75903333333333333333","0.35766666666666666667","-0.2330","1.6960","null","null","592885.00",0,6,"Top","null","null",,,434563,,"160517_205041",,,,,,,"3.7200","1.7300","null","null","null","81.0080","null","5.7280",447466,542587,434563,571830,514917,596748,520471,595963,546318,488721,"54.7716","0.000","0.000","null","null","null","null","null",41,"5"
"FF","2016-05-17","94.5","2.7559","6.8902","Elvis Araujo",519317,542587,"null","swinging_strike",,,,,"1","null","R","R","L","PHI","MIA","S","null","null",2,1,2016,"0.58810000000000000000","2.1235333333333333","-0.4520","3.2470","null","null","592885.00",0,6,"Top","null","null",,,434563,,"160517_205022",,,,,,,"3.7200","1.7300","null","null","null","94.3580","2475","6.9390",447466,542587,434563,571830,514917,596748,520471,595963,546318,488721,"53.5599","0.000","0.000","null","null","null","null","null",41,"4"
"FF","2016-05-17","92.9","2.9015","6.8617","Elvis Araujo",519317,542587,"null","ball",,,,,"13","null","R","R","L","PHI","MIA","B","null","null",1,1,2016,"0.42388333333333333333","2.1393000000000000","-1.9590","1.4880","null","null","592885.00",0,6,"Top","null","null",,,434563,,"160517_205004",,,,,,,"3.8600","1.7300","null","null","null","91.7620","2300","6.5470",447466,542587,434563,571830,514917,596748,520471,595963,546318,488721,"53.9520","0.000","0.000","null","null","null","null","null",41,"3"
"FF","2016-05-17","88.6","3.0400","6.6817","Elvis Araujo",519317,542587,"null","ball",,,,,"12","null","R","R","L","PHI","MIA","B","null","null",0,1,2016,"0.9861166666666667","1.20476666666666666667","1.4630","4.5640","null","null","592885.00",0,6,"Top","null","null",,,434563,,"160517_204943",,,,,,,"3.9300","1.7300","null","null","null","87.7280","2076","6.3490",447466,542587,434563,571830,514917,596748,520471,595963,546318,488721,"54.1505","0.000","0.000","null","null","null","null","null",41,"2"
"FF","2016-05-17","94.5","2.6913","6.9486","Elvis Araujo",519317,542587,"null","called_strike",,,,,"2","null","R","R","L","PHI","MIA","S","null","null",0,0,2016,"0.60340833333333333333","2.0690666666666667","0.2660","3.3580","null","null","592885.00",0,6,"Top","null","null",,,434563,,"160517_204926",,,,,,,"3.9300","1.7300","null","null","null","94.1360","2440","6.8800",447466,542587,434563,571830,514917,596748,520471,595963,546318,488721,"53.6193","0.000","0.000","null","null","null","null","null",41,"1"
"FF","2016-05-17","93.4","2.9702","6.9120","Elvis Araujo",592885,542587,"single","hit_into_play_no_out",,,,,"8","Christian Yelich singles on a ground ball to shortstop Freddy Galvis.","R","L","L","PHI","MIA","X","null","ground_ball",3,1,2016,"0.41414166666666666667","2.1006000000000000","-0.0380","2.0320","null","null","null",0,6,"Top","108.13","144.96",,,434563,,"160517_204829",,,,,,,"3.5100","1.6900","13","111.5","-7.4050","92.3280","2309","6.2240",447466,542587,434563,571830,514917,596748,520471,595963,546318,488721,"54.2758","0.461","0.421","0.90",1,1,0,2,40,"5"
"FF","2016-05-17","93.2","2.7663","7.0374","Elvis Araujo",592885,542587,"null","ball",,,,,"2","null","R","L","L","PHI","MIA","B","null","null",2,1,2016,"0.50599166666666666667","2.0045666666666667","-0.2350","3.7620","null","null","null",0,6,"Top","null","null",,,434563,,"160517_204811",,,,,,,"3.8500","1.8500","null","null","null","91.9490","2337","6.2050",447466,542587,434563,571830,514917,596748,520471,595963,546318,488721,"54.2942","0.000","0.000","null","null","null","null","null",40,"4"
"FF","2016-05-17","93.3","3.1953","6.9870","Elvis Araujo",592885,542587,"null","ball",,,,,"12","null","R","L","L","PHI","MIA","B","null","null",1,1,2016,"0.40579166666666666667","1.8942000000000000","1.2540","4.1110","null","null","null",0,6,"Top","null","null",,,434563,,"160517_204748",,,,,,,"3.8800","1.8900","null","null","null","91.9540","2338","5.9810",447466,542587,434563,571830,514917,596748,520471,595963,546318,488721,"54.5179","0.000","0.000","null","null","null","null","null",40,"3"
"FF","2016-05-17","92.9","2.9414","6.9973","Elvis Araujo",592885,542587,"null","called_strike",,,,,"5","null","R","L","L","PHI","MIA","S","null","null",1,0,2016,"0.31672500000000000000","2.3141666666666667","-0.0690","2.4910","null","null","null",0,6,"Top","null","null",,,434563,,"160517_204733",,,,,,,"3.7700","1.6900","null","null","null","91.7560","2343","6.2740",447466,542587,434563,571830,514917,596748,520471,595963,546318,488721,"54.2254","0.000","0.000","null","null","null","null","null",40,"2"
"FF","2016-05-17","93.4","2.6833","6.9897","Elvis Araujo",592885,542587,"null","ball",,,,,"13","null","R","L","L","PHI","MIA","B","null","null",0,0,2016,"0.65629166666666666667","1.9142666666666667","-0.9740","1.7390","null","null","null",0,6,"Top","null","null",,,434563,,"160517_204717",,,,,,,"3.8500","1.6900","null","null","null","92.4960","2254","6.4550",447466,542587,434563,571830,514917,596748,520471,595963,546318,488721,"54.0443","0.000","0.000","null","null","null","null","null",40,"1"
"CH","2016-05-16","87.7","3.3731","6.6545","Elvis Araujo",542303,542587,"strikeout","swinging_strike",,,,,"12","Marcell Ozuna strikes out swinging.","R","R","L","PHI","MIA","S","null","null",1,2,2016,"1.1099750000000000","1.28073333333333333333","1.6080","2.6540","445988.00","592885.00","519317.00",2,7,"Top","null","null",,,434563,,"160516_211653",,,,,,,"3.5900","1.5900","null","null","null","86.8670","2108","6.2390",447451,542587,434563,571830,514917,596748,520471,595963,546318,488721,"54.2604","0.000","0.000","0.00",1,0,0,"null",59,"4"
"FF","2016-05-16","94.5","2.8702","6.8921","Elvis Araujo",542303,542587,"null","ball",,,,,"13","null","R","R","L","PHI","MIA","B","null","null",0,2,2016,"0.60201666666666666667","1.8211000000000000","-2.1450","1.0090","445988.00","592885.00","519317.00",2,7,"Top","null","null",,,434563,,"160516_211629",,,,,,,"3.7900","1.6200","null","null","null","93.2700","2307","6.2350",447451,542587,434563,571830,514917,596748,520471,595963,546318,488721,"54.2645","0.000","0.000","null","null","null","null","null",59,"3"
"SL","2016-05-16","85.1","3.2930","6.6940","Elvis Araujo",542303,542587,"null","foul",,,,,"8","null","R","R","L","PHI","MIA","S","null","null",0,1,2016,"-0.50157500000000000000","0.60276666666666666667","0.0990","1.5900","445988.00","592885.00","519317.00",2,7,"Top","null","null",,,434563,,"160516_211601",,,,,,,"3.5900","1.5900","null","null","null","83.8270","null","5.7530",447451,542587,434563,571830,514917,596748,520471,595963,546318,488721,"54.7462","0.000","0.000","null","null","null","null","null",59,"2"
"CH","2016-05-16","88.0","3.2930","6.5281","Elvis Araujo",542303,542587,"null","called_strike",,,,,"6","null","R","R","L","PHI","MIA","S","null","null",0,0,2016,"1.3590833333333333","1.10013333333333333333","0.3580","2.4200","445988.00","592885.00","519317.00",2,7,"Top","null","null",,,434563,,"160516_211541",,,,,,,"3.9400","1.6900","null","null","null","87.2830","2080","6.3520",447451,542587,434563,571830,514917,596748,520471,595963,546318,488721,"54.1474","0.000","0.000","null","null","null","null","null",59,"1"
"FF","2016-05-16","94.9","2.7896","6.9781","Elvis Araujo",571506,542587,"strikeout","swinging_strike",,,,,"11","Justin Bour strikes out swinging.","R","L","L","PHI","MIA","S","null","null",2,2,2016,"0.63124166666666666667","2.1106333333333333","-0.2900","4.3000","445988.00","592885.00","519317.00",1,7,"Top","null","null",,,434563,,"160516_211502",,,,,,,"3.6300","1.6600","null","null","null","93.4620","2317","5.9770",447451,542587,434563,571830,514917,596748,520471,595963,546318,488721,"54.5222","0.000","0.000","0.00",1,0,0,"null",58,"5"
"SL","2016-05-16","86.2","3.0844","6.8283","Elvis Araujo",571506,542587,"null","ball",,,,,"13","null","R","L","L","PHI","MIA","B","null","null",1,2,2016,"-0.39441666666666666667","0.62856666666666666667","-1.8450","1.6850","445988.00","592885.00","519317.00",1,7,"Top","null","null",,,434563,,"160516_211442",,,,,,,"3.7800","1.7500","null","null","null","84.5330","2449","5.7340",447451,542587,434563,571830,514917,596748,520471,595963,546318,488721,"54.7653","0.000","0.000","null","null","null","null","null",58,"4"
"FF","2016-05-16","94.6","2.8346","6.9037","Elvis Araujo",571506,542587,"null","foul",,,,,"6","null","R","L","L","PHI","MIA","S","null","null",1,1,2016,"0.47398333333333333333","2.0447000000000000","0.5540","2.4040","445988.00","592885.00","519317.00",1,7,"Top","null","null",,,434563,,"160516_211418",,,,,,,"3.6300","1.6600","180","67.7","35.4470","93.7240","2377","6.3750",447451,542587,434563,571830,514917,596748,520471,595963,546318,488721,"54.1243","0.000","0.000","null","null","null","null",4,58,"3"
"FF","2016-05-16","94.9","2.7930","6.9158","Elvis Araujo",571506,542587,"null","swinging_strike",,,,,"5","null","R","L","L","PHI","MIA","S","null","null",1,0,2016,"0.31533333333333333333","2.1264000000000000","0.1890","2.9170","445988.00","592885.00","519317.00",1,7,"Top","null","null",,,434563,,"160516_211358",,,,,,,"3.6300","1.6600","null","null","null","93.9410","2372","6.2940",447451,542587,434563,571830,514917,596748,520471,595963,546318,488721,"54.2053","0.000","0.000","null","null","null","null","null",58,"2"
"FF","2016-05-16","93.9","2.7457","6.9341","Elvis Araujo",571506,542587,"null","ball",,,,,"13","null","R","L","L","PHI","MIA","B","null","null",0,0,2016,"0.49903333333333333333","2.0017000000000000","-1.0200","1.1820","445988.00","592885.00","519317.00",1,7,"Top","null","null",,,434563,,"160516_211340",,,,,,,"4.0400","2.0100","null","null","null","92.8910","2361","6.4000",447451,542587,434563,571830,514917,596748,520471,595963,546318,488721,"54.0997","0.000","0.000","null","null","null","null","null",58,"1"
"IN","2016-05-16","83.7","3.2051","7.2239","Elvis Araujo",519317,542587,"intent_walk","intent_ball",,,,,"12","Elvis Araujo intentionally walks Giancarlo Stanton.","R","R","L","PHI","MIA","B","null","null",3,0,2016,"0.20121666666666666667","2.0232000000000000","5.0200","5.5460","445988.00","592885.00","null",1,7,"Top","null","null",,,434563,,"160516_211308",,,,,,,"4.3400","2.0600","null","null","null","81.7210","2095","5.5340",447451,542587,434563,571830,514917,596748,520471,595963,546318,488721,"54.9654","0.000","0.000","0.70",1,0,0,"null",57,"4"
"IN","2016-05-16","82.3","3.3330","7.1845","Elvis Araujo",519317,542587,"null","intent_ball",,,,,"12","null","R","R","L","PHI","MIA","B","null","null",2,0,2016,"0.22209166666666666667","2.1106333333333333","4.7360","5.0130","445988.00","592885.00","null",1,7,"Top","null","null",,,"null",,"160516_211259",,,,,,,"4.4200","1.9800","null","null","null","null","null","null",447451,"null","null","null","null","null","null","null","null","null","54.7816","0.000","0.000","null","null","null","null","null",57,"3"
"IN","2016-05-16","82.8","3.3866","7.1299","Elvis Araujo",519317,542587,"null","intent_ball",,,,,"12","null","R","R","L","PHI","MIA","B","null","null",1,0,2016,"0.49207500000000000000","2.0289333333333333","5.8310","4.6450","445988.00","592885.00","null",1,7,"Top","null","null",,,434563,,"160516_211249",,,,,,,"4.4200","1.9500","null","null","null","81.0950","2022","5.7370",447451,542587,434563,571830,514917,596748,520471,595963,546318,488721,"54.7620","0.000","0.000","null","null","null","null","null",57,"2"
"IN","2016-05-16","80.9","3.4353","7.1469","Elvis Araujo",519317,542587,"null","intent_ball",,,,,"12","null","R","R","L","PHI","MIA","B","null","null",0,0,2016,"0.42110000000000000000","2.1020333333333333","6.0520","6.5690","445988.00","592885.00","null",1,7,"Top","null","null",,,434563,,"160516_211239",,,,,,,"4.3800","1.9800","null","null","null","79.1600","2050","5.7440",447451,542587,434563,571830,514917,596748,520471,595963,546318,488721,"54.7555","0.000","0.000","null","null","null","null","null",57,"1"
"SL","2016-05-16","86.4","3.1727","6.8177","Elvis Araujo",592885,542587,"double","hit_into_play_score",,,,,"4","Christian Yelich doubles (12) on a fly ball to left fielder Tyler Goeddel.   Ichiro Suzuki scores.    Martin Prado to 3rd.","R","L","L","PHI","MIA","X","null","fly_ball",1,1,2016,"-0.17592500000000000000","0.70883333333333333333","-0.3060","2.9190","null","400085.00","445988.00",1,7,"Top","35.53","103.25",,,434563,,"160516_211156",,,,,,,"3.5300","1.6900","317","100.3","21.8230","84.3130","null","5.5470",447451,542587,434563,571830,514917,596748,520471,595963,546318,488721,"54.9525","0.582","0.851","1.25",1,1,1,5,56,"3"
"FF","2016-05-16","94.3","2.8622","7.0382","Elvis Araujo",592885,542587,"null","called_strike",,,,,"13","null","R","L","L","PHI","MIA","S","null","null",1,0,2016,"0.70082500000000000000","1.8970666666666667","-1.0700","2.7030","null","400085.00","445988.00",1,7,"Top","null","null",,,434563,,"160516_211133",,,,,,,"3.8200","1.9300","null","null","null","93.0140","2271","6.2100",447451,542587,434563,571830,514917,596748,520471,595963,546318,488721,"54.2892","0.000","0.000","null","null","null","null","null",56,"2"
"SL","2016-05-16","84.8","3.1118","6.9700","Elvis Araujo",592885,542587,"null","ball",,,,,"13","null","R","L","L","PHI","MIA","B","null","null",0,0,2016,"-0.33179166666666666667","0.43363333333333333333","-1.0600","1.3590","null","400085.00","445988.00",1,7,"Top","null","null",,,434563,,"160516_211054",,,,,,,"3.8600","1.9400","null","null","null","83.0020","null","5.6890",447451,542587,434563,571830,514917,596748,520471,595963,546318,488721,"54.8104","0.000","0.000","null","null","null","null","null",56,"1"
"FF","2016-05-15","92.8","3.0486","6.8529","Elvis Araujo",553993,542587,"field_out","hit_into_play",,,,,"11","Eugenio Suarez grounds out softly, shortstop Freddy Galvis to first baseman Emmanuel Burriss.","R","R","L","PHI","CIN","X","6","ground_ball",1,2,2016,"0.17755833333333333333","1.6863666666666667","-1.0280","2.9030","571466.00","446359.00","534627.00",2,9,"Top","116.76","162.26",,,434563,,"160515_171320",,,,,,,"3.6000","1.6400","7","54.7","-22.9300","92.5730","2270","6.2300",447423,542587,434563,502034,514917,596748,520471,595963,546318,518953,"54.2691","0.073","0.068","0.00",1,0,0,1,87,"4"
"FF","2016-05-15","91.8","2.8230","7.0033","Elvis Araujo",553993,542587,"null","foul",,,,,"5","null","R","R","L","PHI","CIN","S","null","null",1,1,2016,"0.35430000000000000000","1.6405000000000000","0.2370","2.3420","571466.00","446359.00","534627.00",2,9,"Top","null","null",,,434563,,"160515_171255",,,,,,,"3.6000","1.6400","190","69.8","44.2350","90.8780","2227","6.0860",447423,542587,434563,502034,514917,596748,520471,595963,546318,518953,"54.4129","0.000","0.000","null","null","null","null",3,87,"3"
"SL","2016-05-15","83.0","3.1755","6.7768","Elvis Araujo",553993,542587,"null","called_strike",,,,,"5","null","R","R","L","PHI","CIN","S","null","null",1,0,2016,"-0.80913333333333333333","0.60276666666666666667","0.1050","2.4400","571466.00","446359.00","534627.00",2,9,"Top","null","null",,,434563,,"160515_171238",,,,,,,"3.6000","1.6400","null","null","null","81.8470","2455","5.6610",447423,542587,434563,502034,514917,596748,520471,595963,546318,518953,"54.8387","0.000","0.000","null","null","null","null","null",87,"2"
"FF","2016-05-15","94.2","2.5900","6.9157","Elvis Araujo",553993,542587,"null","ball",,,,,"13","null","R","R","L","PHI","CIN","B","null","null",0,0,2016,"0.57557500000000000000","1.5029000000000000","-1.4110","2.1830","571466.00","446359.00","534627.00",2,9,"Top","null","null",,,434563,,"160515_171222",,,,,,,"3.6000","1.6400","null","null","null","93.9400","2329","6.5190",447423,542587,434563,502034,514917,596748,520471,595963,546318,518953,"53.9809","0.000","0.000","null","null","null","null","null",87,"1"
"FF","2016-05-15","92.3","2.9328","6.9002","Elvis Araujo",534627,542587,"walk","ball",,,,,"11","Tyler Holt walks.   Zack Cozart to 2nd.","R","R","L","PHI","CIN","B","null","null",3,1,2016,"0.55609166666666666667","1.5760000000000000","-0.5210","3.7080","571466.00","null","446359.00",2,9,"Top","null","null",,,434563,,"160515_171113",,,,,,,"3.1100","1.4300","null","null","null","91.0190","2249","6.1310",447423,542587,434563,502034,514917,596748,520471,595963,546318,518953,"54.3682","0.000","0.000","0.70",1,0,0,"null",86,"5"
"FF","2016-05-15","91.8","2.6546","6.8793","Elvis Araujo",534627,542587,"null","ball",,,,,"13","null","R","R","L","PHI","CIN","B","null","null",2,1,2016,"0.66464166666666666667","2.1249666666666667","-0.7380","0.7960","571466.00","null","446359.00",2,9,"Top","null","null",,,434563,,"160515_171050",,,,,,,"3.2400","1.4300","null","null","null","90.7310","2243","6.4750",447423,542587,434563,502034,514917,596748,520471,595963,546318,518953,"54.0239","0.000","0.000","null","null","null","null","null",86,"4"
"FF","2016-05-15","91.5","2.8867","6.8199","Elvis Araujo",534627,542587,"null","ball",,,,,"12","null","R","R","L","PHI","CIN","B","null","null",1,1,2016,"0.76901666666666666667","1.4498666666666667","1.8410","3.4380","571466.00","null","446359.00",2,9,"Top","null","null",,,434563,,"160515_171030",,,,,,,"3.1100","1.4300","null","null","null","90.6860","2213","6.0860",447423,542587,434563,502034,514917,596748,520471,595963,546318,518953,"54.4131","0.000","0.000","null","null","null","null","null",86,"3"
"FF","2016-05-15","92.6","2.8099","6.9435","Elvis Araujo",534627,542587,"null","called_strike",,,,,"1","null","R","R","L","PHI","CIN","S","null","null",1,0,2016,"0.30837500000000000000","1.6190000000000000","-0.4530","2.8350","571466.00","null","446359.00",2,9,"Top","null","null",,,434563,,"160515_171013",,,,,,,"3.1100","1.4300","null","null","null","91.8780","2182","6.0970",447423,542587,434563,502034,514917,596748,520471,595963,546318,518953,"54.4026","0.000","0.000","null","null","null","null","null",86,"2"
"FF","2016-05-15","93.0","3.0109","6.9830","Elvis Araujo",534627,542587,"null","ball",,,,,"12","null","R","R","L","PHI","CIN","B","null","null",0,0,2016,"0.43501666666666666667","1.4541666666666667","1.4120","3.1090","571466.00","null","446359.00",2,9,"Top","null","null",,,434563,,"160515_170958",,,,,,,"3.1100","1.4300","null","null","null","92.1230","2207","5.9000",447423,542587,434563,502034,514917,596748,520471,595963,546318,518953,"54.5993","0.000","0.000","null","null","null","null","null",86,"1"
"FF","2016-05-15","91.6","3.1226","6.8699","Elvis Araujo",446359,542587,"single","hit_into_play_score",,,,,"7","Zack Cozart singles on a soft line drive to left fielder Tyler Goeddel.   Jay Bruce scores.    Ivan De Jesus scores.    Tucker Barnhart to 3rd.","R","R","L","PHI","CIN","X","null","line_drive",3,2,2016,"0.33899166666666666667","1.9013666666666667","-0.8030","1.5590","457803.00","474443.00","571466.00",2,9,"Top","96.96","103.25",,,434563,,"160515_170912",,,,,,,"3.3900","1.5200","254","72.5","24.2800","90.8400","2208","6.1600",447423,542587,434563,502034,514917,596748,520471,595963,546318,518953,"54.3397","0.844","0.775","0.90",1,1,0,4,85,"6"
"FF","2016-05-15","92.5","2.7840","6.9110","Elvis Araujo",446359,542587,"null","called_strike",,,,,"1","null","R","R","L","PHI","CIN","S","null","null",3,1,2016,"0.30420000000000000000","1.5860333333333333","-0.6000","3.1460","457803.00","474443.00","571466.00",2,9,"Top","null","null",,,434563,,"160515_170854",,,,,,,"3.3900","1.5200","null","null","null","92.8030","2258","6.4210",447423,542587,434563,502034,514917,596748,520471,595963,546318,518953,"54.0785","0.000","0.000","null","null","null","null","null",85,"5"
"FF","2016-05-15","91.3","2.9016","7.0063","Elvis Araujo",446359,542587,"null","called_strike",,,,,"5","null","R","R","L","PHI","CIN","S","null","null",3,0,2016,"0.19008333333333333333","1.7867000000000000","-0.0060","2.5590","457803.00","474443.00","571466.00",2,9,"Top","null","null",,,434563,,"160515_170836",,,,,,,"3.3900","1.5200","null","null","null","91.1860","2233","6.3090",447423,542587,434563,502034,514917,596748,520471,595963,546318,518953,"54.1908","0.000","0.000","null","null","null","null","null",85,"4"
"FF","2016-05-15","91.8","3.2803","6.8621","Elvis Araujo",446359,542587,"null","ball",,,,,"12","null","R","R","L","PHI","CIN","B","null","null",2,0,2016,"0.24296666666666666667","1.6347666666666667","1.1640","3.5830","457803.00","474443.00","571466.00",2,9,"Top","null","null",,,434563,,"160515_170815",,,,,,,"3.3900","1.5200","null","null","null","91.9840","2225","6.2360",447423,542587,434563,502034,514917,596748,520471,595963,546318,518953,"54.2631","0.000","0.000","null","null","null","null","null",85,"3"
"FF","2016-05-15","92.5","2.6314","6.9250","Elvis Araujo",446359,542587,"null","ball",,,,,"3","null","R","R","L","PHI","CIN","B","null","null",1,0,2016,"0.30002500000000000000","1.6591333333333333","0.5420","3.0490","457803.00","474443.00","571466.00",2,9,"Top","null","null",,,434563,,"160515_170755",,,,,,,"3.3900","1.5200","null","null","null","91.8340","2267","6.1020",447423,542587,434563,502034,514917,596748,520471,595963,546318,518953,"54.3972","0.000","0.000","null","null","null","null","null",85,"2"
"SL","2016-05-15","85.4","3.0551","6.9247","Elvis Araujo",446359,542587,"null","blocked_ball",,,,,"14","null","R","R","L","PHI","CIN","B","null","null",0,0,2016,"-0.81470000000000000000","0.58413333333333333333","0.7050","0.5100","457803.00","474443.00","571466.00",2,9,"Top","null","null",,,434563,,"160515_170729",,,,,,,"3.3900","1.5200","null","null","null","83.9400","null","5.5870",447423,542587,434563,502034,514917,596748,520471,595963,546318,518953,"54.9126","0.000","0.000","null","null","null","null","null",85,"1"
"FF","2016-05-15","94.6","2.8267","6.8311","Elvis Araujo",571466,542587,"force_out","hit_into_play",,,,,"4","Tucker Barnhart grounds into a force out, first baseman Emmanuel Burriss to catcher Carlos Ruiz.   Brandon Phillips out at home.    Jay Bruce to 3rd.    Ivan De Jesus to 2nd.    Tucker Barnhart to 1st.","R","R","L","PHI","CIN","X","3","ground_ball",2,0,2016,"0.47398333333333333333","1.5387333333333333","-0.5880","2.3430","408252.00","457803.00","474443.00",1,9,"Top","149.24","162.77",,,434563,,"160515_170644",,,,,,,"3.2000","1.4800","19","93.0","-5.0870","93.2630","2359","6.0310",447423,542587,434563,502034,514917,596748,520471,595963,546318,518953,"54.4685","0.286","0.267","0.00",1,0,0,2,84,"3"
"SL","2016-05-15","85.2","2.9855","6.8238","Elvis Araujo",571466,542587,"null","ball",,,,,"13","null","R","R","L","PHI","CIN","B","null","null",1,0,2016,"-0.67831666666666666667","0.49956666666666666667","-1.4800","1.4050","408252.00","457803.00","474443.00",1,9,"Top","null","null",,,434563,,"160515_170624",,,,,,,"3.2000","1.4800","null","null","null","84.0540","2744","5.8110",447423,542587,434563,502034,514917,596748,520471,595963,546318,518953,"54.6887","0.000","0.000","null","null","null","null","null",84,"2"
"FF","2016-05-15","94.2","2.9552","6.7947","Elvis Araujo",571466,542587,"null","ball",,,,,"13","null","R","R","L","PHI","CIN","B","null","null",0,0,2016,"0.46145833333333333333","2.1966333333333333","-0.9500","1.1630","408252.00","457803.00","474443.00",1,9,"Top","null","null",,,434563,,"160515_170603",,,,,,,"3.2000","1.4800","null","null","null","92.4700","2359","6.2040",447423,542587,434563,502034,514917,596748,520471,595963,546318,518953,"54.2951","0.000","0.000","null","null","null","null","null",84,"1"
"FF","2016-05-15","93.3","2.8178","6.8614","Elvis Araujo",474443,542587,"walk","ball",,,,,"13","Ivan De Jesus walks.   Brandon Phillips to 3rd.    Jay Bruce to 2nd.","R","R","L","PHI","CIN","B","null","null",3,2,2016,"0.43919166666666666667","2.0647666666666667","-0.9720","1.4780","null","408252.00","457803.00",1,9,"Top","null","null",,,434563,,"160515_170507",,,,,,,"3.4500","1.5500","null","null","null","92.1350","2354","6.4040",447423,542587,434563,502034,514917,596748,520471,595963,546318,518953,"54.0955","0.000","0.000","0.70",1,0,0,"null",83,"6"
"FF","2016-05-15","93.6","2.6150","7.0419","Elvis Araujo",474443,542587,"null","ball",,,,,"13","null","R","R","L","PHI","CIN","B","null","null",2,2,2016,"0.13998333333333333333","2.1034666666666667","-1.4140","0.8870","null","408252.00","457803.00",1,9,"Top","null","null",,,434563,,"160515_170400",,,,,,,"3.4500","1.5500","null","null","null","91.7660","2351","5.9340",447423,542587,434563,502034,514917,596748,520471,595963,546318,518953,"54.5651","0.000","0.000","null","null","null","null","null",83,"5"
"FF","2016-05-15","94.3","2.8311","6.7552","Elvis Araujo",474443,542587,"null","ball",,,,,"13","null","R","R","L","PHI","CIN","B","null","null",1,2,2016,"0.57975000000000000000","2.0862666666666667","-1.7430","0.7310","null","408252.00","457803.00",1,9,"Top","null","null",,,434563,,"160515_170334",,,,,,,"3.4500","1.5500","null","null","null","93.7550","2407","6.6040",447423,542587,434563,502034,514917,596748,520471,595963,546318,518953,"53.8953","0.000","0.000","null","null","null","null","null",83,"4"
"FF","2016-05-15","94.4","3.1118","6.8864","Elvis Araujo",474443,542587,"null","foul",,,,,"2","null","R","R","L","PHI","CIN","S","null","null",1,1,2016,"0.37795833333333333333","1.5774333333333333","0.1250","3.0370","null","408252.00","457803.00",1,9,"Top","null","null",,,434563,,"160515_170306",,,,,,,"3.4500","1.5500","233","78.5","41.0230","94.0510","2349","6.1340",447423,542587,434563,502034,514917,596748,520471,595963,546318,518953,"54.3657","0.000","0.000","null","null","null","null",3,83,"3"
"SL","2016-05-15","84.7","3.1850","6.7548","Elvis Araujo",474443,542587,"null","called_strike",,,,,"5","null","R","R","L","PHI","CIN","S","null","null",1,0,2016,"-0.76042500000000000000","0.63286666666666666667","0.2730","2.8020","null","408252.00","457803.00",1,9,"Top","null","null",,,434563,,"160515_170243",,,,,,,"3.4500","1.5500","null","null","null","83.2260","null","5.5400",447423,542587,434563,502034,514917,596748,520471,595963,546318,518953,"54.9598","0.000","0.000","null","null","null","null","null",83,"2"
"SL","2016-05-15","85.7","3.2219","6.7506","Elvis Araujo",474443,542587,"null","blocked_ball",,,,,"13","null","R","R","L","PHI","CIN","B","null","null",0,0,2016,"-0.88289166666666666667","0.59703333333333333333","-1.4700","0.5720","null","408252.00","457803.00",1,9,"Top","null","null",,,434563,,"160515_170220",,,,,,,"3.5700","1.5500","null","null","null","85.4100","1302","6.0100",447423,542587,434563,502034,514917,596748,520471,595963,546318,518953,"54.4897","0.000","0.000","null","null","null","null","null",83,"1"
"FF","2016-05-15","94.1","2.9403","6.8913","Elvis Araujo",594807,542587,"strikeout","called_strike",,,,,"13","Adam Duvall called out on strikes.","R","R","L","PHI","CIN","S","null","null",0,2,2016,"0.36404166666666666667","1.6562666666666667","-0.8530","1.8370","null","408252.00","457803.00",0,9,"Top","null","null",,,434563,,"160515_170121",,,,,,,"3.5700","1.5700","null","null","null","93.7000","2354","6.3100",447423,542587,434563,502034,514917,596748,520471,595963,546318,518953,"54.1896","0.000","0.000","0.00",1,0,0,"null",82,"3"
"SL","2016-05-15","85.0","3.4077","6.7501","Elvis Araujo",594807,542587,"null","foul",,,,,"5","null","R","R","L","PHI","CIN","S","null","null",0,1,2016,"-0.60177500000000000000","0.53253333333333333333","-0.0430","2.5810","null","408252.00","457803.00",0,9,"Top","null","null",,,434563,,"160515_170054",,,,,,,"3.4700","1.5700","143","66.9","24.4610","83.4680","null","5.5950",447423,542587,434563,502034,514917,596748,520471,595963,546318,518953,"54.9047","0.000","0.000","null","null","null","null",4,82,"2"
"SL","2016-05-15","85.9","3.1070","6.8546","Elvis Araujo",594807,542587,"null","foul",,,,,"13","null","R","R","L","PHI","CIN","S","null","null",0,0,2016,"-0.54193333333333333333","0.62283333333333333333","-1.4120","2.0540","null","408252.00","457803.00",0,9,"Top","null","null",,,434563,,"160515_170027",,,,,,,"3.4700","1.5700","null","null","null","84.3590","2488","5.6080",447423,542587,434563,502034,514917,596748,520471,595963,546318,518953,"54.8911","0.000","0.000","null","null","null","null","null",82,"1"
"SL","2016-05-15","86.9","3.2486","6.7888","Elvis Araujo",457803,542587,"single","hit_into_play_no_out",,,,,"7","Jay Bruce singles on a soft ground ball to second baseman Cesar Hernandez.   Brandon Phillips to 2nd.","R","L","L","PHI","CIN","X","null","ground_ball",2,2,2016,"-0.60038333333333333333","0.45513333333333333333","-0.6600","1.9210","null","null","408252.00",0,9,"Top","123.35","161.24",,,434563,,"160515_165938",,,,,,,"3.6200","1.7100","5","65.0","-40.2130","84.8350","824","5.6040",447423,542587,434563,502034,514917,596748,520471,595963,546318,518953,"54.8955","0.085","0.078","0.90",1,1,0,2,81,"7"
"FF","2016-05-15","94.3","2.5176","6.8816","Elvis Araujo",457803,542587,"null","foul",,,,,"7","null","R","L","L","PHI","CIN","S","null","null",2,2,2016,"0.26245000000000000000","2.0848333333333333","-0.4110","2.2840","null","null","408252.00",0,9,"Top","null","null",,,434563,,"160515_165911",,,,,,,"3.6200","1.7100","185","73.4","24.5690","92.5300","2305","6.1240",447423,542587,434563,502034,514917,596748,520471,595963,546318,518953,"54.3757","0.000","0.000","null","null","null","null",4,81,"6"
"FF","2016-05-15","94.3","2.8444","6.8796","Elvis Araujo",457803,542587,"null","foul",,,,,"5","null","R","L","L","PHI","CIN","S","null","null",2,2,2016,"0.58114166666666666667","1.7408333333333333","0.2060","2.9550","null","null","408252.00",0,9,"Top","null","null",,,434563,,"160515_165814",,,,,,,"3.6200","1.7100","217","71.7","33.9850","93.8760","2328","6.2990",447423,542587,434563,502034,514917,596748,520471,595963,546318,518953,"54.2005","0.000","0.000","null","null","null","null",3,81,"5"
"FF","2016-05-15","94.3","2.9140","6.8602","Elvis Araujo",457803,542587,"null","ball",,,,,"11","null","R","L","L","PHI","CIN","B","null","null",1,2,2016,"0.57975000000000000000","1.7996000000000000","-1.0470","3.4050","null","null","408252.00",0,9,"Top","null","null",,,434563,,"160515_165753",,,,,,,"3.6200","1.7100","null","null","null","93.8850","2382","6.3280",447423,542587,434563,502034,514917,596748,520471,595963,546318,518953,"54.1714","0.000","0.000","null","null","null","null","null",81,"4"
"FF","2016-05-15","93.2","2.6214","6.9330","Elvis Araujo",457803,542587,"null","called_strike",,,,,"4","null","R","L","L","PHI","CIN","S","null","null",1,1,2016,"0.43501666666666666667","1.9458000000000000","-0.7030","2.5040","null","null","408252.00",0,9,"Top","null","null",,,434563,,"160515_165734",,,,,,,"3.6200","1.7100","null","null","null","92.6790","2377","6.2940",447423,542587,434563,502034,514917,596748,520471,595963,546318,518953,"54.2058","0.000","0.000","null","null","null","null","null",81,"3"
"SL","2016-05-15","84.7","3.1199","6.8159","Elvis Araujo",457803,542587,"null","ball",,,,,"13","null","R","L","L","PHI","CIN","B","null","null",0,1,2016,"-0.86340833333333333333","0.30463333333333333333","-1.0380","1.5840","null","null","408252.00",0,9,"Top","null","null",,,434563,,"160515_165658",,,,,,,"3.6200","1.7100","null","null","null","83.7410","2576","5.5850",447423,542587,434563,502034,514917,596748,520471,595963,546318,518953,"54.9144","0.000","0.000","null","null","null","null","null",81,"2"
"FF","2016-05-15","92.1","2.8597","6.8870","Elvis Araujo",457803,542587,"null","swinging_strike",,,,,"8","null","R","L","L","PHI","CIN","S","null","null",0,0,2016,"0.28332500000000000000","1.9114000000000000","0.2020","2.2760","null","null","408252.00",0,9,"Top","null","null",,,434563,,"160515_165640",,,,,,,"3.6200","1.7100","null","null","null","91.5550","2252","6.3280",447423,542587,434563,502034,514917,596748,520471,595963,546318,518953,"54.1717","0.000","0.000","null","null","null","null","null",81,"1"
"FF","2016-05-15","91.4","2.6963","7.0339","Elvis Araujo",408252,542587,"single","hit_into_play_no_out",,,,,"6","Brandon Phillips singles on a ground ball to first baseman Emmanuel Burriss.","R","R","L","PHI","CIN","X","null","ground_ball",1,2,2016,"0.00081666666666666667","1.5559333333333333","0.3010","2.3410","null","null","null",0,9,"Top","158.89","162.26",,,434563,,"160515_165551",,,,,,,"3.2900","1.5100","23","94.0","-4.0760","91.0790","2235","6.1500",447423,542587,434563,502034,514917,596748,520471,595963,546318,518953,"54.3498","0.319","0.299","0.90",1,1,0,2,80,"4"
"FF","2016-05-15","92.6","2.5909","7.0213","Elvis Araujo",408252,542587,"null","ball",,,,,"11","null","R","R","L","PHI","CIN","B","null","null",0,2,2016,"0.45450000000000000000","1.7379666666666667","-1.6650","3.3030","null","null","null",0,9,"Top","null","null",,,434563,,"160515_165532",,,,,,,"3.3500","1.5100","null","null","null","92.1100","2334","6.1370",447423,542587,434563,502034,514917,596748,520471,595963,546318,518953,"54.3628","0.000","0.000","null","null","null","null","null",80,"3"
"SL","2016-05-15","84.1","2.9981","6.8754","Elvis Araujo",408252,542587,"null","foul",,,,,"4","null","R","R","L","PHI","CIN","S","null","null",0,1,2016,"-0.51966666666666666667","0.68160000000000000000","-0.5050","2.6460","null","null","null",0,9,"Top","null","null",,,434563,,"160515_165507",,,,,,,"3.2900","1.5100","145","64.3","28.7050","82.5790","null","5.5640",447423,542587,434563,502034,514917,596748,520471,595963,546318,518953,"54.9355","0.000","0.000","null","null","null","null",4,80,"2"
"FF","2016-05-15","93.9","2.9009","6.8762","Elvis Araujo",408252,542587,"null","foul",,,,,"13","null","R","R","L","PHI","CIN","S","null","null",0,0,2016,"0.55191666666666666667","1.8555000000000000","-1.1780","1.1350","null","null","null",0,9,"Top","null","null",,,434563,,"160515_165444",,,,,,,"3.2900","1.5100","null","null","null","91.7040","2405","5.9020",447423,542587,434563,502034,514917,596748,520471,595963,546318,518953,"54.5977","0.000","0.000","null","null","null","null","null",80,"1"
"FF","2016-05-12","93.2","3.0121","6.7982","Elvis Araujo",493596,542587,"single","hit_into_play_no_out",,,,,"1","Gordon Beckham singles on a line drive to right fielder Peter Bourjos.","R","R","L","ATL","PHI","X","null","line_drive",0,0,2016,"0.59088333333333333333","1.00696666666666666667","-0.2800","3.2100","null","null","null",2,9,"Bot","192.71","114.54",,,"null",,"160512_220658",,,,,,,"3.4900","1.6200","185","89.5","12.1887","null","null","null",447387,"null","null","null","null","null","null","null","null","null","54.9550","0.850","0.805","0.90",1,1,0,4,69,"1"
"SL","2016-05-12","84.9","3.3940","6.7366","Elvis Araujo",150229,542587,"field_out","hit_into_play",,,,,"5","A.  J.   Pierzynski flies out to center fielder Odubel Herrera.","R","L","L","ATL","PHI","X","8","fly_ball",1,2,2016,"-0.45425833333333333333","-0.07233333333333333333","0.0600","2.7500","null","null","null",1,9,"Bot","116.96","92.72",,,"null",,"160512_220623",,,,,,,"3.6200","1.6800","281","82.3","39.9201","null","null","null",447387,"null","null","null","null","null","null","null","null","null","55.1584","0.011","0.013","0.00",1,0,0,3,68,"5"
"FF","2016-05-12","93.1","2.9313","6.7776","Elvis Araujo",150229,542587,"null","foul",,,,,"2","null","R","L","L","ATL","PHI","S","null","null",1,2,2016,"0.27636666666666666667","1.4685000000000000","-0.0900","3.7300","null","null","null",1,9,"Bot","null","null",,,"null",,"160512_220603",,,,,,,"3.6200","1.6800","191","70.7","54.8435","null","null","null",447387,"null","null","null","null","null","null","null","null","null","54.9162","0.000","0.000","null","null","null","null",3,68,"4"
"FF","2016-05-12","91.4","3.2480","6.6976","Elvis Araujo",150229,542587,"null","swinging_strike",,,,,"2","null","R","L","L","ATL","PHI","S","null","null",1,1,2016,"0.43780000000000000000","1.5287000000000000","-0.2600","3.0900","null","null","null",1,9,"Bot","null","null",,,"null",,"160512_220535",,,,,,,"3.6200","1.6800","null","null","null","null","null","null",447387,"null","null","null","null","null","null","null","null","null","54.6641","0.000","0.000","null","null","null","null","null",68,"3"
"FF","2016-05-12","93.1","3.0756","6.8444","Elvis Araujo",150229,542587,"null","foul",,,,,"4","null","R","L","L","ATL","PHI","S","null","null",1,0,2016,"0.49207500000000000000","1.3309000000000000","-0.4700","2.6100","null","null","null",1,9,"Bot","null","null",,,"null",,"160512_220519",,,,,,,"3.6200","1.6800","null","null","null","null","null","null",447387,"null","null","null","null","null","null","null","null","null","54.9587","0.000","0.000","null","null","null","null","null",68,"2"
"SL","2016-05-12","85.8","3.4292","6.7182","Elvis Araujo",150229,542587,"null","ball",,,,,"13","null","R","L","L","ATL","PHI","B","null","null",0,0,2016,"0.06065833333333333333","0.38490000000000000000","-0.6800","0.5300","null","null","null",1,9,"Bot","null","null",,,"null",,"160512_220501",,,,,,,"3.6100","1.7400","null","null","null","null","null","null",447387,"null","null","null","null","null","null","null","null","null","55.1405","0.000","0.000","null","null","null","null","null",68,"1"
"SL","2016-05-12","85.6","3.4462","6.6736","Elvis Araujo",430637,542587,"field_out","hit_into_play",,,,,"7","Kelly Johnson flies out to center fielder Odubel Herrera.","R","L","L","ATL","PHI","X","8","fly_ball",0,1,2016,"-0.04789166666666666667","0.36053333333333333333","-0.5900","1.7200","null","null","null",0,9,"Bot","123.63","89.09",,,"null",,"160512_220427",,,,,,,"3.4600","1.6500","305","83.6","33.0680","null","null","null",447387,"null","null","null","null","null","null","null","null","null","55.0956","0.023","0.027","0.00",1,0,0,3,67,"2"
"FF","2016-05-12","92.3","2.9954","6.7404","Elvis Araujo",430637,542587,"null","called_strike",,,,,"7","null","R","L","L","ATL","PHI","S","null","null",0,0,2016,"0.44336666666666666667","1.2864666666666667","-0.5300","2.0500","null","null","null",0,9,"Bot","null","null",,,"null",,"160512_220414",,,,,,,"3.4300","1.7400","null","null","null","null","null","null",447387,"null","null","null","null","null","null","null","null","null","54.8888","0.000","0.000","null","null","null","null","null",67,"1"
"FF","2016-05-11","93.2","2.9785","6.6232","Elvis Araujo",605480,542587,"strikeout","called_strike",,,,,"4","Mallex Smith called out on strikes.","R","L","L","ATL","PHI","S","null","null",1,2,2016,"0.54635000000000000000","1.4584666666666667","-0.6880","2.1700","null","430947.00","null",2,8,"Bot","null","null",,,519237,,"160511_211808",,,,,,,"3.4500","1.4900","null","null","null","91.8970","2260","5.7230",447377,542587,519237,429667,514917,596748,520471,502034,546318,488721,"54.7754","0.000","0.000","0.00",1,0,0,"null",61,"4"
"FF","2016-05-11","92.9","2.7599","6.7349","Elvis Araujo",605480,542587,"null","swinging_strike",,,,,"12","null","R","L","L","ATL","PHI","S","null","null",1,1,2016,"0.39744166666666666667","1.5831666666666667","0.5300","3.9950","null","430947.00","null",2,8,"Bot","null","null",,,519237,,"160511_211745",,,,,,,"3.3500","1.4900","null","null","null","92.2980","2256","5.8560",447377,542587,519237,429667,514917,596748,520471,502034,546318,488721,"54.6426","0.000","0.000","null","null","null","null","null",61,"3"
"FF","2016-05-11","93.2","2.8725","6.7280","Elvis Araujo",605480,542587,"null","foul",,,,,"5","null","R","L","L","ATL","PHI","S","null","null",1,0,2016,"0.44197500000000000000","1.22770000000000000000","0.0400","2.2950","null","430947.00","null",2,8,"Bot","null","null",,,519237,,"160511_211722",,,,,,,"3.3500","1.4900","297","85.5","32.7040","92.2800","2225","5.6840",447377,542587,519237,429667,514917,596748,520471,502034,546318,488721,"54.8139","0.000","0.000","null","null","null","null",3,61,"2"
"SL","2016-05-11","86.6","3.1075","6.6897","Elvis Araujo",605480,542587,"null","blocked_ball",,,,,"13","null","R","L","L","ATL","PHI","B","null","null",0,0,2016,"-0.28030000000000000000","0.46373333333333333333","-0.3270","0.4320","null","430947.00","null",2,8,"Bot","null","null",,,519237,,"160511_211701",,,,,,,"3.5600","1.4900","null","null","null","84.4680","null","5.2670",447377,542587,519237,429667,514917,596748,520471,502034,546318,488721,"55.2312","0.000","0.000","null","null","null","null","null",61,"1"
"SL","2016-05-11","86.4","3.2367","6.5346","Elvis Araujo",425796,542587,"strikeout","swinging_strike",,,,,"8","Jeff Francoeur strikes out swinging.","R","R","L","ATL","PHI","S","null","null",0,2,2016,"-0.49183333333333333333","0.33760000000000000000","0.0300","1.4920","null","430947.00","null",1,8,"Bot","null","null",,,519237,,"160511_211606",,,,,,,"3.4600","1.5700","null","null","null","85.3000","null","5.4830",447377,542587,519237,429667,514917,596748,520471,502034,546318,488721,"55.0147","0.000","0.000","0.00",1,0,0,"null",60,"3"
"SL","2016-05-11","85.4","3.1371","6.4902","Elvis Araujo",425796,542587,"null","swinging_strike",,,,,"12","null","R","R","L","ATL","PHI","S","null","null",0,1,2016,"-0.30813333333333333333","0.36770000000000000000","0.8550","3.1210","null","430947.00","null",1,8,"Bot","null","null",,,519237,,"160511_211548",,,,,,,"3.4600","1.5700","null","null","null","83.9650","1302","5.3880",447377,542587,519237,429667,514917,596748,520471,502034,546318,488721,"55.1102","0.000","0.000","null","null","null","null","null",60,"2"
"SL","2016-05-11","85.9","2.9957","6.6942","Elvis Araujo",425796,542587,"null","called_strike",,,,,"6","null","R","R","L","ATL","PHI","S","null","null",0,0,2016,"-0.36519166666666666667","0.25016666666666666667","0.5530","2.4780","null","430947.00","null",1,8,"Bot","null","null",,,519237,,"",,,,,,,"3.5900","1.5800","null","null","null","84.0590","null","5.2370",447377,542587,519237,429667,514917,596748,520471,502034,546318,488721,"55.2611","0.000","0.000","null","null","null","null","null",60,"1"
"FF","2016-05-11","92.1","2.8011","6.6765","Elvis Araujo",430947,542587,"double","hit_into_play_score",,,,,"8","Erick Aybar doubles (4) on a sharp ground ball to left fielder Emmanuel Burriss.   Gordon Beckham scores.","R","R","L","ATL","PHI","X","null","ground_ball",0,0,2016,"0.62289166666666666667","1.3696000000000000","-0.1370","1.4810","null","493596.00","null",1,8,"Bot","26.06","105.45",,,519237,,"",,,,,,,"3.2400","1.5500","10","96.7","-11.7520","90.7750","2338","5.8940",447377,542587,519237,429667,514917,596748,520471,502034,546318,488721,"54.6044","0.228","0.212","1.25",1,1,1,2,59,"1"
"FF","2016-05-11","92.6","2.7576","6.6891","Elvis Araujo",493596,542587,"double","hit_into_play_no_out",,,,,"7","Gordon Beckham doubles (3) on a sharp line drive to center fielder Odubel Herrera.","R","R","L","ATL","PHI","X","null","line_drive",3,1,2016,"0.70500000000000000000","1.6806333333333333","-0.3810","1.6430","null","null","null",1,8,"Bot","96.36","86.05",,,519237,,"160511_211333",,,,,,,"3.4900","1.6200","188","102.6","8.3250","91.6380","2248","5.8410",447377,542587,519237,429667,514917,596748,520471,502034,546318,488721,"54.6572","0.749","0.720","1.25",1,1,1,4,58,"5"
"SL","2016-05-11","86.4","2.9188","6.5501","Elvis Araujo",493596,542587,"null","ball",,,,,"13","null","R","R","L","ATL","PHI","B","null","null",2,1,2016,"-0.02562500000000000000","0.49813333333333333333","-1.2940","0.2840","null","null","null",1,8,"Bot","null","null",,,519237,,"160511_211314",,,,,,,"3.5200","1.6200","null","null","null","84.8760","null","5.3880",447377,542587,519237,429667,514917,596748,520471,502034,546318,488721,"55.1097","0.000","0.000","null","null","null","null","null",58,"4"
"FF","2016-05-11","92.6","2.5918","6.7006","Elvis Araujo",493596,542587,"null","foul",,,,,"1","null","R","R","L","ATL","PHI","S","null","null",2,0,2016,"0.17060000000000000000","1.5201000000000000","-0.3160","2.9760","null","null","null",1,8,"Bot","null","null",,,519237,,"160511_211250",,,,,,,"3.4900","1.6200","null","null","null","91.6250","2309","5.9540",447377,542587,519237,429667,514917,596748,520471,502034,546318,488721,"54.5437","0.000","0.000","null","null","null","null","null",58,"3"
"FF","2016-05-11","92.9","2.8303","6.7290","Elvis Araujo",493596,542587,"null","ball",,,,,"12","null","R","R","L","ATL","PHI","B","null","null",1,0,2016,"0.46702500000000000000","1.8010333333333333","1.5380","4.3130","null","null","null",1,8,"Bot","null","null",,,519237,,"160511_211229",,,,,,,"3.6300","1.6200","null","null","null","91.8160","2288","5.8470",447377,542587,519237,429667,514917,596748,520471,502034,546318,488721,"54.6510","0.000","0.000","null","null","null","null","null",58,"2"
"FF","2016-05-11","94.1","2.8958","6.6888","Elvis Araujo",493596,542587,"null","ball",,,,,"12","null","R","R","L","ATL","PHI","B","null","null",0,0,2016,"0.22765833333333333333","1.6949666666666667","1.7180","3.9300","null","null","null",1,8,"Bot","null","null",,,519237,,"160511_211215",,,,,,,"3.6300","1.6200","null","null","null","93.1240","2320","5.8200",447377,542587,519237,429667,514917,596748,520471,502034,546318,488721,"54.6780","0.000","0.000","null","null","null","null","null",58,"1"
"FF","2016-05-11","93.0","2.6737","6.7076","Elvis Araujo",150229,542587,"field_out","hit_into_play",,,,,"5","A.  J.   Pierzynski flies out to center fielder Odubel Herrera.","R","L","L","ATL","PHI","X","8","fly_ball",3,2,2016,"0.55470000000000000000","1.3610000000000000","0.0160","2.6100","null","null","null",0,8,"Bot","81.21","89.09",,,519237,,"160511_211130",,,,,,,"3.6200","1.6800","319","95.6","46.0070","92.3590","2210","5.9090",447377,542587,519237,429667,514917,596748,520471,502034,546318,488721,"54.5891","0.013","0.017","0.00",1,0,0,3,57,"7"
"FF","2016-05-11","93.6","2.5741","6.6914","Elvis Araujo",150229,542587,"null","ball",,,,,"13","null","R","L","L","ATL","PHI","B","null","null",2,2,2016,"0.84416666666666666667","1.3036666666666667","-0.3310","1.5440","null","null","null",0,8,"Bot","null","null",,,519237,,"160511_211111",,,,,,,"3.5600","1.6800","null","null","null","92.0250","2156","5.7250",447377,542587,519237,429667,514917,596748,520471,502034,546318,488721,"54.7729","0.000","0.000","null","null","null","null","null",57,"6"
"FF","2016-05-11","93.9","2.4364","6.7772","Elvis Araujo",150229,542587,"null","foul",,,,,"12","null","R","L","L","ATL","PHI","S","null","null",2,2,2016,"0.46145833333333333333","1.28216666666666666667","0.6490","3.7930","null","null","null",0,8,"Bot","null","null",,,519237,,"160511_211049",,,,,,,"3.6200","1.6800","148","64.6","63.1770","93.8270","2308","6.3980",447377,542587,519237,429667,514917,596748,520471,502034,546318,488721,"54.0998","0.000","0.000","null","null","null","null",3,57,"5"
"SL","2016-05-11","88.2","2.9319","6.5531","Elvis Araujo",150229,542587,"null","ball",,,,,"13","null","R","L","L","ATL","PHI","B","null","null",1,2,2016,"-0.53915000000000000000","0.39780000000000000000","-2.0500","0.3060","null","null","null",0,8,"Bot","null","null",,,519237,,"160511_211022",,,,,,,"3.4500","1.6800","null","null","null","86.2620","2439","5.4600",447377,542587,519237,429667,514917,596748,520471,502034,546318,488721,"55.0383","0.000","0.000","null","null","null","null","null",57,"4"
"SL","2016-05-11","88.1","2.9741","6.4934","Elvis Araujo",150229,542587,"null","ball",,,,,"13","null","R","L","L","ATL","PHI","B","null","null",0,2,2016,"-0.36380000000000000000","0.68160000000000000000","-1.0370","1.5060","null","null","null",0,8,"Bot","null","null",,,519237,,"160511_211004",,,,,,,"3.5200","1.6800","null","null","null","86.6640","null","5.4300",447377,542587,519237,429667,514917,596748,520471,502034,546318,488721,"55.0685","0.000","0.000","null","null","null","null","null",57,"3"
"SL","2016-05-11","87.9","3.0729","6.5946","Elvis Araujo",150229,542587,"null","swinging_strike",,,,,"13","null","R","L","L","ATL","PHI","S","null","null",0,1,2016,"-0.32622500000000000000","0.51820000000000000000","-0.5120","0.7560","null","null","null",0,8,"Bot","null","null",,,519237,,"160511_210947",,,,,,,"3.6200","1.6800","null","null","null","86.5150","null","5.4660",447377,542587,519237,429667,514917,596748,520471,502034,546318,488721,"55.0323","0.000","0.000","null","null","null","null","null",57,"2"
"FF","2016-05-11","92.6","2.7275","6.7219","Elvis Araujo",150229,542587,"null","foul",,,,,"7","null","R","L","L","ATL","PHI","S","null","null",0,0,2016,"0.50877500000000000000","1.5487666666666667","-0.5360","2.2650","null","null","null",0,8,"Bot","null","null",,,519237,,"160511_210929",,,,,,,"3.6200","1.6800","null","null","null","91.5020","null","5.9830",447377,542587,519237,429667,514917,596748,520471,502034,546318,488721,"54.5150","0.000","0.000","null","null","null","null","null",57,"1"
"FF","2016-05-05","93.4","2.8784","6.8586","Elvis Araujo",572761,542587,"field_out","hit_into_play",,,,,"6","Matt Carpenter pops out to shortstop Freddy Galvis on the infield fly rule.","R","L","L","STL","PHI","X","6","popup",2,2,2016,"0.43501666666666666667","1.9271666666666667","0.7740","2.8330","571757.00","576397.00","407812.00",1,7,"Bot","137.06","154.12",,,519237,,"160505_144518",,,,,,,"3.6400","1.7000","null","80.0","69.0000","92.4070","2316","5.9550",447291,542587,519237,573131,514917,433217,520471,595963,546318,488721,"54.5472","0.000","0.001","0.00",1,0,0,3,51,"5"
"SL","2016-05-05","83.2","3.4423","6.8320","Elvis Araujo",572761,542587,"null","foul",,,,,"9","null","R","L","L","STL","PHI","S","null","null",2,1,2016,"-0.69223333333333333333","0.31180000000000000000","0.4060","1.8390","571757.00","576397.00","407812.00",1,7,"Bot","null","null",,,519237,,"160505_144444",,,,,,,"3.6400","1.7000","9","80.4","-12.7530","81.5340","1632","5.4330",447291,542587,519237,573131,514917,433217,520471,595963,546318,488721,"55.0688","0.000","0.000","null","null","null","null",2,51,"4"
"SL","2016-05-05","84.7","3.3787","6.6525","Elvis Araujo",572761,542587,"null","ball",,,,,"14","null","R","L","L","STL","PHI","B","null","null",1,1,2016,"-0.38050000000000000000","0.85646666666666666667","1.7530","2.6310","571757.00","576397.00","407812.00",1,7,"Bot","null","null",,,519237,,"160505_144422",,,,,,,"3.7400","1.8500","null","null","null","83.0440","2501","5.4990",447291,542587,519237,573131,514917,433217,520471,595963,546318,488721,"55.0033","0.000","0.000","null","null","null","null","null",51,"3"
"FF","2016-05-05","92.7","2.8410","6.7593","Elvis Araujo",572761,542587,"null","foul",,,,,"6","null","R","L","L","STL","PHI","S","null","null",1,0,2016,"0.31115833333333333333","1.8942000000000000","0.3160","2.5640","571757.00","576397.00","407812.00",1,7,"Bot","null","null",,,519237,,"160505_144347",,,,,,,"3.6400","1.7000","181","72.0","62.0590","91.9230","2383","6.1390",447291,542587,519237,573131,514917,433217,520471,595963,546318,488721,"54.3636","0.000","0.000","null","null","null","null",3,51,"2"
"SL","2016-05-05","88.5","3.5291","6.7867","Elvis Araujo",572761,542587,"null","blocked_ball",,,,,"14","null","R","L","L","STL","PHI","B","null","null",0,0,2016,"-0.30117500000000000000","1.13453333333333333333","0.1740","0.3630","571757.00","576397.00","407812.00",1,7,"Bot","null","null",,,519237,,"160505_144315",,,,,,,"3.7300","1.8400","null","null","null","86.3030","2496","5.5310",447291,542587,519237,573131,514917,433217,520471,595963,546318,488721,"54.9711","0.000","0.000","null","null","null","null","null",51,"1"
"IN","2016-05-05","83.7","3.5055","6.9468","Elvis Araujo",407812,542587,"intent_walk","intent_ball",,,,,"12","Elvis Araujo intentionally walks Matt Holliday.","R","R","L","STL","PHI","B","null","null",3,0,2016,"0.06900833333333333333","1.8454666666666667","4.0740","4.7610","571757.00","576397.00","null",1,7,"Bot","null","null",,,519237,,"160505_144224",,,,,,,"4.3400","2.0300","null","null","null","81.7670","2066","5.5800",447291,542587,519237,573131,514917,433217,520471,595963,546318,488721,"54.9221","0.000","0.000","0.70",1,0,0,"null",50,"4"
"IN","2016-05-05","84.0","3.4916","6.8390","Elvis Araujo",407812,542587,"null","intent_ball",,,,,"12","null","R","R","L","STL","PHI","B","null","null",2,0,2016,"0.19425833333333333333","1.7179000000000000","3.7800","4.8370","571757.00","576397.00","null",1,7,"Bot","null","null",,,"null",,"160505_144214",,,,,,,"4.3800","2.0800","null","null","null","82.7900","2110","5.6940",447291,"null","null","null","null","null","null","null","null","null","54.8080","0.000","0.000","null","null","null","null","null",50,"3"
"IN","2016-05-05","83.8","3.3828","6.9552","Elvis Araujo",407812,542587,"null","intent_ball",,,,,"12","null","R","R","L","STL","PHI","B","null","null",1,0,2016,"0.15250833333333333333","1.4685000000000000","2.5950","5.1370","571757.00","576397.00","null",1,7,"Bot","null","null",,,"null",,"160505_144204",,,,,,,"4.3400","2.0800","null","null","null","82.7960","2065","5.6380",447291,"null","null","null","null","null","null","null","null","null","54.8637","0.000","0.000","null","null","null","null","null",50,"2"
"IN","2016-05-05","85.1","3.5034","6.9573","Elvis Araujo",407812,542587,"null","intent_ball",,,,,"12","null","R","R","L","STL","PHI","B","null","null",0,0,2016,"0.08570833333333333333","1.6161333333333333","3.9600","5.5800","571757.00","576397.00","null",1,7,"Bot","null","null",,,"null",,"160505_144154",,,,,,,"4.3400","1.9600","null","null","null","83.5160","2098","5.3500",447291,"null","null","null","null","null","null","null","null","null","55.1521","0.000","0.000","null","null","null","null","null",50,"1"
"FF","2016-05-05","92.2","2.9395","6.7189","Elvis Araujo",514913,542587,"sac_fly","hit_into_play_score",,,,,"6","Ruben Tejada out on a sacrifice fly to right fielder Peter Bourjos in foul territory.   Yadier Molina scores.    Jeremy Hazelbaker to 3rd.    Jedd Gyorko to 2nd.","R","R","L","STL","PHI","X","9","fly_ball",1,0,2016,"0.42110000000000000000","1.8526333333333333","0.5220","2.0360","425877.00","571757.00","576397.00",0,7,"Bot","201.53","140.39",,,519237,,"160505_144056",,,,,,,"3.2300","1.4500","285","90.1","46.0950","91.3520","2297","6.2120",447291,542587,519237,573131,514917,433217,520471,595963,546318,488721,"54.2903","0.007","0.009","0.00",1,0,0,3,49,"2"
"FF","2016-05-05","91.7","2.7456","6.7171","Elvis Araujo",514913,542587,"null","ball",,,,,"13","null","R","R","L","STL","PHI","B","null","null",0,0,2016,"0.40579166666666666667","1.7637666666666667","-0.6030","1.0280","425877.00","571757.00","576397.00",0,7,"Bot","null","null",,,519237,,"160505_143942",,,,,,,"3.3200","1.6400","null","null","null","90.7700","2251","6.1430",447291,542587,519237,573131,514917,433217,520471,595963,546318,488721,"54.3595","0.000","0.000","null","null","null","null","null",49,"1"
"FF","2016-05-05","91.3","3.1471","6.7465","Elvis Araujo",576397,542587,"walk","ball",,,,,"12","Jedd Gyorko walks.   Jeremy Hazelbaker to 2nd.","R","R","L","STL","PHI","B","null","null",3,1,2016,"0.34455833333333333333","1.7308000000000000","2.3100","3.5390","425877.00","null","571757.00",0,7,"Bot","null","null",,,519237,,"160505_143850",,,,,,,"3.3600","1.4100","null","null","null","89.8180","2269","5.9380",447291,542587,519237,573131,514917,433217,520471,595963,546318,488721,"54.5642","0.000","0.000","0.70",1,0,0,"null",48,"5"
"FF","2016-05-05","90.7","2.8150","6.7461","Elvis Araujo",576397,542587,"null","called_strike",,,,,"6","null","R","R","L","STL","PHI","S","null","null",3,0,2016,"0.18590833333333333333","1.7523000000000000","0.5300","2.5070","425877.00","null","571757.00",0,7,"Bot","null","null",,,519237,,"160505_143832",,,,,,,"3.4000","1.3900","null","null","null","90.1370","2281","6.2510",447291,542587,519237,573131,514917,433217,520471,595963,546318,488721,"54.2515","0.000","0.000","null","null","null","null","null",48,"4"
"FF","2016-05-05","92.0","3.0647","6.7405","Elvis Araujo",576397,542587,"null","ball",,,,,"12","null","R","R","L","STL","PHI","B","null","null",2,0,2016,"0.41553333333333333333","1.7623333333333333","1.5570","2.5000","425877.00","null","571757.00",0,7,"Bot","null","null",,,519237,,"160505_143811",,,,,,,"3.2800","1.4100","null","null","null","90.9920","2305","6.0960",447291,542587,519237,573131,514917,433217,520471,595963,546318,488721,"54.4061","0.000","0.000","null","null","null","null","null",48,"3"
"FF","2016-05-05","92.2","3.1548","6.7958","Elvis Araujo",576397,542587,"null","ball",,,,,"12","null","R","R","L","STL","PHI","B","null","null",1,0,2016,"0.41275000000000000000","1.8268333333333333","2.0820","3.8370","425877.00","null","571757.00",0,7,"Bot","null","null",,,519237,,"160505_143752",,,,,,,"3.3600","1.4700","null","null","null","90.8510","2319","5.9350",447291,542587,519237,573131,514917,433217,520471,595963,546318,488721,"54.5675","0.000","0.000","null","null","null","null","null",48,"2"
"SL","2016-05-05","86.1","2.9766","6.7242","Elvis Araujo",576397,542587,"null","ball",,,,,"7","null","R","R","L","STL","PHI","B","null","null",0,0,2016,"-0.28447500000000000000","0.78050000000000000000","-0.8120","1.5110","425877.00","null","571757.00",0,7,"Bot","null","null",,,519237,,"160505_143732",,,,,,,"3.3600","1.4100","null","null","null","83.9720","2494","5.5270",447291,542587,519237,573131,514917,433217,520471,595963,546318,488721,"54.9747","0.000","0.000","null","null","null","null","null",48,"1"
"FF","2016-05-04","95.1","3.2604","6.6328","Elvis Araujo",572761,542587,"field_out","hit_into_play",,,,,"6","Matt Carpenter lines out softly to shortstop Freddy Galvis.","R","L","L","STL","PHI","X","6","line_drive",1,2,2016,"0.64515833333333333333","1.6634333333333333","0.5710","2.8150","null","576397.00","null",2,6,"Bot","108.63","157.17",,,434563,,"160504_211410",,,,,,,"3.6500","1.7000","154","67.3","18.3340","93.7490","2409","6.1700",447279,542587,434563,429667,514917,596748,520471,595963,546318,518953,"54.3322","0.635","0.594","0.00",1,0,0,4,49,"4"
"FF","2016-05-04","92.7","3.3287","6.7002","Elvis Araujo",572761,542587,"null","called_strike",,,,,"9","null","R","L","L","STL","PHI","S","null","null",1,1,2016,"0.34595000000000000000","1.9400666666666667","0.5560","2.3170","null","576397.00","null",2,6,"Bot","null","null",,,434563,,"160504_211346",,,,,,,"3.7400","1.8200","null","null","null","91.5690","2437","6.3180",447279,542587,434563,429667,514917,596748,520471,595963,546318,518953,"54.1840","0.000","0.000","null","null","null","null","null",49,"3"
"SL","2016-05-04","86.9","3.2295","6.6937","Elvis Araujo",572761,542587,"null","ball",,,,,"13","null","R","L","L","STL","PHI","B","null","null",0,1,2016,"-0.71867500000000000000","0.44223333333333333333","-1.1410","2.2850","null","576397.00","null",2,6,"Bot","null","null",,,434563,,"160504_211321",,,,,,,"3.6100","1.7000","null","null","null","84.9640","2510","5.4340",447279,542587,434563,429667,514917,596748,520471,595963,546318,518953,"55.0686","0.000","0.000","null","null","null","null","null",49,"2"
"SL","2016-05-04","86.6","3.5803","6.6264","Elvis Araujo",572761,542587,"null","called_strike",,,,,"4","null","R","L","L","STL","PHI","S","null","null",0,0,2016,"-0.52940833333333333333","0.68733333333333333333","-0.3950","2.3420","null","576397.00","null",2,6,"Bot","null","null",,,434563,,"160504_211257",,,,,,,"3.6100","1.7000","null","null","null","84.6840","null","5.5030",447279,542587,434563,429667,514917,596748,520471,595963,546318,518953,"54.9992","0.000","0.000","null","null","null","null","null",49,"1"
"FF","2016-04-30","94.1","3.0192","6.8210","Elvis Araujo",467793,542587,"walk","ball",,,,,"12","Carlos Santana walks.","R","R","L","PHI","CLE","B","null","null",3,2,2016,"0.51712500000000000000","1.8110666666666667","1.7730","3.2580","null","596019.00","null",2,8,"Top","null","null",,,519237,,"160430_214354",,,,,,,"3.7500","1.5800","null","null","null","92.6430","2205","6.1360",447217,542587,519237,429667,514917,596748,520471,573131,546318,488721,"54.3633","0.000","0.000","0.70",1,0,0,"null",62,"6"
"SL","2016-04-30","87.5","3.1204","6.6684","Elvis Araujo",467793,542587,"null","blocked_ball",,,,,"13","null","R","R","L","PHI","CLE","B","null","null",2,2,2016,"-0.45425833333333333333","1.18613333333333333333","-1.8710","0.8800","null","596019.00","null",2,8,"Top","null","null",,,519237,,"160430_214325",,,,,,,"3.7500","1.5800","null","null","null","85.8720","2573","5.9270",447217,542587,519237,429667,514917,596748,520471,573131,546318,488721,"54.5726","0.000","0.000","null","null","null","null","null",62,"5"
"FF","2016-04-30","93.6","2.7684","6.8846","Elvis Araujo",467793,542587,"null","foul_tip",,,,,"5","null","R","R","L","PHI","CLE","S","null","null",2,1,2016,"0.87339166666666666667","1.9859333333333333","0.2450","2.4880","null","596019.00","null",2,8,"Top","null","null",,,519237,,"160430_214259",,,,,,,"3.4200","1.5800","null","null","null","92.1670","2217","6.3510",447217,542587,519237,429667,514917,596748,520471,573131,546318,488721,"54.1484","0.000","0.000","null","null","null","null","null",62,"4"
"FF","2016-04-30","94.2","3.0001","6.8584","Elvis Araujo",467793,542587,"null","ball",,,,,"12","null","R","R","L","PHI","CLE","B","null","null",1,1,2016,"0.80102500000000000000","2.1851666666666667","1.1100","3.4900","null","596019.00","null",2,8,"Top","null","null",,,519237,,"160430_214237",,,,,,,"3.4200","1.5800","null","null","null","92.7840","2331","6.2000",447217,542587,519237,429667,514917,596748,520471,573131,546318,488721,"54.2996","0.000","0.000","null","null","null","null","null",62,"3"
"FF","2016-04-30","94.2","2.8792","6.7941","Elvis Araujo",467793,542587,"null","ball",,,,,"13","null","R","R","L","PHI","CLE","B","null","null",0,1,2016,"0.53243333333333333333","2.1952000000000000","-1.2430","2.5480","null","596019.00","null",2,8,"Top","null","null",,,519237,,"160430_214216",,,,,,,"3.7500","1.5800","null","null","null","92.6870","2370","6.2730",447217,542587,519237,429667,514917,596748,520471,573131,546318,488721,"54.2261","0.000","0.000","null","null","null","null","null",62,"2"
"FF","2016-04-30","95.5","2.8924","6.8112","Elvis Araujo",467793,542587,"null","called_strike",,,,,"2","null","R","R","L","PHI","CLE","S","null","null",0,0,2016,"0.55887500000000000000","2.0031333333333333","-0.0870","3.0910","null","596019.00","null",2,8,"Top","null","null",,,519237,,"160430_214156",,,,,,,"3.7500","1.5800","null","null","null","93.5410","2347","6.2340",447217,542587,519237,429667,514917,596748,520471,573131,546318,488721,"54.2657","0.000","0.000","null","null","null","null","null",62,"1"
"SL","2016-04-30","87.4","3.2822","6.6713","Elvis Araujo",488726,542587,"field_out","hit_into_play",,,,,"8","Michael Brantley flies out to center fielder Odubel Herrera.","R","L","L","PHI","CLE","X","8","fly_ball",1,2,2016,"-0.40276666666666666667","1.02273333333333333333","0.0990","1.9100","null","596019.00","null",1,8,"Top","105.59","85.45",,,519237,,"160430_214006",,,,,,,"3.3800","1.5200","309","92.2","28.1900","86.0010","2565","5.9520",447217,542587,519237,429667,514917,596748,520471,573131,546318,488721,"54.5474","0.145","0.213","0.00",1,0,0,3,61,"4"
"FF","2016-04-30","93.8","2.6891","6.9639","Elvis Araujo",488726,542587,"null","ball",,,,,"12","null","R","L","L","PHI","CLE","B","null","null",0,2,2016,"0.80102500000000000000","1.8526333333333333","1.0800","3.8280","null","null","596019.00",1,8,"Top","null","null",,,519237,,"160430_213856",,,,,,,"3.6300","1.5200","null","null","null","92.5720","2255","6.4250",447217,542587,519237,429667,514917,596748,520471,573131,546318,488721,"54.0742","0.000","0.000","null","null","null","null","null",61,"3"
"FF","2016-04-30","94.4","2.8200","6.7979","Elvis Araujo",488726,542587,"null","called_strike",,,,,"9","null","R","L","L","PHI","CLE","S","null","null",0,1,2016,"0.53939166666666666667","2.1221000000000000","0.5010","2.1530","null","null","596019.00",1,8,"Top","null","null",,,519237,,"160430_213726",,,,,,,"3.6300","1.5200","null","null","null","93.2040","2311","6.3020",447217,542587,519237,429667,514917,596748,520471,573131,546318,488721,"54.1974","0.000","0.000","null","null","null","null","null",61,"2"
"FF","2016-04-30","94.7","2.8966","6.8479","Elvis Araujo",488726,542587,"null","swinging_strike",,,,,"12","null","R","L","L","PHI","CLE","S","null","null",0,0,2016,"0.89565833333333333333","1.9730333333333333","0.6160","3.5840","null","null","596019.00",1,8,"Top","null","null",,,519237,,"160430_213705",,,,,,,"3.3800","1.5200","null","null","null","93.4610","2297","6.3310",447217,542587,519237,429667,514917,596748,520471,573131,546318,488721,"54.1688","0.000","0.000","null","null","null","null","null",61,"1"
"SL","2016-04-30","86.1","3.3819","6.7013","Elvis Araujo",596019,542587,"single","hit_into_play_no_out",,,,,"12","Francisco Lindor singles on a soft ground ball to right fielder Peter Bourjos.","R","R","L","PHI","CLE","X","null","ground_ball",1,2,2016,"-0.46121666666666666667","0.63716666666666666667","0.2420","3.4300","null","null","null",1,8,"Top","186.81","126.65",,,519237,,"160430_213603",,,,,,,"3.2200","1.5500","121","98.7","5.1850","84.4970","853","5.7130",447217,542587,519237,429667,514917,596748,520471,573131,546318,488721,"54.7866","0.583","0.546","0.90",1,1,0,4,60,"5"
"FF","2016-04-30","94.0","2.7001","7.0367","Elvis Araujo",596019,542587,"null","foul",,,,,"11","null","R","R","L","PHI","CLE","S","null","null",1,2,2016,"0.08988333333333333333","1.8727000000000000","-0.1730","3.9930","null","null","null",1,8,"Top","null","null",,,519237,,"160430_213543",,,,,,,"3.2200","1.5500","206","73.4","50.0850","93.3100","2233","5.9650",447217,542587,519237,429667,514917,596748,520471,573131,546318,488721,"54.5339","0.000","0.000","null","null","null","null",3,60,"4"
"FF","2016-04-30","94.0","2.9094","6.8852","Elvis Araujo",596019,542587,"null","called_strike",,,,,"7","null","R","R","L","PHI","CLE","S","null","null",1,1,2016,"0.62289166666666666667","2.0246333333333333","-0.6970","1.8870","null","null","null",1,8,"Top","null","null",,,519237,,"160430_213527",,,,,,,"3.6000","1.5500","null","null","null","92.4600","2279","6.0700",447217,542587,519237,429667,514917,596748,520471,573131,546318,488721,"54.4291","0.000","0.000","null","null","null","null","null",60,"3"
"FF","2016-04-30","93.9","2.6765","6.9986","Elvis Araujo",596019,542587,"null","foul",,,,,"2","null","R","R","L","PHI","CLE","S","null","null",1,0,2016,"0.37100000000000000000","2.0418333333333333","0.1560","3.0340","null","null","null",1,8,"Top","null","null",,,519237,,"160430_213509",,,,,,,"3.2200","1.5500","281","89.1","22.4900","92.9330","2296","6.2480",447217,542587,519237,429667,514917,596748,520471,573131,546318,488721,"54.2511","0.000","0.000","null","null","null","null",3,60,"2"
"FF","2016-04-30","94.2","3.2067","6.8695","Elvis Araujo",596019,542587,"null","ball",,,,,"14","null","R","R","L","PHI","CLE","B","null","null",0,0,2016,"0.75927500000000000000","2.0146000000000000","1.6100","2.4600","null","null","null",1,8,"Top","null","null",,,519237,,"160430_213456",,,,,,,"3.5300","1.5500","null","null","null","93.4790","2274","6.3850",447217,542587,519237,429667,514917,596748,520471,573131,546318,488721,"54.1147","0.000","0.000","null","null","null","null","null",60,"1"
"SL","2016-04-30","87.4","3.1557","6.8912","Elvis Araujo",543401,542587,"strikeout","swinging_strike_blocked",,,,,"13","Jason Kipnis strikes out swinging.","R","L","L","PHI","CLE","S","null","null",1,2,2016,"-0.38606666666666666667","0.72890000000000000000","-1.5680","0.8080","null","null","null",0,8,"Top","null","null",,,519237,,"160430_213418",,,,,,,"3.2700","1.4900","null","null","null","85.5800","null","5.6280",447217,542587,519237,429667,514917,596748,520471,573131,546318,488721,"54.8716","0.000","0.000","0.00",1,0,0,"null",59,"5"
"SL","2016-04-30","89.4","3.2155","6.6873","Elvis Araujo",543401,542587,"null","foul",,,,,"7","null","R","L","L","PHI","CLE","S","null","null",1,2,2016,"-0.15783333333333333333","0.94676666666666666667","-0.5050","2.0140","null","null","null",0,8,"Top","null","null",,,519237,,"160430_213325",,,,,,,"3.2700","1.4900","209","81.0","56.4830","88.2730","null","6.0420",447217,542587,519237,429667,514917,596748,520471,573131,546318,488721,"54.4575","0.000","0.000","null","null","null","null",3,59,"4"
"FF","2016-04-30","94.6","2.8265","6.8799","Elvis Araujo",543401,542587,"null","called_strike",,,,,"4","null","R","L","L","PHI","CLE","S","null","null",1,1,2016,"0.75231666666666666667","2.0275000000000000","-0.5570","2.5440","null","null","null",0,8,"Top","null","null",,,519237,,"160430_213307",,,,,,,"3.5200","1.4900","null","null","null","93.6540","2343","6.3420",447217,542587,519237,429667,514917,596748,520471,573131,546318,488721,"54.1570","0.000","0.000","null","null","null","null","null",59,"3"
"SL","2016-04-30","87.9","3.1988","6.7171","Elvis Araujo",543401,542587,"null","ball",,,,,"13","null","R","L","L","PHI","CLE","B","null","null",0,1,2016,"-0.33875000000000000000","0.95393333333333333333","-0.1280","0.6810","null","null","null",0,8,"Top","null","null",,,519237,,"160430_213249",,,,,,,"3.5200","1.4900","null","null","null","86.5010","2531","5.9290",447217,542587,519237,429667,514917,596748,520471,573131,546318,488721,"54.5704","0.000","0.000","null","null","null","null","null",59,"2"
"FF","2016-04-30","95.1","2.8949","6.8465","Elvis Araujo",543401,542587,"null","called_strike",,,,,"2","null","R","L","L","PHI","CLE","S","null","null",0,0,2016,"0.84695000000000000000","1.9357666666666667","0.0710","2.9480","null","null","null",0,8,"Top","null","null",,,519237,,"160430_213233",,,,,,,"3.4800","1.4900","null","null","null","93.6340","2288","6.3000",447217,542587,519237,429667,514917,596748,520471,573131,546318,488721,"54.1997","0.000","0.000","null","null","null","null","null",59,"1"
"FF","2016-04-29","94.4","3.0797","6.8144","Elvis Araujo",488726,542587,"double","hit_into_play_no_out",,,,,"3","Michael Brantley doubles (1) on a line drive to right fielder Peter Bourjos.","R","L","L","PHI","CLE","X","null","line_drive",3,1,2016,"0.69108333333333333333","1.9357666666666667","0.4430","2.8910","null","null","null",2,8,"Top","195.95","101.73",,,434563,,"160429_212020",,,,,,,"3.4900","1.5100","336","95.6","20.1030","93.5130","2357","6.3680",447202,542587,434563,429667,514917,596748,520471,518953,546318,488721,"54.1315","0.348","0.433","1.25",1,1,1,4,56,"5"
"FF","2016-04-29","94.2","3.0179","6.8343","Elvis Araujo",488726,542587,"null","ball",,,,,"13","null","R","L","L","PHI","CLE","B","null","null",2,1,2016,"0.79406666666666666667","2.0332333333333333","-0.5430","1.4540","null","null","null",2,8,"Top","null","null",,,434563,,"160429_211958",,,,,,,"3.4500","1.6000","null","null","null","93.0270","2314","6.2590",447202,542587,434563,429667,514917,596748,520471,518953,546318,488721,"54.2406","0.000","0.000","null","null","null","null","null",56,"4"
"SL","2016-04-29","85.8","3.2432","6.6531","Elvis Araujo",488726,542587,"null","ball",,,,,"13","null","R","L","L","PHI","CLE","B","null","null",1,1,2016,"-0.42781666666666666667","0.52823333333333333333","-1.1630","2.2380","null","null","null",2,8,"Top","null","null",,,434563,,"160429_211936",,,,,,,"3.4900","1.6000","null","null","null","84.6160","null","5.7210",447202,542587,434563,429667,514917,596748,520471,518953,546318,488721,"54.7788","0.000","0.000","null","null","null","null","null",56,"3"
"FF","2016-04-29","94.1","2.9659","6.7563","Elvis Araujo",488726,542587,"null","foul",,,,,"6","null","R","L","L","PHI","CLE","S","null","null",1,0,2016,"0.90540000000000000000","1.4943000000000000","0.6940","2.7580","null","null","null",2,8,"Top","null","null",,,434563,,"160429_211913",,,,,,,"3.5600","1.6400","null","null","null","93.9170","2351","6.8070",447202,542587,434563,429667,514917,596748,520471,518953,546318,488721,"53.6927","0.000","0.000","null","null","null","null","null",56,"2"
"FF","2016-04-29","95.7","3.0662","6.7847","Elvis Araujo",488726,542587,"null","ball",,,,,"12","null","R","L","L","PHI","CLE","B","null","null",0,0,2016,"0.82050833333333333333","1.7179000000000000","1.1720","3.3590","null","null","null",2,8,"Top","null","null",,,434563,,"160429_211850",,,,,,,"3.5600","1.6400","null","null","null","95.0180","2292","6.4740",447202,542587,434563,429667,514917,596748,520471,518953,546318,488721,"54.0257","0.000","0.000","null","null","null","null","null",56,"1"
"FF","2016-04-29","93.9","3.1493","6.7031","Elvis Araujo",596019,542587,"grounded_into_double_play","hit_into_play",,,,,"6","Francisco Lindor grounds into a double play, second baseman Cesar Hernandez to shortstop Freddy Galvis to first baseman Ryan Howard.   Jason Kipnis out at 2nd.","R","R","L","PHI","CLE","X","4","ground_ball",0,0,2016,"1.0626583333333333","2.0361000000000000","0.5100","2.3070","null","null","543401.00",0,8,"Top","144.17","153.10",,,434563,,"160429_211802",,,,,,,"3.5700","1.5600","13","110.0","-9.5260","93.5820","2360","6.7360",447202,542587,434563,429667,514917,596748,520471,518953,546318,488721,"53.7629","0.338","0.309","0.00",1,0,0,2,55,"1"
"FF","2016-04-29","92.8","3.1516","6.6278","Elvis Araujo",543401,542587,"walk","ball",,,,,"12","Jason Kipnis walks.","R","L","L","PHI","CLE","B","null","null",3,1,2016,"0.85251666666666666667","1.9243000000000000","1.1650","3.0150","null","null","null",0,8,"Top","null","null",,,434563,,"160429_211709",,,,,,,"3.4100","1.5100","null","null","null","92.8520","2256","6.6580",447202,542587,434563,429667,514917,596748,520471,518953,546318,488721,"53.8412","0.000","0.000","0.70",1,0,0,"null",54,"5"
"FF","2016-04-29","92.7","3.1138","6.7257","Elvis Araujo",543401,542587,"null","called_strike",,,,,"4","null","R","L","L","PHI","CLE","S","null","null",3,0,2016,"0.71195833333333333333","1.8268333333333333","-0.2880","2.2640","null","null","null",0,8,"Top","null","null",,,434563,,"160429_211652",,,,,,,"3.3400","1.5100","null","null","null","92.4990","2262","6.7630",447202,542587,434563,429667,514917,596748,520471,518953,546318,488721,"53.7362","0.000","0.000","null","null","null","null","null",54,"4"
"FF","2016-04-29","93.7","2.6603","6.8217","Elvis Araujo",543401,542587,"null","ball",,,,,"13","null","R","L","L","PHI","CLE","B","null","null",2,0,2016,"0.49485833333333333333","2.0690666666666667","-1.6020","1.3620","null","null","null",0,8,"Top","null","null",,,434563,,"160429_211636",,,,,,,"3.3800","1.5100","null","null","null","93.1640","2397","6.7660",447202,542587,434563,429667,514917,596748,520471,518953,546318,488721,"53.7330","0.000","0.000","null","null","null","null","null",54,"3"
"FF","2016-04-29","93.3","3.1058","6.7957","Elvis Araujo",543401,542587,"null","ball",,,,,"3","null","R","L","L","PHI","CLE","B","null","null",1,0,2016,"0.42527500000000000000","2.1178000000000000","0.5650","3.1540","null","null","null",0,8,"Top","null","null",,,434563,,"160429_211619",,,,,,,"3.3800","1.5100","null","null","null","92.1480","2367","6.2840",447202,542587,434563,429667,514917,596748,520471,518953,546318,488721,"54.2153","0.000","0.000","null","null","null","null","null",54,"2"
"SL","2016-04-29","86.2","3.2161","6.7298","Elvis Araujo",543401,542587,"null","ball",,,,,"7","null","R","L","L","PHI","CLE","B","null","null",0,0,2016,"-0.47095833333333333333","0.54686666666666666667","-0.6800","1.4330","null","null","null",0,8,"Top","null","null",,,434563,,"160429_211603",,,,,,,"3.3400","1.5100","null","null","null","84.4160","null","5.7300",447202,542587,434563,429667,514917,596748,520471,518953,546318,488721,"54.7694","0.000","0.000","null","null","null","null","null",54,"1"
"SL","2016-04-28","86.1","3.3262","6.6774","Elvis Araujo",547180,542587,"strikeout","swinging_strike",,,,,"5","Bryce Harper strikes out swinging.","R","L","L","WSH","PHI","S","null","null",0,2,2016,"0.03004166666666666667","0.97830000000000000000","0.0470","2.3500","600474.00","544925.00","543685.00",2,8,"Bot","null","null",,,519237,,"160428_190328",,,,,,,"3.0900","1.5200","null","null","null","84.4270","2561","5.5020",447196,542587,519237,429667,514917,596748,520471,518953,546318,488721,"55.0001","0.000","0.000","0.00",1,0,0,"null",57,"3"
"SL","2016-04-28","85.3","3.2495","6.7531","Elvis Araujo",547180,542587,"null","called_strike",,,,,"5","null","R","L","L","WSH","PHI","S","null","null",0,1,2016,"0.11354166666666666667","1.02273333333333333333","-0.2510","2.1120","600474.00","544925.00","543685.00",2,8,"Bot","null","null",,,519237,,"160428_190301",,,,,,,"2.9100","1.5200","null","null","null","83.9470","null","5.6130",447196,542587,519237,429667,514917,596748,520471,518953,546318,488721,"54.8896","0.000","0.000","null","null","null","null","null",57,"2"
"SL","2016-04-28","84.5","3.1541","6.6526","Elvis Araujo",547180,542587,"null","swinging_strike",,,,,"13","null","R","L","L","WSH","PHI","S","null","null",0,0,2016,"-0.30117500000000000000","0.20716666666666666667","-0.1350","0.6560","600474.00","544925.00","543685.00",2,8,"Bot","null","null",,,519237,,"160428_190234",,,,,,,"3.0900","1.5200","null","null","null","82.8980","2449","5.5340",447196,542587,519237,429667,514917,596748,520471,518953,546318,488721,"54.9681","0.000","0.000","null","null","null","null","null",57,"1"
"FF","2016-04-28","92.6","2.9022","6.7398","Elvis Araujo",543685,542587,"walk","ball",,,,,"13","Anthony Rendon walks.   Matt den Dekker to 2nd.","R","R","L","WSH","PHI","B","null","null",3,2,2016,"0.80937500000000000000","1.8655333333333333","-1.1300","1.3510","600474.00","null","544925.00",2,8,"Bot","null","null",,,519237,,"160428_190058",,,,,,,"3.3500","1.4800","null","null","null","92.1320","2263","6.1820",447196,542587,519237,429667,514917,596748,520471,518953,546318,488721,"54.3204","0.000","0.000","0.70",1,0,0,"null",56,"8"
"SL","2016-04-28","85.0","3.3431","6.8016","Elvis Araujo",543685,542587,"null","foul",,,,,"5","null","R","R","L","WSH","PHI","S","null","null",3,2,2016,"-0.46817500000000000000","0.35336666666666666667","0.2690","2.1050","600474.00","null","544925.00",2,8,"Bot","null","null",,,519237,,"160428_190028",,,,,,,"3.3500","1.4800","239","81.2","38.0190","83.4670","2599","5.4840",447196,542587,519237,429667,514917,596748,520471,518953,546318,488721,"55.0185","0.000","0.000","null","null","null","null",3,56,"7"
"SL","2016-04-28","85.3","3.4343","6.7427","Elvis Araujo",543685,542587,"null","ball",,,,,"13","null","R","R","L","WSH","PHI","B","null","null",2,2,2016,"-0.26777500000000000000","-0.08810000000000000000","-1.9100","0.9130","600474.00","null","544925.00",2,8,"Bot","null","null",,,519237,,"160428_185957",,,,,,,"3.3500","1.4800","null","null","null","83.5780","null","5.6070",447196,542587,519237,429667,514917,596748,520471,518953,546318,488721,"54.8956","0.000","0.000","null","null","null","null","null",56,"6"
"FF","2016-04-28","93.7","3.1254","6.7732","Elvis Araujo",543685,542587,"null","ball",,,,,"12","null","R","R","L","WSH","PHI","B","null","null",1,2,2016,"0.74535833333333333333","1.5057666666666667","2.0250","3.5680","600474.00","null","544925.00",2,8,"Bot","null","null",,,519237,,"160428_185933",,,,,,,"3.3500","1.4800","null","null","null","92.3060","2304","5.7040",447196,542587,519237,429667,514917,596748,520471,518953,546318,488721,"54.7978","0.000","0.000","null","null","null","null","null",56,"5"
"FF","2016-04-28","93.6","3.2957","6.8072","Elvis Araujo",543685,542587,"null","ball",,,,,"14","null","R","R","L","WSH","PHI","B","null","null",0,2,2016,"0.52547500000000000000","1.8469000000000000","1.1220","2.3730","600474.00","null","544925.00",2,8,"Bot","null","null",,,519237,,"160428_185909",,,,,,,"3.3500","1.4800","null","null","null","92.5230","2341","5.7490",447196,542587,519237,429667,514917,596748,520471,518953,546318,488721,"54.7528","0.000","0.000","null","null","null","null","null",56,"4"
"SL","2016-04-28","86.2","3.4358","6.7801","Elvis Araujo",543685,542587,"null","foul",,,,,"13","null","R","R","L","WSH","PHI","S","null","null",0,2,2016,"-0.11469166666666666667","0.35766666666666666667","-1.1510","1.1890","600474.00","null","544925.00",2,8,"Bot","null","null",,,519237,,"160428_185840",,,,,,,"3.3500","1.4800","9","94.0","-12.3920","84.3920","null","5.7050",447196,542587,519237,429667,514917,596748,520471,518953,546318,488721,"54.7975","0.000","0.000","null","null","null","null",2,56,"3"
"SL","2016-04-28","86.5","3.3735","6.5923","Elvis Araujo",543685,542587,"null","foul",,,,,"8","null","R","R","L","WSH","PHI","S","null","null",0,1,2016,"-0.31091666666666666667","0.52680000000000000000","-0.2090","1.8790","600474.00","null","544925.00",2,8,"Bot","null","null",,,519237,,"160428_185801",,,,,,,"3.3500","1.4800","null","null","null","85.3850","2484","5.5570",447196,542587,519237,429667,514917,596748,520471,518953,546318,488721,"54.9452","0.000","0.000","null","null","null","null","null",56,"2"
"SL","2016-04-28","84.9","3.4520","6.6373","Elvis Araujo",543685,542587,"null","called_strike",,,,,"8","null","R","R","L","WSH","PHI","S","null","null",0,0,2016,"-0.18705833333333333333","0.66583333333333333333","-0.0370","1.9200","600474.00","null","544925.00",2,8,"Bot","null","null",,,519237,,"160428_185653",,,,,,,"3.3500","1.4800","null","null","null","83.5660","null","5.5680",447196,542587,519237,429667,514917,596748,520471,518953,546318,488721,"54.9340","0.000","0.000","null","null","null","null","null",56,"1"
"SL","2016-04-23","84.5","3.4619","6.3750","Elvis Araujo",542340,542587,"force_out","hit_into_play",,,,,"5","Jonathan Villar grounds into a force out, shortstop Freddy Galvis to second baseman Cesar Hernandez.   Colin Walsh out at 2nd.","R","R","L","MIL","PHI","X","6","ground_ball",0,1,2016,"-0.38050000000000000000","0.22006666666666666667","-0.0100","2.5920","null","null","595023.00",2,8,"Bot","108.63","144.45",,,434563,,"160423_215246",,,,,,,"3.4400","1.5500","47","91.0","0.1450","83.4580","1291","5.4710",447127,542587,434563,433217,514917,596748,520471,518953,546318,595963,"55.0292","0.370","0.347","0.00",1,0,0,2,79,"2"
"FF","2016-04-23","92.2","3.2903","6.5433","Elvis Araujo",542340,542587,"null","foul",,,,,"9","null","R","R","L","MIL","PHI","S","null","null",0,0,2016,"0.9875083333333333","1.7824000000000000","0.7480","1.9880","null","null","595023.00",2,8,"Bot","null","null",,,434563,,"160423_215204",,,,,,,"3.4400","1.5500","null","null","null","91.3510","2397","6.0430",447127,542587,434563,433217,514917,596748,520471,518953,546318,595963,"54.4572","0.000","0.000","null","null","null","null","null",79,"1"
"FF","2016-04-19","94.3","3.1930","6.7631","Elvis Araujo",493316,542587,"force_out","hit_into_play",,,,,"13","Yoenis Cespedes grounds into a force out, third baseman Maikel Franco to second baseman Andres Blanco.   Curtis Granderson out at 2nd.","R","R","L","PHI","NYM","X","5","ground_ball",2,2,2016,"0.08292500000000000000","1.8669666666666667","-0.4690","1.2790","null","548337.00","434158.00",2,5,"Top","107.62","166.33",,,519237,,"160419_203826",,,,,,,"3.5200","1.6300","11","105.4","-7.5660","92.4940","2181","5.9960",447082,542587,519237,429667,433217,596748,520471,595963,546318,518953,"54.5032","0.334","0.308","0.00",1,0,0,2,38,"5"
"SL","2016-04-19","84.6","3.3616","6.7264","Elvis Araujo",493316,542587,"null","swinging_strike",,,,,"6","null","R","R","L","PHI","NYM","S","null","null",2,1,2016,"-0.43338333333333333333","0.59846666666666666667","0.5780","2.9040","null","548337.00","434158.00",2,5,"Top","null","null",,,519237,,"160419_203803",,,,,,,"3.5200","1.6300","null","null","null","83.2550","825","5.5570",447082,542587,519237,429667,433217,596748,520471,595963,546318,518953,"54.9423","0.000","0.000","null","null","null","null","null",38,"4"
"FF","2016-04-19","93.8","3.0835","6.8160","Elvis Araujo",493316,542587,"null","ball",,,,,"13","null","R","R","L","PHI","NYM","B","null","null",1,1,2016,"0.00360000000000000000","1.8598000000000000","-0.8320","1.1620","null","548337.00","434158.00",2,5,"Top","null","null",,,519237,,"160419_203738",,,,,,,"3.8400","1.8200","null","null","null","92.4220","2169","5.9210",447082,542587,519237,429667,433217,596748,520471,595963,546318,518953,"54.5786","0.000","0.000","null","null","null","null","null",38,"3"
"FF","2016-04-19","94.5","2.9981","6.8144","Elvis Araujo",493316,542587,"null","ball",,,,,"13","null","R","R","L","PHI","NYM","B","null","null",0,1,2016,"0.39605000000000000000","1.7437000000000000","-1.0900","2.4440","null","548337.00","434158.00",2,5,"Top","null","null",,,519237,,"160419_203714",,,,,,,"3.8100","1.7800","null","null","null","93.3370","2232","5.9760",447082,542587,519237,429667,433217,596748,520471,595963,546318,518953,"54.5235","0.000","0.000","null","null","null","null","null",38,"2"
"FF","2016-04-19","93.2","3.3174","6.8069","Elvis Araujo",493316,542587,"null","called_strike",,,,,"8","null","R","R","L","PHI","NYM","S","null","null",0,0,2016,"0.44893333333333333333","1.6333333333333333","0.2320","1.8870","null","548337.00","434158.00",2,5,"Top","null","null",,,519237,,"160419_203653",,,,,,,"3.7700","1.7800","null","null","null","93.2300","2151","6.4740",447082,542587,519237,429667,433217,596748,520471,595963,546318,518953,"54.0251","0.000","0.000","null","null","null","null","null",38,"1"
"FF","2016-04-19","93.7","3.0012","6.8352","Elvis Araujo",624424,542587,"field_out","hit_into_play",,,,,"3","Michael Conforto flies out to center fielder Odubel Herrera.","R","L","L","PHI","NYM","X","8","fly_ball",2,0,2016,"0.10658333333333333333","1.8211000000000000","0.5910","3.2230","null","548337.00","434158.00",1,5,"Top","118.28","97.15",,,519237,,"160419_203607",,,,,,,"3.3700","1.5400","285","86.1","30.7110","93.1380","2115","6.4420",447082,542587,519237,429667,433217,596748,520471,595963,546318,518953,"54.0570","0.031","0.040","0.00",1,0,0,3,37,"3"
"FF","2016-04-19","94.4","2.8615","6.7720","Elvis Araujo",624424,542587,"null","ball",,,,,"11","null","R","L","L","PHI","NYM","B","null","null",1,0,2016,"0.61175833333333333333","1.7222000000000000","-2.0020","2.9570","null","548337.00","434158.00",1,5,"Top","null","null",,,519237,,"160419_203544",,,,,,,"3.6800","1.6500","null","null","null","94.0000","2261","6.6200",447082,542587,519237,429667,433217,596748,520471,595963,546318,518953,"53.8791","0.000","0.000","null","null","null","null","null",37,"2"
"SL","2016-04-19","84.8","3.2217","6.7860","Elvis Araujo",624424,542587,"null","ball",,,,,"3","null","R","L","L","PHI","NYM","B","null","null",0,0,2016,"-0.64213333333333333333","0.30463333333333333333","0.5280","3.7660","null","548337.00","434158.00",1,5,"Top","null","null",,,519237,,"160419_203526",,,,,,,"3.6800","1.7200","null","null","null","83.2070","null","5.4060",447082,542587,519237,429667,433217,596748,520471,595963,546318,518953,"55.0930","0.000","0.000","null","null","null","null","null",37,"1"
"FF","2016-04-18","93.7","3.2123","6.7544","Elvis Araujo",527038,542587,"field_out","hit_into_play",,,,,"9","Wilmer Flores flies out to left fielder David Lough.","R","R","L","PHI","NYM","X","7","fly_ball",1,0,2016,"0.81076666666666666667","2.1851666666666667","0.5710","1.9070","null","null","null",2,9,"Top","82.24","78.84",,,519237,,"160418_214552",,,,,,,"3.5100","1.5500","298","87.1","39.2610","91.8450","2401","6.2760",447067,542587,519237,429667,514917,596748,520471,518953,546318,488721,"54.2239","0.012","0.016","0.00",1,0,0,3,70,"2"
"FF","2016-04-18","93.4","3.2582","6.8212","Elvis Araujo",527038,542587,"null","ball",,,,,"3","null","R","R","L","PHI","NYM","B","null","null",0,0,2016,"0.54356666666666666667","2.0647666666666667","0.7040","3.5850","null","null","null",2,9,"Top","null","null",,,519237,,"160418_214536",,,,,,,"3.8900","1.7600","null","null","null","91.9860","2325","6.2170",447067,542587,519237,429667,514917,596748,520471,518953,546318,488721,"54.2824","0.000","0.000","null","null","null","null","null",70,"1"
"SL","2016-04-18","84.2","3.2338","6.7198","Elvis Araujo",431151,542587,"home_run","hit_into_play_score",,,,,"8","David Wright homers (2) on a fly ball to right field.","R","R","L","PHI","NYM","X","null","fly_ball",2,2,2016,"-0.29978333333333333333","0.53826666666666666667","0.0590","1.7310","null","null","null",2,9,"Top","211.17","73.75",,,519237,,"160418_214443",,,,,,,"3.6000","1.6500","373","105.4","39.2460","82.6860","null","5.6740",447067,542587,519237,429667,514917,596748,520471,518953,546318,488721,"54.8251","0.495","0.972","2.00",1,0,3,6,69,"5"
"SL","2016-04-18","82.1","3.6625","6.8070","Elvis Araujo",431151,542587,"null","ball",,,,,"14","null","R","R","L","PHI","NYM","B","null","null",1,2,2016,"-0.39163333333333333333","0.53826666666666666667","1.5900","2.2490","null","null","null",2,9,"Top","null","null",,,519237,,"160418_214426",,,,,,,"3.6400","1.6500","null","null","null","80.2820","1612","5.5180",447067,542587,519237,429667,514917,596748,520471,518953,546318,488721,"54.9815","0.000","0.000","null","null","null","null","null",69,"4"
"SL","2016-04-18","85.4","3.2969","6.6522","Elvis Araujo",431151,542587,"null","ball",,,,,"13","null","R","R","L","PHI","NYM","B","null","null",0,2,2016,"-0.62543333333333333333","0.74323333333333333333","-0.2460","0.6100","null","null","null",2,9,"Top","null","null",,,519237,,"160418_214406",,,,,,,"3.6400","1.7200","null","null","null","83.6480","2420","5.7970",447067,542587,519237,429667,514917,596748,520471,518953,546318,488721,"54.7019","0.000","0.000","null","null","null","null","null",69,"3"
"SL","2016-04-18","83.6","3.3818","6.8330","Elvis Araujo",431151,542587,"null","foul",,,,,"13","null","R","R","L","PHI","NYM","S","null","null",0,1,2016,"-0.73955000000000000000","0.83353333333333333333","-0.2140","1.2930","null","null","null",2,9,"Top","null","null",,,519237,,"160418_214341",,,,,,,"3.6000","1.6500","null","null","null","81.4160","null","5.5750",447067,542587,519237,429667,514917,596748,520471,518953,546318,488721,"54.9245","0.000","0.000","null","null","null","null","null",69,"2"
"FF","2016-04-18","94.6","3.2225","6.7057","Elvis Araujo",431151,542587,"null","called_strike",,,,,"5","null","R","R","L","PHI","NYM","S","null","null",0,0,2016,"0.17199166666666666667","2.0848333333333333","-0.2670","2.5410","null","null","null",2,9,"Top","null","null",,,519237,,"160418_214323",,,,,,,"3.5600","1.5700","null","null","null","93.2580","2436","6.4580",447067,542587,519237,429667,514917,596748,520471,518953,546318,488721,"54.0419","0.000","0.000","null","null","null","null","null",69,"1"
"FF","2016-04-18","93.2","2.9045","6.8698","Elvis Araujo",434158,542587,"grounded_into_double_play","hit_into_play",,,,,"5","Curtis Granderson grounds into a double play, third baseman Maikel Franco to first baseman Ryan Howard.   Juan Lagares out at 2nd.","R","L","L","PHI","NYM","X","5","ground_ball",1,0,2016,"0.83860000000000000000","1.6634333333333333","0.1810","2.6050","null","null","501571.00",0,9,"Top","136.55","149.03",,,519237,,"160418_214233",,,,,,,"3.1400","1.5500","71","93.4","3.6340","92.0560","2322","6.3750",447067,542587,519237,429667,514917,596748,520471,518953,546318,488721,"54.1241","0.514","0.485","0.00",1,0,0,4,68,"2"
"SL","2016-04-18","85.2","3.0957","6.6449","Elvis Araujo",434158,542587,"null","blocked_ball",,,,,"13","null","R","L","L","PHI","NYM","B","null","null",0,0,2016,"-0.46260833333333333333","0.84786666666666666667","-1.1180","0.2750","null","null","501571.00",0,9,"Top","null","null",,,519237,,"160418_214151",,,,,,,"3.3700","1.7100","null","null","null","83.7950","2499","5.8810",447067,542587,519237,429667,514917,596748,520471,518953,546318,488721,"54.6181","0.000","0.000","null","null","null","null","null",68,"1"
"SL","2016-04-18","86.0","3.4539","6.7712","Elvis Araujo",501571,542587,"single","hit_into_play_no_out",,,,,"7","Juan Lagares singles on a ground ball to center fielder Odubel Herrera.","R","R","L","PHI","NYM","X","null","ground_ball",0,2,2016,"-0.51688333333333333333","0.66153333333333333333","-0.3230","1.7380","null","null","null",0,9,"Top","120.82","99.69",,,519237,,"160418_214113",,,,,,,"3.4600","1.6200","37","82.2","1.1330","84.1590","2619","5.5890",447067,542587,519237,429667,514917,596748,520471,518953,546318,488721,"54.9107","0.267","0.251","0.90",1,1,0,2,67,"3"
"FF","2016-04-18","92.7","3.1770","6.7775","Elvis Araujo",501571,542587,"null","foul",,,,,"7","null","R","R","L","PHI","NYM","S","null","null",0,1,2016,"0.40579166666666666667","1.9415000000000000","-0.5740","2.0850","null","null","null",0,9,"Top","null","null",,,519237,,"160418_214052",,,,,,,"3.4600","1.6200","136","69.2","18.1920","91.8140","2296","6.2470",447067,542587,519237,429667,514917,596748,520471,518953,546318,488721,"54.2524","0.000","0.000","null","null","null","null",4,67,"2"
"FF","2016-04-18","94.2","3.0213","6.8044","Elvis Araujo",501571,542587,"null","called_strike",,,,,"4","null","R","R","L","PHI","NYM","S","null","null",0,0,2016,"0.67855833333333333333","1.8153666666666667","-0.5030","2.7450","null","null","null",0,9,"Top","null","null",,,519237,,"160418_214036",,,,,,,"3.6000","1.7600","null","null","null","93.4200","2263","6.2800",447067,542587,519237,429667,514917,596748,520471,518953,546318,488721,"54.2193","0.000","0.000","null","null","null","null","null",67,"1"
"FF","2016-04-17","93.3","2.7517","6.8168","Elvis Araujo",502517,542587,"field_out","hit_into_play",,,,,"4","Daniel Murphy flies out to center fielder Odubel Herrera.","R","L","L","PHI","WSH","X","8","fly_ball",1,1,2016,"0.86225833333333333333","1.6720333333333333","-0.3560","2.4610","null","543685.00","547180.00",2,8,"Top","134.52","44.76",,,"null",,"160417_160049",,,,,,,"3.2500","1.5400","369","98.5","30.9610","93.1850","2301","6.5850",447051,"null","null","null","null","null","null","null","null","null","53.9143","0.480","0.886","0.00",1,0,0,6,57,"3"
"SL","2016-04-17","82.2","3.3099","6.8325","Elvis Araujo",502517,542587,"null","foul",,,,,"3","null","R","L","L","PHI","WSH","S","null","null",1,0,2016,"-0.33596666666666666667","0.86650000000000000000","0.6210","3.0160","null","543685.00","547180.00",2,8,"Top","null","null",,,"null",,"160417_160009",,,,,,,"3.2500","1.5400","73","55.1","78.5100","80.6900","1277","5.4300",447051,"null","null","null","null","null","null","null","null","null","55.0689","0.000","0.000","null","null","null","null",1,57,"2"
"SL","2016-04-17","84.5","3.3363","6.7011","Elvis Araujo",502517,542587,"null","blocked_ball",,,,,"13","null","R","L","L","PHI","WSH","B","null","null",0,0,2016,"-0.27473333333333333333","0.76616666666666666667","-0.9350","0.7620","null","543685.00","547180.00",2,8,"Top","null","null",,,"null",,"160417_155948",,,,,,,"3.3900","1.8400","null","null","null","82.9180","2555","5.7300",447051,"null","null","null","null","null","null","null","null","null","54.7695","0.000","0.000","null","null","null","null","null",57,"1"
"SL","2016-04-17","86.7","3.2159","6.8641","Elvis Araujo",547180,542587,"walk","ball",,,,,"13","Bryce Harper walks.","R","L","L","PHI","WSH","B","null","null",3,2,2016,"-0.02562500000000000000","0.99406666666666666667","-1.7940","0.9320","null","543685.00","null",2,8,"Top","null","null",,,"null",,"160417_155823",,,,,,,"3.2800","1.8000","null","null","null","84.4290","null","5.6240",447051,"null","null","null","null","null","null","null","null","null","54.8750","0.000","0.000","0.70",1,0,0,"null",56,"8"
"SL","2016-04-17","83.3","3.4355","6.7181","Elvis Araujo",547180,542587,"null","foul",,,,,"12","null","R","L","L","PHI","WSH","S","null","null",3,2,2016,"-0.53080000000000000000","0.70023333333333333333","0.9650","2.3360","null","543685.00","null",2,8,"Top","null","null",,,"null",,"160417_155755",,,,,,,"3.1200","1.5100","301","92.4","38.3710","81.8210","null","5.6360",447051,"null","null","null","null","null","null","null","null","null","54.8630","0.000","0.000","null","null","null","null",3,56,"7"
"FF","2016-04-17","93.1","3.0654","6.8082","Elvis Araujo",547180,542587,"null","foul",,,,,"5","null","R","L","L","PHI","WSH","S","null","null",3,2,2016,"1.0821416666666667","1.6591333333333333","-0.2300","2.5520","null","543685.00","null",2,8,"Top","null","null",,,"null",,"160417_155722",,,,,,,"3.1200","1.5100","274","88.5","48.8280","92.2460","2325","6.4480",447051,"null","null","null","null","null","null","null","null","null","54.0515","0.000","0.000","null","null","null","null",3,56,"6"
"SL","2016-04-17","84.2","3.3671","6.7495","Elvis Araujo",547180,542587,"null","ball",,,,,"14","null","R","L","L","PHI","WSH","B","null","null",2,2,2016,"-0.61708333333333333333","0.82923333333333333333","0.6210","1.3290","null","543685.00","null",2,8,"Top","null","null",,,"null",,"160417_155701",,,,,,,"3.2400","1.7600","null","null","null","81.9580","null","5.3890",447051,"null","null","null","null","null","null","null","null","null","55.1100","0.000","0.000","null","null","null","null","null",56,"5"
"FF","2016-04-17","93.1","2.9817","6.9996","Elvis Araujo",547180,542587,"null","ball",,,,,"11","null","R","L","L","PHI","WSH","B","null","null",1,2,2016,"0.78293333333333333333","2.0160333333333333","-1.8460","3.4030","null","543685.00","null",2,8,"Top","null","null",,,"null",,"160417_155640",,,,,,,"3.2100","1.7300","null","null","null","91.2280","2412","5.9500",447051,"null","null","null","null","null","null","null","null","null","54.5491","0.000","0.000","null","null","null","null","null",56,"4"
"FF","2016-04-17","91.9","3.0300","6.7993","Elvis Araujo",547180,542587,"null","foul",,,,,"12","null","R","L","L","PHI","WSH","S","null","null",1,1,2016,"0.47676666666666666667","1.9286000000000000","0.0490","3.2850","null","543685.00","null",2,8,"Top","null","null",,,"null",,"160417_155613",,,,,,,"3.1200","1.5100","null","null","null","91.2410","2297","6.2050",447051,"null","null","null","null","null","null","null","null","null","54.2948","0.000","0.000","null","null","null","null","null",56,"3"
"FF","2016-04-17","93.6","2.7266","6.7600","Elvis Araujo",547180,542587,"null","ball",,,,,"13","null","R","L","L","PHI","WSH","B","null","null",0,1,2016,"0.77180000000000000000","1.6634333333333333","-2.2680","2.6050","null","543685.00","null",2,8,"Top","null","null",,,"null",,"160417_155555",,,,,,,"3.3900","1.8700","null","null","null","92.3290","2327","6.2550",447051,"null","null","null","null","null","null","null","null","null","54.2444","0.000","0.000","null","null","null","null","null",56,"2"
"SL","2016-04-17","83.1","3.2125","6.8568","Elvis Araujo",547180,542587,"null","called_strike",,,,,"8","null","R","L","L","PHI","WSH","S","null","null",0,0,2016,"-0.28865000000000000000","0.42790000000000000000","-0.1370","2.2780","null","543685.00","null",2,8,"Top","null","null",,,"null",,"160417_155535",,,,,,,"3.8300","1.9100","null","null","null","81.4060","null","5.4870",447051,"null","null","null","null","null","null","null","null","null","55.0127","0.000","0.000","null","null","null","null","null",56,"1"
"FF","2016-04-15","91.5","2.8144","6.8161","Elvis Araujo",572191,542587,"strikeout","called_strike",,,,,"11","Michael Taylor called out on strikes.","R","R","L","PHI","WSH","S","null","null",0,2,2016,"0.74118333333333333333","2.0690666666666667","-1.1660","2.9930","null","null","467092.00",2,9,"Top","null","null",,,434563,,"160415_221128",,,,,,,"3.8600","1.6500","null","null","null","90.5270","2278","6.3340",447021,542587,434563,429667,502034,596748,520471,501986,546318,488721,"54.1653","0.000","0.000","0.00",1,0,0,"null",77,"3"
"FF","2016-04-15","93.9","3.1314","6.7077","Elvis Araujo",572191,542587,"null","called_strike",,,,,"11","null","R","R","L","PHI","WSH","S","null","null",0,1,2016,"1.0932750000000000","1.9716000000000000","-0.9350","3.1020","null","null","467092.00",2,9,"Top","null","null",,,434563,,"160415_221111",,,,,,,"3.4100","1.4900","null","null","null","92.0730","2244","6.0880",447021,542587,434563,429667,502034,596748,520471,501986,546318,488721,"54.4117","0.000","0.000","null","null","null","null","null",77,"2"
"SL","2016-04-15","83.6","3.3466","6.6842","Elvis Araujo",572191,542587,"null","called_strike",,,,,"7","null","R","R","L","PHI","WSH","S","null","null",0,0,2016,"-0.81887500000000000000","0.51103333333333333333","-0.6220","1.7390","null","null","467092.00",2,9,"Top","null","null",,,434563,,"160415_221054",,,,,,,"3.7900","1.4900","null","null","null","82.2930","null","5.7790",447021,542587,434563,429667,502034,596748,520471,501986,546318,488721,"54.7207","0.000","0.000","null","null","null","null","null",77,"1"
"FF","2016-04-15","92.7","3.1559","6.6401","Elvis Araujo",502317,542587,"strikeout","swinging_strike",,,,,"8","Chris Heisey strikes out swinging.","R","R","L","PHI","WSH","S","null","null",3,2,2016,"0.74675000000000000000","2.2826333333333333","0.0360","2.1030","null","null","467092.00",1,9,"Top","null","null",,,434563,,"160415_221026",,,,,,,"3.5900","1.5800","null","null","null","91.9850","2374","6.5470",447021,542587,434563,429667,502034,596748,520471,501986,546318,488721,"53.9527","0.000","0.000","0.00",1,0,0,"null",76,"6"
"FF","2016-04-15","93.2","3.1633","6.6854","Elvis Araujo",502317,542587,"null","swinging_strike",,,,,"14","null","R","R","L","PHI","WSH","S","null","null",3,1,2016,"1.0014250000000000","1.9601333333333333","0.3160","1.2610","null","null","467092.00",1,9,"Top","null","null",,,434563,,"160415_221007",,,,,,,"3.5900","1.5800","null","null","null","92.0510","2338","6.3250",447021,542587,434563,429667,502034,596748,520471,501986,546318,488721,"54.1739","0.000","0.000","null","null","null","null","null",76,"5"
"FF","2016-04-15","92.8","2.8507","6.8576","Elvis Araujo",502317,542587,"null","called_strike",,,,,"6","null","R","R","L","PHI","WSH","S","null","null",3,0,2016,"0.9708083333333333","2.2597000000000000","0.4840","2.2640","null","null","467092.00",1,9,"Top","null","null",,,434563,,"160415_220949",,,,,,,"3.5900","1.5800","null","null","null","91.5690","2248","6.1900",447021,542587,434563,429667,502034,596748,520471,501986,546318,488721,"54.3094","0.000","0.000","null","null","null","null","null",76,"4"
"FF","2016-04-15","92.5","2.9631","6.7088","Elvis Araujo",502317,542587,"null","ball",,,,,"14","null","R","R","L","PHI","WSH","B","null","null",2,0,2016,"0.75231666666666666667","2.0547333333333333","1.0960","1.8860","null","null","467092.00",1,9,"Top","null","null",,,434563,,"160415_220930",,,,,,,"3.5900","1.5800","null","null","null","91.5360","2272","6.2780",447021,542587,434563,429667,502034,596748,520471,501986,546318,488721,"54.2217","0.000","0.000","null","null","null","null","null",76,"3"
"FF","2016-04-15","93.6","2.7344","6.6803","Elvis Araujo",502317,542587,"null","ball",,,,,"13","null","R","R","L","PHI","WSH","B","null","null",1,0,2016,"0.91653333333333333333","2.0705000000000000","-1.1680","1.7140","null","null","467092.00",1,9,"Top","null","null",,,434563,,"160415_220910",,,,,,,"3.5900","1.5800","null","null","null","92.6060","2352","6.3940",447021,542587,434563,429667,502034,596748,520471,501986,546318,488721,"54.1049","0.000","0.000","null","null","null","null","null",76,"2"
"FF","2016-04-15","93.8","3.0776","6.6748","Elvis Araujo",502317,542587,"null","ball",,,,,"3","null","R","R","L","PHI","WSH","B","null","null",0,0,2016,"0.92905833333333333333","2.0561666666666667","0.7580","3.5980","null","null","467092.00",1,9,"Top","null","null",,,434563,,"160415_220851",,,,,,,"3.5900","1.5800","null","null","null","92.8300","2360","6.4560",447021,542587,434563,429667,502034,596748,520471,501986,546318,488721,"54.0434","0.000","0.000","null","null","null","null","null",76,"1"
"FF","2016-04-15","93.2","2.8136","6.8458","Elvis Araujo",457787,542587,"strikeout","swinging_strike",,,,,"11","Danny Espinosa strikes out swinging.","R","R","L","PHI","WSH","S","null","null",0,2,2016,"0.64376666666666666667","2.0905666666666667","-0.8020","3.9920","null","null","467092.00",0,9,"Top","null","null",,,434563,,"160415_220822",,,,,,,"3.6200","1.7100","null","null","null","92.0030","2387","6.3070",447021,542587,434563,429667,502034,596748,520471,501986,546318,488721,"54.1928","0.000","0.000","0.00",1,0,0,"null",75,"3"
"FF","2016-04-15","92.7","2.9592","6.7622","Elvis Araujo",457787,542587,"null","swinging_strike",,,,,"12","null","R","R","L","PHI","WSH","S","null","null",0,1,2016,"0.74535833333333333333","2.3743666666666667","0.3180","4.2420","null","null","467092.00",0,9,"Top","null","null",,,434563,,"160415_220755",,,,,,,"3.6200","1.7100","null","null","null","92.2700","2404","6.6040",447021,542587,434563,429667,502034,596748,520471,501986,546318,488721,"53.8954","0.000","0.000","null","null","null","null","null",75,"2"
"FF","2016-04-15","93.3","2.9139","6.7913","Elvis Araujo",457787,542587,"null","called_strike",,,,,"13","null","R","R","L","PHI","WSH","S","null","null",0,0,2016,"0.69804166666666666667","2.5478000000000000","-0.8940","2.6190","null","null","467092.00",0,9,"Top","null","null",,,434563,,"160415_220735",,,,,,,"3.9700","1.7100","null","null","null","92.3110","2358","6.3930",447021,542587,434563,429667,502034,596748,520471,501986,546318,488721,"54.1068","0.000","0.000","null","null","null","null","null",75,"1"
"FF","2016-04-15","93.2","2.8451","6.7845","Elvis Araujo",467092,542587,"single","hit_into_play_no_out",,,,,"8","Wilson Ramos singles on a line drive to left fielder Cedric Hunter.","R","R","L","PHI","WSH","X","null","line_drive",1,0,2016,"0.47259166666666666667","2.1708333333333333","-0.2590","1.9470","null","null","null",0,9,"Top","95.94","74.77",,,434563,,"160415_220656",,,,,,,"3.4500","1.5000","277","96.8","14.0070","92.2490","2328","6.3990",447021,542587,434563,429667,502034,596748,520471,501986,546318,488721,"54.1000","0.716","0.726","0.90",1,1,0,4,74,"2"
"FF","2016-04-15","93.8","2.9426","6.8343","Elvis Araujo",467092,542587,"null","ball",,,,,"7","null","R","R","L","PHI","WSH","B","null","null",0,0,2016,"0.77040833333333333333","2.1966333333333333","-0.7740","1.6470","null","null","null",0,9,"Top","null","null",,,434563,,"160415_220637",,,,,,,"3.6800","1.5000","null","null","null","92.7220","2336","6.3650",447021,542587,434563,429667,502034,596748,520471,501986,546318,488721,"54.1339","0.000","0.000","null","null","null","null","null",74,"1"